 0.948474724296103311E+01
 0.716583265646059431E+01
 0.179776494272301979E+01
 0.324505116855236464E+01
 0.136115770330550556E+01
 0.113950061028767413E+01
 0.766044180440730194E+00
 0.724886691204806533E+00
 0.742336587318864871E+00
 0.690378083016584876E+00
 0.660821179998217212E+00
 0.833439668458686667E+00
 0.546424833835972401E+00
 0.624463606225356127E+00
 0.564617724159488077E+00
 0.658043329337461236E+00
 0.757603734363860637E+00
 0.632991546509034664E+00
 0.960099590336305320E+00
 0.972509669041584535E+00
 0.171178262146817817E+01
 0.171655860043628383E+01
 0.273232114441093721E+01
 0.266768557115306626E+01
 0.489318068512984627E+01
 0.586732069448305271E+01
 0.116013179902990160E+02
 0.117490723726080226E+02
 0.310767105239441292E+02
 0.296156968861636116E+02
 0.117697897491094238E+03
 0.837850014499323095E+02
 0.133298621123256851E+02
 0.146138863825707546E+02
 0.366052624768580204E+01
 0.280426261140929078E+01
 0.117521683644954966E+01
 0.109226566590731800E+01
 0.668692126108961560E+00
 0.748934717501280933E+00
 0.597220377528457136E+00
 0.458503835695460216E+00
 0.442445137039554293E+00
 0.435374046633778045E+00
 0.374766833081645878E+00
 0.455049564247830440E+00
 0.442414360062136747E+00
 0.363218219271314036E+00
 0.393810662940474787E+00
 0.459874620349398355E+00
 0.609045284040934720E+00
 0.684922246803503665E+00
 0.935994584586126499E+00
 0.918513932473719596E+00
 0.144000649516740120E+01
 0.133135994834025539E+01
 0.199192090054589022E+01
 0.215981356316535411E+01
 0.435024733915793771E+01
 0.402191700242525396E+01
 0.102144801632389886E+02
 0.115185959730023608E+02
 0.366461713469773755E+02
 0.270548552815500294E+02
 0.895563677141172221E+01
 0.101930733054619562E+02
 0.257421830329135348E+01
 0.250608043078811793E+01
 0.892171377383169761E+00
 0.102905586554348427E+01
 0.519883553144274257E+00
 0.488217525798897045E+00
 0.317018282193399503E+00
 0.276944368192619805E+00
 0.216080073068316780E+00
 0.281621104560988322E+00
 0.155478703222748121E+00
 0.162920267287070125E+00
 0.138088143166611693E+00
 0.139064104612486500E+00
 0.140244556963806888E+00
 0.127223487172566901E+00
 0.156104517853092456E+00
 0.161951109068277366E+00
 0.196369507366826901E+00
 0.242430999310575934E+00
 0.324403447162159797E+00
 0.302120955644680389E+00
 0.524054564296204117E+00
 0.552771423241995463E+00
 0.937188782257061148E+00
 0.771948466769866171E+00
 0.193637291107211529E+01
 0.226123171453018346E+01
 0.727583288741941203E+01
 0.000000000000000000E+00
