 0.105732829187575579E+02
 0.115582332290611749E+02
 0.289973091686539508E+01
 0.251536635908571427E+01
 0.105508668999892019E+01
 0.100498158562932627E+01
 0.675612007725986730E+00
 0.665157531133026558E+00
 0.681169591995205437E+00
 0.506974070786610609E+00
 0.485269176306773853E+00
 0.501532850351472881E+00
 0.328818047409954406E+00
 0.539763288766668903E+00
 0.488034717556134923E+00
 0.475327756552404723E+00
 0.547243725992128893E+00
 0.495058871414494117E+00
 0.750888099941829812E+00
 0.794335392277004559E+00
 0.139816555392905051E+01
 0.161199236413234703E+01
 0.256587850832959363E+01
 0.204915363217071045E+01
 0.375864347816201816E+01
 0.518411477341895566E+01
 0.102504306678159480E+02
 0.113736653103622114E+02
 0.300837456130072773E+02
 0.244716390414520077E+02
 0.972545226408475827E+02
 0.764831356032292575E+02
 0.121681641566669345E+02
 0.125134605237503767E+02
 0.313440583137410345E+01
 0.264475315534947075E+01
 0.110836924608061405E+01
 0.614905526000316005E+00
 0.376449151860634101E+00
 0.480520674144670257E+00
 0.383179911034659593E+00
 0.353633390151458005E+00
 0.341247687775610042E+00
 0.338836154379338117E+00
 0.291667713066790402E+00
 0.318071925700164515E+00
 0.309240132324861861E+00
 0.330708745410029592E+00
 0.358563043812659799E+00
 0.390101693718987064E+00
 0.516639941285337856E+00
 0.517769747940666547E+00
 0.707568899092895665E+00
 0.718645919828571067E+00
 0.112666205235629668E+01
 0.110215462854556456E+01
 0.164899420548906495E+01
 0.188599704543339164E+01
 0.379873233897652263E+01
 0.350755522423967880E+01
 0.890815331043802061E+01
 0.907886945688574265E+01
 0.288842326385681396E+02
 0.845840113411527206E+01
 0.279988073991624908E+01
 0.973987832051236424E+01
 0.245976579321355837E+01
 0.269491451604197430E+01
 0.959396819898134190E+00
 0.744313507588064915E+00
 0.376030460478250450E+00
 0.426800443101816862E+00
 0.277137825173553787E+00
 0.234401399020301660E+00
 0.182886807766370063E+00
 0.200268305567252808E+00
 0.110565067539071291E+00
 0.137277554142775648E+00
 0.116353863553563738E+00
 0.944188566439364829E-01
 0.952203356571218185E-01
 0.116254569364393170E+00
 0.142645543697694666E+00
 0.152156981716521589E+00
 0.184493898893275693E+00
 0.203521726463589125E+00
 0.272337901608865063E+00
 0.253947232783654719E+00
 0.440493133442821372E+00
 0.593131781099204058E+00
 0.100561720138519184E+01
 0.737906899738310029E+00
 0.185098227803390980E+01
 0.197497919348686546E+01
 0.635477491121531557E+01
 0.000000000000000000E+00
