 0.511998906329037418E+01
 0.423391572384467541E+01
 0.286699224617166415E+01
 0.457744791658167216E+01
 0.533232932905177659E+01
 0.265161610186078134E+01
 0.212695813536508904E+01
 0.240587200461034767E+01
 0.260550567325658422E+01
 0.217557844126876093E+00
 0.132865349022711215E+00
 0.139810293743734571E+01
-0.513499817132736180E+00
 0.295363793995844715E+01
-0.566535553668013128E-01
-0.346286960379893136E-01
 0.125671449718994865E+01
 0.225145645087904883E+00
 0.431972308851017950E+00
-0.581194168780142378E-01
-0.407248060204153037E-01
 0.772841170228008467E+00
 0.221276062201846396E+00
 0.784162587179637716E+00
 0.293373826868856324E+00
 0.239524721525523038E+00
 0.390722293866389736E+00
-0.244837528007733868E+00
 0.593283755692801118E+00
 0.936764124361417067E-01
 0.959650840095361973E-01
 0.617966085981154545E+00
 0.146013197575996595E+00
 0.888590645647826860E+00
 0.167463014863697690E-01
 0.214155435744033396E-01
 0.931882502248998046E+00
-0.123332897074745623E+00
 0.749480984475469403E+00
-0.472240953865898858E-01
-0.646289174947582007E-01
 0.821944313112132563E+00
 0.236273102941992857E+00
 0.169697480076978335E+01
 0.184233797325737775E+00
 0.265297848983296614E+00
 0.154632895247373847E+01
 0.944839563919918191E+00
 0.228149986281903250E+00
-0.969526930914100943E-01
-0.156330165327777937E+00
 0.212661407955009762E+01
-0.567479092858993672E+00
 0.190514614420707384E+01
-0.659593917866743151E+00
-0.117793661919499071E+01
 0.206478356828654874E+01
 0.238170751797829627E+01
 0.373106280480135721E+01
 0.197287314556974480E+01
 0.400708790192568287E+01
 0.265830273222629199E+01
 0.307315059757286513E+00
 0.160063138781372487E+02
 0.123917534718732569E+01
 0.297331451533912805E+01
 0.150675569560548439E+02
 0.141761351480695126E+02
-0.404868160316374348E+00
 0.677397701251625506E+01
 0.182248635340499661E+02
 0.488654402234141045E+02
 0.837068557945021041E+01
 0.659382968066519637E+00
 0.174898968412917242E+02
 0.579639936249616454E+02
-0.135889936132984523E+02
 0.759263310923461177E+02
 0.197103665482844917E+03
-0.104329305220775325E+03
-0.407237244805444654E+01
 0.707556855928027240E+01
 0.121836579759936292E+01
 0.684956327404847620E+01
 0.307549039393113643E+01
 0.135027850985843156E+01
 0.293812489561288714E+01
 0.197117356027744450E+01
 0.178706233693818506E+01
-0.513344075492282115E+00
-0.268043090359814162E+00
 0.962334717609077517E+00
 0.571099553676111191E-01
 0.321156209405920068E+01
 0.633546483804852678E+00
 0.417430629175360779E+00
-0.614665116119159527E+00
-0.411875127920329903E-01
 0.119481744176325511E+01
 0.638784005423355394E-01
 0.506348128183301965E-01
 0.502409791717064125E+00
-0.183762586973840111E-01
 0.898044003138534719E+00
-0.255367871378163165E-02
-0.195335190531023420E-02
 0.571716905698925304E+00
 0.113521417171970174E+00
 0.558212693502296520E+00
 0.244727323158623403E-01
 0.191419241904038986E-01
 0.439698468820057142E+00
 0.107383848474286878E+00
 0.670922457458871913E+00
-0.280127858063903112E+00
-0.274309340039850802E+00
 0.293460056919899570E+00
 0.781314663065085929E-01
 0.546695763262862733E+00
-0.386896947541493230E-01
-0.409548658994129886E-01
 0.129552122471639330E+00
-0.265322280947588252E+00
 0.798768373643894969E+00
 0.215826551149470747E+00
 0.251286986904224741E+00
 0.843642648647308924E-01
 0.584973949562710427E+00
 0.696549854846838845E+00
 0.215185364690780506E+00
 0.309751693946742568E+00
 0.436827032617965516E+00
 0.453421673716168372E+00
-0.945541455948041620E+00
 0.231307038947195259E+00
 0.390138452832591409E+00
 0.822213532529930236E+00
 0.624915416943801483E+00
 0.161759534951944972E+01
 0.507904553381198998E+00
 0.900153186434952901E+00
 0.539342014096379829E+00
 0.151402814208885812E-01
 0.417688001280930887E+01
 0.310124361813729099E+00
 0.664379352615578900E+00
 0.261710912643659066E+01
 0.132660894662904627E+01
 0.588800010042147637E+01
 0.383571540947770462E+00
 0.947164660657174307E+00
 0.102104691906153526E+02
-0.661942977372733132E+01
 0.740068907704085710E+01
 0.206130867642596227E+01
 0.585943212227749211E+01
 0.282495722994801319E+02
-0.594983391592020627E+01
 0.795513868394911849E+01
 0.475539120884305433E+01
 0.789181975763056376E+00
 0.637780636222794861E+01
-0.470381476776368590E+01
 0.416105402378830913E+01
 0.223624829119193791E+01
 0.773375071637728895E+00
 0.134811301336916212E+01
-0.581454200641826402E+00
 0.446715481251794255E+01
-0.254850371325558378E+00
-0.108136994950603235E+00
 0.108031946461708284E+01
 0.268187480025434410E+00
-0.143189109986167299E-02
 0.600591539522066439E-01
 0.307465783058435728E-01
 0.527870495934734230E+00
-0.223345181042832852E+00
-0.399820521896660008E+00
 0.272818959923216758E-02
 0.149384354262832803E-02
 0.359555466757470576E+00
 0.704878285317646208E-01
 0.220818698859758022E+00
 0.543713536093232766E-01
 0.359671917085276627E-01
 0.214967254523743545E+00
 0.390239509750667304E-01
-0.226756672507655521E+00
 0.123834355574279648E-01
 0.106334747433430455E-01
 0.205913741356512581E+00
-0.162874635088742156E-01
-0.176375285727840558E+00
 0.230727086759024286E-02
 0.221708834238230077E-02
 0.166335397838497601E+00
 0.490885180449678118E-01
 0.176724700392866696E+00
 0.211265649286561732E-01
 0.221417735369125214E-01
-0.315794582038156704E-01
 0.496328837034078832E-01
 0.317706633365701374E+00
 0.263777570342167422E-01
 0.319053420452660094E-01
 0.170185565287461565E+00
 0.651601175089386170E-01
 0.192748527680383197E+00
-0.217895788919399112E-01
-0.290646231865457280E-01
 0.130264343800275351E+00
 0.227006733441154455E-01
 0.357190747947674747E+00
 0.109102253841964397E+00
 0.157818021588826185E+00
 0.220373223801499568E+00
 0.676002155643063707E-01
-0.444856320447339526E+00
 0.136860639226571823E+00
 0.258620467095085793E+00
 0.223811968188670773E+00
-0.562923044822848107E-01
 0.946384116441408629E+00
 0.197927295055547126E+00
 0.398919050292290522E+00
 0.134794072097233264E+01
 0.168358459479343192E+00
-0.241741413220997431E+00
 0.862713629829426010E+00
 0.193927521115914092E+01
-0.108348994582483829E+00
 0.201838368684956482E+01
-0.602023370929385182E+00
-0.250570162765685334E+00
-0.669903364257974809E+00
 0.130225185921306763E+01
 0.483002274824490563E+01
 0.753401824828707500E+01
 0.855241131513439501E+00
