 0.131179368397087304E+01
-0.231744526819865904E+01
 0.439311964566068092E+01
 0.374203496056239659E+01
 0.653871594863182470E+00
 0.275120444101912831E+00
 0.111270147768987693E+01
 0.114411543419367234E+01
-0.596045440386862779E+01
-0.593813149153360809E+00
-0.360067138559060751E+00
 0.179942142310933820E-01
-0.887236684465016912E+00
 0.383500693121603131E+01
 0.146619615861842634E+00
 0.115802007870220575E+00
 0.700399245577802754E+00
-0.956719017092231248E-02
 0.788489846624150115E+00
 0.496425965737233854E-01
 0.423063988129383436E-01
 0.280915045585832690E+00
 0.321759413874913571E-02
 0.105897313920511005E+01
 0.105399850278935468E-01
 0.902945243579185257E-02
 0.479806159628765216E+00
 0.449694945636533450E-01
 0.283257771442096018E+00
 0.545775938510884157E-01
 0.473909071449903421E-01
-0.107365115797177751E+00
 0.615208142171416950E+00
 0.407989797767999207E+00
-0.359809335903985839E-01
-0.384542899412682049E-01
 0.343657253082756908E+00
-0.421624039287096034E-01
 0.106465603456289770E+01
-0.145251633816023719E-01
-0.204467156310065463E-01
 0.330270778494557785E-01
-0.764145198350258265E-01
 0.240005283243760115E+01
 0.341439671448851775E-01
 0.549642035372450294E-01
 0.292361436374322103E+00
 0.362456707937014788E+00
 0.264329076436783916E+01
 0.146097635250374447E+00
 0.261917703198352114E+00
 0.450775512802447875E+00
-0.335626664169252631E+00
 0.671524438083471686E+01
 0.616751240137634715E+00
 0.120856701619078910E+01
 0.340658892787700562E+00
 0.122583854095763711E+01
 0.780524458663499310E+01
 0.348187462979471452E+00
 0.706181957730735888E+00
 0.541327695842954881E+01
-0.535902860988457852E+00
-0.406219757384118529E+00
-0.878239068461151851E+00
-0.191735403208261324E+01
 0.496955152077261442E+01
 0.622252587452704198E+01
 0.253273171452481591E+02
 0.189290129923058448E+01
 0.473143736176497853E+01
 0.201631013347070613E+02
-0.183394184489321277E+01
 0.821431941028819210E+02
-0.181080690696396545E+02
-0.535006876021020403E+02
 0.802290618112977683E+02
-0.257545015931851822E+02
 0.588861352145367789E+02
 0.467649027710831344E+01
 0.294879912122482934E+00
 0.304423129691975047E+01
 0.246834833403760179E+01
-0.630301589899966652E+00
-0.163951425605766477E+01
-0.614002300159357750E+00
 0.106208547944869913E+01
-0.964086964296718585E+00
 0.710936587074503468E+01
 0.793075660336459154E+00
 0.381723558633085491E+00
 0.202507263470410259E+00
 0.651962801234482359E+00
-0.277988190611844033E+01
 0.332547733372369619E-01
 0.194455560280892420E-01
 0.563336614735374885E+00
 0.167809095669302133E+00
 0.444331987796992844E+00
-0.302767804985357158E-01
-0.210164792368896167E-01
 0.364958929256865738E+00
 0.901904990831873948E-01
 0.723037327626768977E+00
 0.900227546420336727E-01
 0.728387630267462449E-01
-0.225696055359083832E-01
 0.192794229474146667E-02
 0.701574715278591832E+00
-0.579970881632237319E-02
-0.459776002616965346E-02
 0.206684880274918270E+00
-0.104361863618547962E+00
 0.600486528893571569E+00
-0.119763986208186804E-01
-0.987680277748333689E-02
 0.213098123014842683E+00
-0.133391009765707308E+00
 0.555587681787276577E+00
-0.691401646738201313E-03
-0.780269381398427482E-03
 0.700733243328073852E-01
-0.116496621864978483E-01
-0.710193293745996934E+00
 0.706909878153681726E-01
 0.968891852980886537E-01
 0.175923790358890247E+00
 0.960103047581013780E-01
 0.139126893984296984E+01
-0.759306470187850885E-01
-0.110903345066817302E+00
 0.303993828583426828E+00
-0.146004779641596999E+00
 0.142461340934426262E+01
 0.153998882552405236E+00
 0.249020746390425790E+00
-0.164799384734058169E+00
 0.329257725785608746E+00
 0.248411074334078963E+01
 0.364096320330152601E+00
 0.647814993837506514E+00
 0.182777841774814626E+00
-0.103684242766924103E+00
 0.350167773218810030E+01
-0.399075231767207911E-01
-0.805743589322446274E-01
 0.197649904646820773E+01
 0.111081615881693119E+01
 0.403171031307892136E+01
 0.982746618733163713E+00
 0.240783296746363673E+01
 0.442898125814603816E+01
-0.728640496276084981E+01
 0.107029498392679603E+02
-0.413982414726360837E+01
-0.114906472297848694E+02
 0.153980400655613998E+02
-0.395687315415518759E+01
 0.269957552664549318E+02
 0.395862710679893848E+01
 0.678462014344167530E+00
 0.206996422948858694E+01
 0.164542628587939732E+01
-0.142524614108920940E+02
-0.346417534949079287E+00
-0.121956399185718253E+00
 0.103598957301129246E+01
 0.134036498034088097E+00
-0.120883357722062335E+01
 0.338865779891425467E+00
 0.160060240044499230E+00
 0.372936643385507860E+00
 0.117528264081340095E+00
-0.762554084467049753E+00
 0.158308913356378193E-01
 0.102136821225361583E-01
 0.156869609990308218E+00
-0.381054027618138100E-01
 0.797788133447273728E+00
 0.318693212678132888E-02
 0.208792002039484299E-02
 0.182567027521892716E+00
 0.761484934124715502E-03
 0.432099955344751041E+00
 0.110270172601246268E-01
 0.604412173954546085E-02
 0.929530262363430504E-01
 0.471381662721372593E-01
 0.292282044828232779E+00
 0.114836894031787054E+00
 0.797730014369940066E-01
-0.122341676045047993E-01
 0.995014599423500040E-01
-0.132788850729445407E+00
-0.525719663453930435E-02
-0.451730389420211022E-02
 0.617624868264486301E-01
-0.647229487662820263E-01
 0.104569447531326312E+00
-0.528298775948016826E-02
-0.553805714629304960E-02
-0.192567106252602874E-02
-0.111326725416646798E-01
 0.304634885420214052E+00
 0.717438388694609502E-02
 0.907403239114694046E-02
 0.428397760775800704E-01
-0.325318892632366005E-01
 0.351269351408213470E+00
 0.415758353811438511E-01
 0.600668631814647996E-01
 0.206212693707542825E-01
 0.264084252954698215E-01
 0.486958775874375305E+00
 0.820829829928083760E-01
 0.119108468248129387E+00
 0.837587206415355695E-01
 0.206248401424721679E-01
 0.523366768301747332E+00
-0.254872022959949478E-01
-0.418034875283769258E-01
 0.379422928398609693E+00
 0.240887368074323219E-01
-0.197004447478514838E+00
-0.429807408562585397E-01
-0.814246635451846001E-01
 0.420028902458842279E+00
 0.248175781592327338E+00
 0.168627229476233009E+01
 0.217891426088470258E+00
 0.506894204751604849E+00
 0.233977438687656775E+00
 0.304857584594553588E+00
 0.395945810521312502E+01
 0.772607166891266295E+00
 0.201078342910953278E+01
 0.106960516522177485E+01
-0.168487952685875997E+01
 0.529532265766281274E+01
 0.304264932502225349E+01
