-0.107043333222483348E+02
 0.237912333867906334E+02
-0.111159621532207318E+02
-0.612278827288401857E+02
-0.598501837986334362E+01
-0.146804392066795608E+01
 0.108372835892718644E+02
 0.366262164445423366E+00
-0.330065598356622036E+01
-0.669264452615094596E+00
-0.239237028313623173E+00
 0.398103716913181893E+01
-0.102478545689470235E+01
 0.468150025320363383E+01
 0.542499862325716009E-01
 0.249231210568577229E-01
 0.293293424625814936E+01
-0.163496802643298939E+00
 0.152143315660094713E+01
 0.944012382816163259E-01
 0.601641934428385761E-01
 0.103238854443308004E+01
 0.122271413350082458E+00
 0.877379048826992108E-01
-0.352543933254385114E-01
-0.278604419892962835E-01
 0.362999045790117159E+00
-0.598417814890730496E-01
 0.288196219081694283E+01
 0.267740818788416331E-01
 0.247658652062183078E-01
 0.425637879616544590E+00
 0.459954511715122451E-02
 0.178359718654098609E+01
 0.256690987947322258E-01
 0.282951774485172905E-01
 0.672710951117359124E+00
 0.699172846136952436E-01
 0.104438621370423673E+00
 0.305530477329322092E+00
 0.387029292383107903E+00
 0.692890110964036465E-01
 0.567997457229296288E+00
 0.490326218923208823E+00
 0.459647255395707957E-01
 0.664895931824669717E-01
 0.920672911943481664E+00
 0.460497781972030798E-01
 0.220038383589614250E+01
 0.181481610435901858E+00
 0.296966890254549754E+00
 0.183660462819873999E+00
 0.542482382600597668E+00
 0.465042714746581964E+01
 0.725965632335131117E+00
 0.124744731963842725E+01
 0.229428873525500965E+01
 0.109833995276058460E+01
-0.161751929522795201E+01
 0.349125027890810069E+00
 0.664943452155561165E+00
 0.479170503172317375E+01
-0.246317036258547928E+01
 0.409891454080865003E+01
 0.137867423856647742E+01
 0.313255872071424601E+01
 0.127120928472823103E+02
 0.201183093261586121E+01
 0.524676375581500043E+01
 0.346744515395589703E+01
 0.918874344767167806E+01
 0.228652941455321930E+02
 0.236462676235318492E+01
-0.386505467412569672E+02
 0.119213320903256399E+02
 0.391692934140476936E+02
 0.347226130606491523E+02
 0.396200735441776715E+02
 0.130221400473282557E+03
 0.293985480754081969E+02
 0.549021834369573369E+01
 0.250189115920590552E+02
 0.356908898441711164E+01
 0.273363881650572829E+02
 0.415872470709216824E+01
 0.116456236985848949E+01
 0.836937973286424719E+00
 0.329303266090998825E+01
 0.159683961494141826E+02
-0.292143535064380462E-01
-0.119032910560940858E-01
 0.319611987190016178E+01
-0.154958665972410814E+00
-0.115500349535791136E+01
-0.267644255920420016E+00
-0.133025038471936918E+00
 0.221391496327588672E+00
 0.245555746638706079E+00
 0.209070732551154181E+01
-0.700924614072988700E-01
-0.423902858219694992E-01
 0.124433379799414809E+00
-0.274994702162158877E+00
 0.148871899536923524E+01
-0.161967619719358934E-01
-0.112832064132146314E-01
 0.222617840292581914E+00
-0.279477092791317917E-01
 0.108205046580857234E+01
-0.267240291360874632E-03
-0.225714132475108534E-03
 0.300522704737175850E+00
-0.687528822999397826E-01
 0.452545048127638794E+00
-0.542387857038647853E-02
-0.473800882175926929E-02
 0.331212950792691141E+00
-0.425822707276637610E-01
-0.544976666425566525E+00
 0.556640045772743928E-02
 0.643121082878246944E-02
 0.370050740334696981E+00
 0.138155296390999162E-02
 0.292523763835006223E+00
 0.726063679703138620E-01
 0.987952709472910556E-01
 0.268114180456348883E+00
 0.203999499738502066E+00
 0.651103404414593911E+00
-0.931290924105891010E-01
-0.121221574194430221E+00
 0.214347706068679533E+00
-0.156014051130470982E+00
 0.165135382563788702E+01
-0.186856278718634083E+00
-0.257883125528105550E+00
 0.577220388354894642E+00
 0.406352502538391169E+00
 0.312087841984658110E+00
 0.504448868979159165E-01
 0.879701203387094066E-01
-0.970770482748383290E+00
 0.264489966112449071E+00
 0.300008845663748636E+01
 0.127867185897209024E+00
 0.269140398358942767E+00
 0.342982220389492687E+01
-0.100413790755322219E+01
 0.130076193598792189E+01
 0.140426981844490051E+01
 0.352278664284680643E+01
 0.505760354584645899E+01
-0.355630037009271938E+01
 0.158966595505220312E+02
 0.386417079178285316E+01
 0.111164215311948542E+02
 0.143797100792015780E+02
-0.715490929755809280E+01
 0.257841443566686266E+02
 0.207799782582924131E+02
 0.106784533567297544E+02
 0.185301495243389169E+02
-0.164439934065889615E+01
 0.112287413429547396E+02
-0.122018413424699168E+01
-0.316997713587709562E+00
 0.255243482996913817E+01
-0.135012902123060008E+01
 0.981311321539440407E+01
 0.448388823053957331E+00
 0.134821004154851321E+00
 0.181753023545330850E+01
-0.381013449105180452E-01
 0.117991316611775399E+01
 0.191541653490465036E+00
 0.826045671960652650E-01
 0.409104349639248743E+00
 0.130724938003506097E+00
 0.123088467018300851E+01
-0.465344916949550630E-01
-0.275837309064173794E-01
 0.185157640160322157E+00
-0.119364294566020029E-02
 0.563834906224902843E+00
 0.687342172578311005E-02
 0.440210712046931740E-02
 0.746507473075351952E-01
-0.723350935199223999E-01
 0.529765303212543892E+00
 0.380869948527967073E-01
 0.265992312343390734E-01
 0.854504123513658981E-01
-0.217733219887427804E-01
 0.268636269957620244E+00
 0.608731759320103091E-02
 0.534258110456346975E-02
 0.398032815535833973E-01
 0.250967117490732382E-01
 0.258050089518563841E+00
 0.326101683805756718E-02
 0.367533521773388307E-02
 0.881370076866723612E-01
-0.559544260494155513E-02
 0.256192278013188057E+00
 0.221862393324492903E-01
 0.244640048049661468E-01
 0.829134400203217631E-01
 0.480223468068199585E-01
-0.236035708898299806E+00
 0.453633172756278680E-01
 0.578632723855983452E-01
 0.164520358252289618E-01
 0.172310411395355467E+00
 0.271489389340487164E+00
 0.762306777378663342E-01
 0.993486757755532995E-01
 0.225232832933428134E+00
 0.401955646440475198E-01
-0.901915499769035123E-01
 0.534659895355961839E-01
 0.923451593338363991E-01
 0.492452280475544069E+00
-0.553474946327724843E-01
 0.555347571258474476E-01
 0.255883143413853063E-01
 0.602430840862366035E-01
 0.124535077828763066E+00
 0.751117144079507915E+00
 0.144459372643047956E+01
 0.303409628465267089E+00
 0.708868583632776050E+00
 0.106015572228944732E+01
 0.306491837884574125E+00
 0.143249438439956478E+01
 0.784655537090833799E+00
 0.212434934546497711E+01
 0.333402876981482743E+01
 0.573098355370929458E+00
-0.311650650566470810E+01
 0.000000000000000000E+00
