     48 -    30 -    30 -     1 
rmse=  49.8567meV
  0.411446440320961     
  0.296959673582325     
  0.266578069019571     
  9.637960477024739E-002
  1.903682779603549E-002
  6.511190166820505E-002
 -9.404332385859124E-002
  0.203153397607812     
  0.334292489190595     
 -6.742986109626263E-002
  0.125925345654908     
 -0.161542843982153     
 -2.814354578845211E-002
  6.662487644260083E-002
  0.224419800123930     
  0.101157250238257     
  -1.11873655789427     
   1.36423322535411     
 -0.101583918132617     
  0.584044487775790     
 -0.271268890643320     
  -1.16526454090195     
  0.185657074244102     
 -3.789478132293612E-002
 -3.618337040672438E-002
 -1.096828025607345E-002
 -0.350945956815117     
  0.351128071786838     
  0.194353504241501     
  7.818360432477606E-003
 -0.176161026550986     
  7.262993954846024E-002
  0.689321967752428     
  -1.43011480659311     
 -0.105342885855684     
  0.334909418274769     
  0.496334942673039     
  0.604968436800555     
 -0.209980467072392     
 -0.505658635300878     
  0.262151830398041     
  8.380334705377601E-002
 -0.171535143734204     
  0.147343941690297     
 -8.110088056402062E-002
 -0.153285066937500     
 -0.123919085046316     
 -6.231724202279666E-003
 -0.172683598840412     
  0.469579148525477     
  0.117520401831704     
  0.270735746307204     
 -0.122459677953282     
 -9.894832275959836E-002
  5.536276062127855E-002
  0.837400584538434     
  0.537878788149048     
  0.714190546912338     
  -1.40347644036849     
  1.373656829731894E-002
 -0.790965374031523     
  0.774452614592707     
 -0.664894568878641     
  0.940238600470700     
 -0.148024810439617     
  0.585012033938105     
  0.249988226394114     
 -0.350129854700404     
 -0.650082583571784     
  0.728180943122645     
  0.627914912188243     
 -9.299546540686553E-002
  0.233397765596578     
 -0.159841453719933     
   1.54364850487918     
  5.784704568193255E-002
  0.873265259746085     
 -0.180298120732575     
 -0.108274961494025     
  7.016582045826456E-002
 -0.218118900752659     
 -0.528564232524093     
 -0.696590199605064     
  0.955775369703607     
 -0.611763147566320     
 -0.386631366520398     
 -0.136414743653741     
  0.108911884386491     
 -0.542343323165544     
 -0.214344385141477     
  0.337878196219147     
  0.225367710047205     
 -4.935064415283830E-002
  0.234056517842594     
 -0.159480695134723     
  0.194920461473892     
  4.281822697310737E-002
 -0.138537866699894     
 -0.103524656410597     
  4.613944652473986E-002
  0.225235556904542     
  1.493569530784089E-002
 -0.214915911723217     
  1.510912036138637E-002
 -0.214698955105758     
  0.549844198276518     
  0.831393921205343     
 -0.423744066441234     
  0.168383650175591     
  0.135762664148089     
 -0.329183921336356     
 -0.378638133171254     
 -5.255576793693492E-002
  9.065245751643311E-002
  6.528961348332911E-002
  0.478553845763553     
 -0.219045498084630     
 -0.683538854076608     
  8.292166297661344E-002
  0.206573199254329     
  0.185154899414605     
 -0.582856849019287     
 -0.870408811072186     
  7.098618056265012E-002
  0.399412256321027     
 -0.210615273819726     
  3.655581809464385E-002
  0.171606853636531     
  0.247946774422112     
 -0.309208252688558     
 -5.411268457422481E-002
  7.523942305358447E-002
  1.619187231419784E-002
  0.172432190705065     
  0.324813279544116     
 -0.411699999980789     
 -0.512619771162745     
  9.340295950355472E-002
  9.464939644918573E-002
  0.183859217332505     
 -7.365616047932726E-002
  3.661529422286771E-002
  0.317264988211782     
 -1.418706247556987E-002
  0.659477211686035     
  6.396004181945378E-002
 -0.595176715039903     
   1.54980627150614     
 -0.653348317291189     
  -1.21704020474288     
   1.18911733526274     
  0.815773114216216     
 -0.304729617415300     
  0.102133362841434     
 -8.613378784881148E-002
 -5.128454217932674E-002
 -0.163333022982578     
  0.146170034429686     
  0.347283486309553     
  0.129768376970124     
  -1.13383671379125     
 -0.652097300267186     
  -1.49730331735989     
  0.828111239682773     
  0.866558742003041     
  0.468786514539574     
  -1.73163888328073     
   1.42430142957657     
 -0.664547340346848     
  0.153636530883117     
 -0.278566757554891     
  4.544736302491122E-002
  0.372301640477253     
 -0.253415566868486     
 -4.102506104154987E-002
 -0.118805695334568     
   1.16486755072419     
  0.541424424348153     
 -0.127344951590344     
  -1.38203225702460     
   1.64460786793771     
 -0.221047106076131     
  0.329346068996979     
 -3.558000946987985E-002
  0.312098283294689     
 -0.251938104273684     
 -2.718665957398409E-002
  0.295684276587464     
 -0.101969527837059     
 -0.596757212082185     
  5.569414074701193E-005
  0.108082089619508     
  0.618113781189830     
 -0.527325208471854     
  0.220503964920680     
  0.331743098348576     
 -0.215935078277556     
  0.349133446693173     
  0.195068103474809     
 -4.524035087647947E-002
  3.546977701579056E-002
  0.129557177540347     
  1.141912863250242E-002
 -0.246284473606446     
  0.127434748441985     
  4.742044672990733E-002
  7.691690595048359E-002
 -8.113639920550943E-002
 -9.121670211769926E-003
  -1.60002542417397     
  0.219192768730779     
 -0.433217076260463     
 -0.255940549148760     
 -2.399239806067056E-002
 -0.221928780128628     
  1.177608578893180E-002
  0.147903781090841     
 -6.727336312936871E-002
 -0.766625006640416     
  0.261961139274839     
 -0.273167783225415     
  0.126493596612068     
 -2.654405605997762E-002
 -0.138096164636751     
 -0.215912427769043     
   1.50059428314451     
 -0.621216423408427     
 -9.680557555171246E-002
  2.819259141324180E-002
 -0.291765003492376     
 -9.746087148710372E-002
 -0.534627693444613     
 -0.175268412759842     
 -0.140131588914634     
  0.412645770419466     
  0.155833769207095     
 -0.149291727859796     
  3.057468445107168E-002
 -2.932914750020327E-002
 -5.879794087196581E-002
  3.706295751994110E-002
 -2.615735169628342E-003
 -0.127718476532760     
  0.134213114921052     
 -0.232077636308433     
 -0.132774539491440     
 -0.110321274265800     
 -0.218844984752690     
 -0.867673712073329     
 -0.758513816903690     
  0.218031875170641     
  0.335252028665245     
  0.579212551416882     
 -0.974593572220614     
  0.338854445438782     
 -0.519908535854223     
  0.352053344085288     
 -0.785014121070021     
 -8.060255179620351E-002
 -0.138333033018855     
  0.735799728429383     
 -0.852245637531299     
  0.268330511624751     
  0.384310351041540     
  0.211261786738667     
  0.891992836260394     
  0.195644098333031     
  0.360647712143323     
 -0.214946423395787     
  0.313781771491903     
  3.375169622715524E-002
 -2.980560438347009E-002
 -0.409868114941009     
  0.893446812776054     
  0.153178979334070     
 -0.850934341228251     
   1.00602445866930     
  0.479060026511554     
 -0.627042783234718     
  0.578771227027461     
  0.282399387693025     
  -1.13583598084120     
 -0.325330552171837     
 -0.502889713615263     
  0.243684052002537     
  0.899156105564604     
  0.474172403657654     
 -0.378760249284601     
  0.584780346516721     
 -0.471587545228006     
 -0.537714178854917     
  0.286237895860308     
 -0.162979646551099     
 -0.718639798668330     
  0.775477147512972     
  0.670260800129051     
  0.186175757665264     
  0.749515314314388     
 -0.118745232620531     
 -0.274838605331951     
 -8.454593972799020E-002
  0.358925479154236     
 -7.848497397581181E-002
  0.320491680717734     
 -0.616038398702270     
  0.563589989621545     
  0.116576968271060     
 -0.515005519558542     
  0.299700178270932     
  0.371547050951582     
  -1.01996322605618     
  0.339949168637250     
 -0.337534064932723     
  0.464081129442361     
 -0.408609449265191     
  0.963484488362696     
 -0.763147195272886     
  0.192836410364404     
 -0.351110454259164     
  0.130493097132617     
   1.04949906821499     
 -0.113029254746528     
 -0.561845467565410     
   1.23331329549637     
  0.421648080363764     
  0.801465369553350     
 -0.956711747421724     
  0.222700544279703     
 -0.106697716341134     
 -0.678120785712647     
  0.500329653770430     
  0.186605781001112     
 -0.115206736771449     
 -0.265913047801887     
 -0.444424921137629     
  0.166855810923197     
 -0.462580484151302     
  0.747131910539634     
  -1.68520737391488     
  0.425660917755914     
 -0.254627589084255     
  0.524332856921546     
 -0.462225560933925     
  0.378329944241781     
 -1.241964715383905E-002
 -2.452666490733041E-002
  -1.34649468795177     
  0.296459821683322     
 -0.192255500115749     
 -0.211629888295684     
  0.173706285662010     
  1.541938683753112E-002
  2.729824389916958E-003
 -0.918142664822806     
 -0.157060166183788     
  0.766831273438736     
  -1.11308289864906     
  0.837818414757654     
  4.630089129997651E-002
  0.200442897973991     
 -0.633810293029512     
   1.02952130545088     
  0.465499268334180     
  0.261803344514349     
 -0.271606975517557     
  0.310314933042932     
 -0.130594977217479     
 -6.877658444006791E-003
  1.527584738595773E-002
   1.90692708460994     
 -0.103342288751929     
 -0.361536618083928     
  0.826907207480021     
  0.478649307816461     
 -0.968374089068269     
  0.265710315731535     
  0.446750954894525     
 -0.469129387408485     
  0.400074587314164     
 -0.336922043539392     
  0.277711780136638     
  8.770174374180567E-003
 -0.484920977807133     
  0.162317713175649     
 -0.154962719473424     
 -0.283100212196937     
  0.920321118394044     
  0.118757458332858     
 -0.561652940865894     
 -0.619945232474275     
  0.200135461533105     
  3.518828715798388E-002
  0.119104632398272     
  0.617678214063284     
 -0.223612132439850     
 -2.682910018510877E-002
 -3.073655884473959E-002
 -0.144340268749019     
 -4.563922138050136E-002
 -0.179408515896404     
  0.223663039947567     
   1.00425002484704     
 -2.819452028930863E-002
  0.423659294395823     
 -9.314217755807112E-002
  0.701344669534458     
 -0.394127609038062     
  5.480540363489254E-002
  7.838627507782754E-003
 -0.193476681340836     
 -0.387169992070358     
  1.819164629173373E-002
 -7.583849665925059E-002
  0.160412842639394     
 -5.338728451148503E-002
 -0.113112978712205     
 -7.754939820013146E-002
  -1.27773442306760     
 -0.203203522219824     
  0.210312040181798     
  0.554030439865163     
  1.424448365776204E-002
 -0.146513621184789     
 -0.235568012418434     
 -0.356859299224506     
 -0.305154575865523     
  0.122354147350288     
 -2.912105642263036E-002
  7.150289730810458E-002
  0.155060246267772     
  9.830974368289877E-002
 -6.663284929971734E-002
   1.31621346680241     
  0.994174979237064     
  -1.36483390515559     
 -0.300664031818140     
  0.321360376219006     
 -8.813122838691352E-003
 -0.156211195420863     
 -7.581495086312644E-002
 -0.153819989455627     
 -0.192263472161060     
  0.114925609820841     
  0.300760306469524     
 -0.124323992479719     
 -9.278199540055633E-002
 -0.168364405215235     
 -0.115151002162518     
  -1.09440675517745     
  -1.48269678173821     
  8.866723992992351E-002
 -0.557614296558160     
 -0.177504620812711     
  0.246886442525020     
  9.626563396767000E-002
  5.477162328694431E-002
  5.568867210276346E-002
 -0.140529245667474     
  0.449416852347032     
 -0.334458958853253     
  0.156352415598387     
 -8.913744236857159E-002
  5.987334971701882E-002
  0.146686175086202     
  8.126321829147361E-004
   1.54631530013745     
  0.171994458186059     
  0.155846755712480     
  0.127296648243893     
 -0.185764303853567     
  0.168707355869256     
  0.347152421176278     
  4.065212230313957E-002
  0.118643263836074     
 -0.255229688928555     
 -0.285132035543686     
  0.211707724964936     
 -5.173346997624105E-002
  0.125197319844718     
  9.021472290172463E-003
 -0.364466036049030     
  0.234011357265299     
 -0.526702489331401     
  0.592918889989731     
  -1.36587604254392     
 -0.449629086147860     
  0.360598462002507     
  0.432440115586823     
 -0.241836252676850     
 -0.635245720796470     
 -0.281365799988529     
 -6.653391234037639E-002
  0.281727529429128     
 -0.104892921069534     
  0.127169479029393     
 -5.111667936155059E-002
 -0.170291242847633     
  0.213860471912935     
 -0.110848806630368     
  2.715188778306972E-002
  8.615375325212431E-002
 -0.317992490118544     
  0.294953851039567     
 -0.851616783751690     
  0.143090027786487     
 -5.502674864576241E-002
  0.252221412245451     
 -3.820693084363606E-002
  8.562735209770406E-002
 -0.156130107154973     
  0.271371559637970     
 -0.219826641786407     
  0.178542795691856     
 -0.119479924797116     
 -0.121597030351676     
  0.656418058908464     
 -0.292305961042690     
  0.278577207823127     
 -8.774794426796242E-002
 -0.521799994188879     
  0.669986887591204     
 -4.248327951908477E-002
  0.218559370809125     
  0.154561641996307     
 -0.142459516467405     
 -3.959432350797007E-002
  0.206762748382076     
 -7.052002802192853E-002
 -0.326181635938253     
  0.361117513503740     
 -0.155080436847787     
  0.126184100772440     
  -1.06358064148010     
  -1.32133268727473     
   1.38395012586248     
 -0.173271810454085     
  0.505095120900006     
 -0.228864644032123     
  0.208432070431570     
  0.349183545714706     
 -0.596672221736373     
  0.524488724941849     
 -0.962355061607356     
 -0.292339512747861     
  0.118830187589014     
  0.321403526893741     
  0.179639858669271     
  9.843623356041391E-002
  0.869219563253454     
  0.211077686670696     
  -1.02821035459299     
  0.562543119268382     
 -0.192198749106319     
 -0.680813550126637     
  0.182638477906029     
 -0.157077779413266     
  0.809693928882337     
 -0.323993628671573     
  0.477733806573606     
 -0.557064442396761     
 -0.289073239206440     
 -0.396421317247778     
  7.188860828560141E-002
  0.283168071814825     
  0.694202277228661     
  0.292479449713896     
 -0.221374001883851     
 -0.335175780141224     
  0.342257424551693     
  0.394167519643303     
 -0.680518281135531     
 -0.261711659266862     
  0.173498303267788     
 -0.388668521405813     
 -0.192188071325668     
  0.824154181648198     
 -0.213747154471027     
 -1.614969393533959E-002
 -0.527609950619516     
  0.863186121958361     
  0.120817055679291     
   1.60648141722781     
  -2.35369560257935     
  0.654981217246373     
 -0.466257166024244     
 -0.401862916333436     
 -0.831637885464022     
 -0.358202317895487     
  0.501111364312251     
 -0.106202709222047     
  0.558243891657236     
  0.330809337679239     
  5.911940910060157E-002
 -0.985261193407400     
 -0.112650819016672     
  0.203228588049862     
  -1.44442958198433     
 -0.493772117647347     
  0.388320557238319     
 -0.154082482869814     
 -0.127582342885672     
  0.311110151234237     
  0.489218320649939     
  0.273510844949312     
 -0.468333576519268     
  9.581473088450802E-002
  3.944775456582850E-002
 -0.393530210295569     
  8.137191103399283E-002
  0.743631634113153     
 -0.950188161504811     
 -0.458331092596902     
 -0.628078134174054     
  0.552770147629907     
 -2.041640598909018E-002
   1.10272449625273     
  7.121092017860270E-002
  4.419994672602648E-002
  0.550702463791541     
  0.403396127145266     
 -0.429822171668309     
  0.169316439688350     
  1.314552746106180E-002
 -0.293561071960633     
 -0.102908429464188     
 -0.109451710927796     
  0.221849663471761     
 -0.199704941138542     
 -0.245745976152734     
  -1.75758087463538     
  0.675960266980747     
  0.587905147056238     
  0.394929565132469     
 -0.905336032519611     
 -0.919041228498745     
  0.570294579241819     
 -3.663049561337180E-002
 -0.501478870123874     
  0.255837327117628     
  0.666333645640458     
  0.443428765879039     
 -0.311898000470873     
 -5.842862646978546E-002
 -7.179707043908791E-002
  0.945280625011476     
   1.20246778594314     
  0.158488533681490     
 -0.372764358222731     
 -0.750109087829988     
  0.583803620015532     
  0.977735831804008     
  3.878546572920869E-002
 -0.567742920900065     
  0.372820935570423     
 -0.216724147365112     
 -0.400278159472744     
 -0.387409820532609     
  6.500167755546109E-002
  0.149091455382840     
  0.678441814751744     
 -0.250645643961256     
   1.12524906462965     
  -1.40180968959372     
  0.262282931784852     
   1.11330829757289     
 -0.325876459726116     
  0.387106006572327     
 -0.405570995757796     
  0.301462219160875     
  0.380481017252031     
 -0.160662110618874     
  6.416842455904265E-003
 -0.267533135205610     
   1.03731901553408     
  0.131823834855910     
  0.222229896094007     
  -1.39271223451388     
  9.730667785138544E-002
  0.844177469376331     
  0.747647654655616     
  6.830602397362613E-002
 -0.973668034747396     
   1.12268956886632     
  0.525386292866654     
  0.129121713963235     
  0.140317166843330     
  0.147286544801476     
  8.941295384088910E-002
 -0.733747189703468     
   1.22152994321845     
 -0.330957024030811     
  -1.05959697649457     
 -0.139565919065637     
   1.11699453589653     
 -0.454180343878129     
 -0.408222295268841     
  0.619717533253117     
  7.706843751616838E-002
 -5.466279266544168E-002
 -0.148605463681504     
  0.129190739084588     
 -0.141816616792045     
 -0.297046654843723     
  0.298433224740474     
 -9.888062238839483E-002
 -0.807581571039449     
  0.375317811239339     
  0.257161662623736     
  0.419737891718421     
  -1.22104953963275     
 -0.150205216852641     
   1.05326148465140     
   1.39489235324638     
  0.152870874807985     
 -0.175661408569000     
 -0.300081981854795     
 -5.609231262609318E-002
 -0.210012908172726     
 -0.118892047189707     
  0.228321152754749     
  0.536992487639184     
  0.109009167544666     
 -0.110586655883250     
 -5.182632652379737E-003
 -0.288218194999057     
  -1.19762055766683     
  0.904817678847284     
  5.793008323700866E-002
 -0.152610501333946     
  9.190909639281260E-002
 -0.614652812252226     
  0.245751418269106     
 -4.204197916880930E-002
 -0.145430969930673     
  0.210380004436310     
  8.756278943145196E-002
 -0.385978965917826     
 -0.305360276361835     
  0.598314621544724     
   1.02755844534008     
  0.404648095246538     
 -0.520235188591661     
  5.825283239142769E-002
  6.360443667900380E-003
 -3.783893249133234E-002
  0.192450273686192     
  0.551688507104453     
 -0.358232960036191     
  0.338280550074653     
 -0.135260566159992     
  1.319765748700198E-002
  5.129380466479862E-002
 -0.135932915755102     
  9.589830594432983E-002
 -0.571111454127870     
 -0.113306132878404     
  0.642650125847402     
  0.857761267466493     
 -0.570603716042111     
 -6.905162562966238E-002
  0.286580836830975     
 -0.165048629528848     
  0.100770351948996     
 -0.260352508933963     
  0.190223910156236     
 -0.158619224760301     
 -0.111728067890803     
 -6.636082313625526E-002
  0.555926925264841     
 -0.457296413028378     
  0.791529865445047     
 -0.384769870573156     
   1.09286416763430     
  0.783536947182139     
 -0.268518586101183     
 -0.372645843144300     
  0.176787363209636     
 -0.148083867194984     
 -0.391631628390704     
 -0.326209866071920     
 -0.547875951710993     
   1.07232659432512     
 -0.897304467267954     
  0.138382266208017     
  6.896919168986035E-002
 -0.381497534512565     
  0.284989079928790     
  0.477244933468794     
  0.139588843415988     
 -0.338389463496143     
  9.778877679889249E-002
  0.966963727495389     
  -1.06998524639968     
  0.462112616665351     
  0.669300270800477     
 -0.107984891701219     
  0.601143460890916     
 -0.370445002026859     
  0.795717704733026     
 -0.795892512825343     
 -0.390998509257653     
  0.171800916975494     
 -0.222080862587086     
  -1.13709344970429     
  0.126341639712232     
 -0.207698107854373     
  0.469849443173487     
 -0.489959666906776     
  0.196639017779632     
  0.862595244402092     
 -0.539665545957795     
  0.420136089737159     
 -0.419083481939331     
  -1.06754067618611     
 -0.264601169333669     
  0.914951648275164     
 -0.495251270555590     
  0.331994700029304     
 -0.220024963211601     
  9.141291062158007E-002
 -0.289430071537171     
  0.684451919702037     
 -0.154026266939450     
 -0.688198594606766     
  0.460963266852206     
 -2.571848249089532E-002
 -0.761111148592437     
  0.405203201418359     
 -0.224372008331266     
 -0.307573486659193     
  0.293151233990703     
  0.398055362177617     
  0.552552384230181     
  6.112024478236902E-002
  8.638585549600080E-003
 -0.635723032735815     
 -0.873016129638544     
  0.987623791603379     
 -9.080525205629397E-002
  0.335772616842976     
 -0.264087760118935     
  0.171154094260890     
  0.534682956640712     
 -0.538260650910375     
  0.271989500597472     
  8.110761239650979E-002
  0.129477863982711     
 -0.254338944592695     
 -0.577934313315189     
  0.204400288465538     
  3.902236980668233E-002
 -3.109014613516842E-002
  0.409901913570043     
  -1.35215047569884     
  0.715343092614034     
 -0.625501796835576     
  2.512825354832163E-002
  0.369845470845854     
 -0.104518877614817     
 -0.267191807200346     
  0.272286617235800     
  0.388129700376473     
 -0.237218191459534     
  4.606575727358587E-002
  0.380165893389783     
 -0.127962017986201     
 -0.179278214293074     
  0.206568712887024     
 -0.755691551256227     
 -0.869514021406584     
 -0.317031921139590     
 -3.587193339050981E-002
 -0.529616224902495     
  0.141826222210329     
  0.263375093273115     
 -0.403280357714491     
  0.436210319952779     
 -0.195198239192564     
 -0.763660547756350     
 -0.474030466068274     
  4.260256069340451E-002
 -0.470028687985170     
  3.613164710544983E-002
  0.442908836156169     
  2.457013640342121E-003
  9.755262948397758E-002
  0.501230862858068     
 -2.856802411512118E-002
 -0.331972458973341     
  0.570468281850689     
  2.830273385490924E-002
  0.140942537764745     
 -0.728468673703023     
  0.730675657425586     
 -0.565550476885888     
  0.255920422078399     
 -6.650545673662928E-002
  7.461504238216803E-002
  0.137540731067962     
  0.305739025300899     
  0.685131665423046     
  0.704715764865793     
 -3.560339307085213E-002
   1.12544439409168     
 -0.598313570476302     
 -0.283322871627535     
  0.320969340171441     
  9.696591270906306E-002
 -0.162596852508209     
   1.00035708187089     
  0.781781461101170     
 -0.297545148449768     
 -0.161757661976324     
 -0.207734845941157     
  9.932700872540219E-002
 -8.989753302014477E-003
  0.399558866112197     
 -3.005952283506559E-002
  -2.36027986324605     
 -0.110805235568984     
  0.389735514224693     
 -0.827884688616732     
 -0.116969185849725     
 -9.301817478041459E-002
  0.478887576435642     
 -0.103767880889729     
  0.139613178767770     
 -0.359768118727856     
  0.321823208392691     
 -2.642696498066874E-002
 -0.102225986220940     
 -0.560473868383863     
  0.759345147379149     
 -0.210625884710952     
  0.681771341811497     
  -1.52217132583368     
  0.840270618047961     
 -8.044033377126213E-002
 -4.881893647235621E-002
  1.938782080180349E-002
 -0.546220053362409     
  6.939916518098682E-002
 -7.498265173727492E-002
  0.163956974517426     
 -6.990843987025694E-002
  6.048199685607200E-003
  2.648952125209827E-002
  0.361355662980912     
  -1.00533226946673     
   1.09021969126679     
  0.969473786320940     
 -0.143896123632560     
  0.590270991034764     
 -3.757257038411518E-002
  0.485524081677931     
  0.244023720427694     
 -0.382388679911045     
  0.346412293192592     
  0.426374981026623     
 -0.370001305723076     
  0.958997811111589     
 -0.980313292948820     
 -0.235585055995746     
  0.525485852064669     
 -1.171044568068052E-002
   1.19151401499454     
 -0.465643373324473     
  1.612287268623729E-002
  0.377381780310663     
  0.715095627954823     
 -0.862002054883940     
 -0.406576250956604     
  0.130145879180322     
 -0.202022067408639     
 -0.349035015625161     
 -0.309785595755567     
 -0.219160385552568     
 -0.634638153115880     
 -7.587748862834061E-002
  0.717778637612126     
 -0.546806754984172     
  -1.18628530952986     
 -3.753055811481261E-002
 -0.339047463423409     
 -0.212400555080490     
  0.133671733993808     
  0.237786717198532     
  9.942853181210395E-002
 -0.269807975653192     
  0.547305633113240     
 -0.632603355506931     
  0.241994265237276     
  0.740306550556261     
  0.167436725279088     
 -0.312841493429148     
 -0.445994279829973     
  -1.06954477815811     
  0.448590920670108     
  0.335892941329225     
 -0.822330070366144     
 -0.405650689627277     
 -0.160527862308588     
  0.375323584857987     
  0.610717169553353     
 -0.236504594733596     
  0.531169407166729     
  0.784788732498667     
 -0.213721217837675     
 -0.410216635396036     
  0.119885089695858     
 -3.447388397874201E-002
 -8.458430071252869E-002
  0.568087706584694     
  0.491376189771032     
 -0.341052334190076     
 -0.425401258863016     
 -0.460228196980536     
  5.426539453553269E-002
   1.21108859078690     
 -0.420276744367973     
  0.368508646844630     
  0.343118821381662     
  0.175922763881595     
  0.110458757091131     
  7.494804647642427E-003
  0.309919090089630     
  6.013740226693914E-002
 -0.514744179233458     
  8.201251778779403E-002
 -7.139444682587555E-002
  0.101325917825844     
  0.601555247614813     
 -6.192898407707087E-002
 -0.376795939138904     
 -0.887752384638950     
  0.146262002332930     
  0.368160964814809     
 -0.614893598726811     
  0.706738064856269     
 -0.550068460719993     
  9.371677703243467E-002
 -7.656891344020271E-002
 -0.177929098823118     
 -0.119371706884735     
 -0.290862448733896     
 -0.442618553695401     
  0.158915603383245     
 -0.134211318356812     
 -0.244933485085488     
  0.260955097083404     
 -0.370680531490056     
  0.226107529734004     
 -0.352595897944703     
 -0.468053743604595     
 -3.199942155832002E-002
 -4.005491068854407E-002
 -6.545090224046235E-004
  0.280118179806333     
  1.869633735470972E-002
 -0.219690559525623     
  0.121635375174502     
  0.710013391014475     
  -1.00429638133573     
  0.142887481701983     
 -0.227709847808922     
  0.458424697134293     
 -0.114891982281403     
 -0.356148469366304     
 -0.180803399856195     
 -8.945587864720393E-002
 -0.398356810312636     
 -0.407995075072540     
  0.108814156577581     
 -0.922872273566117     
 -7.444617813331095E-002
 -0.387930380981454     
 -0.632361471932061     
  0.594111517042256     
 -0.181115721721555     
  0.274740608352689     
 -0.368862762015667     
  7.296320790650020E-002
 -0.262717863385128     
  4.942795863087707E-002
 -7.853537498983605E-003
  0.332862460098819     
 -0.352493093010422     
  0.158329390993056     
 -0.345600903596796     
   1.19216662839800     
  0.193741039337424     
 -0.315138035930870     
  0.205600234517673     
 -0.170789817203937     
  0.422131819665788     
  8.412432574116087E-002
 -0.432127152711491     
 -0.150339671952259     
 -3.257641618494804E-002
  0.152156924646278     
  9.348200193960335E-002
  7.363373049825367E-002
  0.379334085840660     
 -0.287547081381530     
 -0.730335960394953     
 -0.147636354147971     
 -8.494282680496759E-002
 -0.473378962899890     
  0.807151547017737     
  0.107227004979214     
  0.307241203246744     
  -1.34513247537287     
 -5.455566266994662E-002
 -0.366913533651329     
  0.251107306097120     
 -0.312498282926351     
 -0.376812757429898     
  0.264469584000396     
 -0.279330727736092     
  0.579525799775672     
  0.207464569520241     
  0.121351657599610     
  0.108520921664861     
  0.119184438603765     
 -0.544244577581250     
   1.17046019970880     
  0.268024173169319     
  0.337608068094445     
 -0.604694980099574     
  0.436014231185942     
 -0.360787367442497     
 -0.706451093879620     
 -0.139833553374810     
  8.937650927560686E-002
  7.408248335888012E-002
 -0.291960040500362     
  0.289572681508694     
  0.154201936201219     
 -7.277096111816157E-004
  0.158902819639695     
  0.703677749814216     
  -1.06302405717856     
  0.974436350828828     
  2.579881779885665E-002
 -5.815803710546462E-004
  0.945933774848684     
 -0.481842528928819     
  3.068050245513656E-002
  9.933088931811790E-002
 -0.998433405886947     
 -0.121631220034213     
 -4.260712425532008E-002
  4.465092490956277E-002
   1.03000942423279     
   1.43452072763521     
  -1.55496054567550     
  0.512459006492136     
  0.470161083671459     
  0.708918178565829     
  -1.15054699013262     
 -0.555676167168310     
  -1.90233854173981     
 -0.205909170661492     
  0.689108196304100     
  0.102597263905000     
 -0.571737385254745     
  0.149342208076880     
 -0.378258383089753     
 -0.368215365332123     
  8.888700196331932E-002
 -0.169285003290025     
  0.558088072443497     
  0.296524644552127     
 -0.555170266219067     
 -4.453639281160229E-002
  0.104340043515466     
 -0.369953139202394     
 -0.986910328589135     
   1.22179824227440     
 -4.971251905652398E-002
  0.950994044056658     
 -0.836016792923917     
   1.73094367435205     
 -0.839404462561494     
 -0.890383553463408     
 -0.359836191314570     
   1.55845724187488     
 -0.679002528750287     
 -0.328624523182125     
 -0.222043437963336     
  0.395480971726700     
 -0.907278719766256     
   1.62252546833968     
   1.40512382678321     
  -1.65011360599876     
 -0.803740347635914     
  0.595492917937306     
 -0.636854087500087     
 -5.735485242874937E-002
  0.268089545890137     
   1.14491504066502     
 -0.780653814665630     
 -0.782298189259729     
   1.05006767390822     
  -1.39132049806656     
  -2.45539795127775     
 -0.760784308181905     
  0.373158081799643     
  0.135787456913687     
 -0.287182225647119     
 -3.051311459723867E-002
  4.872297260591939E-002
 -0.180455947492753     
  9.198719699875918E-002
  0.123382224782802     
  0.218778134892050     
 -0.207558887402593     
 -0.837559114994530     
   1.04530126275375     
  0.289427318153782     
 -0.802942232439402     
 -0.133805421819481     
  0.159925882315849     
  0.147986231587606     
  0.158809851234912     
  9.309748828154021E-002
 -0.148727505370090     
 -3.798651815817169E-002
  2.243258725768107E-002
  3.603139645031353E-002
 -0.103660549008992     
  7.474440642937343E-002
  0.385147961947514     
 -0.514250323599331     
  -1.76068151539080     
   1.38415012905827     
 -0.129499389953960     
   1.85227398267882     
 -0.522890839559073     
  0.335532428014161     
  8.795122414970113E-003
  7.608998301491854E-002
  9.524247397542807E-002
 -7.453403042171088E-002
  4.554724121264748E-002
 -0.144271649650273     
 -0.337079370725909     
  9.517805082756778E-004
   1.00139097448425     
  0.148643057276457     
  9.973467349279884E-002
 -0.300363130808397     
  0.114602677361982     
  -1.37405582025160     
 -0.138109917309450     
 -0.308566001634358     
  6.232834213891932E-004
  0.315173126386150     
 -0.234551838802631     
  0.363757822683803     
  8.479185518270932E-002
 -0.266327218405903     
  0.223188470839533     
  0.458434959326289     
 -0.650868055349635     
 -1.991171533861120E-002
   1.55448911842820     
  0.891059729484999     
 -0.236650863363801     
  0.617981580943477     
  7.192628157088765E-002
  0.581612071973496     
 -6.192705368703102E-002
 -3.129775486885401E-002
 -0.502445959855621     
 -0.654264971898898     
 -0.232878358511098     
  1.937053280876772E-002
 -0.275552935210591     
  0.534261893502506     
 -0.332727796063670     
 -0.468501108155248     
  -1.24302924157071     
   1.55698593575972     
  0.126473487241184     
  0.817498916859175     
  0.630341005531624     
 -0.678135686581241     
  0.429336166630194     
 -0.187438836812881     
  9.524696913386475E-002
 -0.633712491140082     
  0.457380711946504     
 -0.114662103194247     
 -5.796028293606709E-002
 -0.526449056418907     
 -0.412548155870239     
 -0.485747187183440     
 -0.115288139534778     
 -0.280099858425618     
  0.305805476679045     
  0.167220722054662     
 -6.408725340707708E-002
 -0.405623054031596     
 -9.186573082659732E-002
 -0.437947663569793     
 -4.016049107185108E-002
  0.185917895322944     
 -0.441660954952667     
  4.385954139943168E-002
 -0.157364182095977     
  0.262891399393875     
  0.734977156952454     
 -0.163199094825776     
  0.344345411782746     
 -0.423176969391225     
 -3.894431689000641E-002
  0.855845043405568     
  8.499411923380192E-002
 -1.792174659794151E-002
 -0.221710832611791     
  0.431234353033914     
  0.364897945607937     
 -0.364901907690606     
 -0.248133563068228     
  0.283304038484247     
 -0.118989369278889     
 -4.786914424830220E-002
 -0.238757861421376     
  0.383870894460715     
 -0.136984548458343     
 -2.567914401511907E-002
  0.667422403063115     
 -0.937573757900963     
  0.525649074657538     
  0.723291281308668     
 -0.119140347102941     
  0.397556162654543     
 -0.289170577903850     
 -0.201251491705315     
  0.194263589769267     
 -0.321601483647859     
 -0.185630920598838     
  8.320083748210724E-002
   1.50384161329134     
 -0.487967437996569     
 -0.607354529029646     
  0.497684748573047     
  -1.39547899944521     
  -2.15356099807460     
  0.609813263143386     
  0.276353671263358     
 -0.228538898004723     
 -0.201607219000227     
  -1.01511756341469     
 -0.163459765236877     
  4.613193034332443E-002
 -0.413188823024249     
 -9.899250485304811E-002
 -0.604606351663317     
 -0.590081527030530     
 -0.410248870895784     
 -5.194533140240051E-002
   1.36448681349765     
  0.170387683431683     
  0.727686307077064     
  0.159678221404650     
 -0.440735017453505     
  0.184941366378156     
 -0.143194889804155     
  8.812690083941666E-002
  0.324348382382798     
  2.009258991798293E-002
  0.327958979436546     
 -0.164755536170821     
 -7.429401079947823E-002
  0.489747453387194     
  5.051407085532394E-002
  0.218487388683278     
 -0.160161857906563     
   1.74425481938406     
  0.492414204114586     
 -0.238343373888925     
 -0.654004986292719     
  0.356467835478087     
 -0.147359769755591     
  0.208745540853707     
  0.114964676523112     
  0.137099279048929     
  0.385600532157048     
  0.460474384882943     
  0.266297447224467     
 -2.261947308892837E-002
 -0.234489822685040     
 -0.414577338941927     
  0.573837719328475     
 -0.623571420460287     
 -0.214803624358313     
 -0.302481271804472     
  0.101026938669619     
 -0.113580540856592     
  0.397716897489303     
  0.157392483872481     
  4.411083050930377E-002
  8.880726649697886E-002
  7.805897051757277E-002
 -0.132401930901012     
  6.019819292581578E-002
  3.637072391143211E-002
 -3.837251317055125E-002
 -6.306650465657264E-002
 -0.141473413138774     
 -0.144764958877872     
  0.434058565986249     
 -0.325278559884756     
  0.105940666129013     
 -1.023184143349810E-002
 -0.286254075310510     
  0.120555566860992     
 -0.230824003511080     
  0.235602446077273     
 -0.211387983520393     
  0.292203315944115     
 -0.235713299211776     
  0.284963385293906     
  0.124792373516137     
 -0.405547904455121     
  0.184803278543976     
  0.116111442441852     
 -3.056829367383943E-002
  0.295401627460842     
  0.446076873348354     
 -0.285806518076980     
  7.370886446222850E-002
 -3.417073759566409E-002
 -1.153117145512090E-002
 -2.056194834559293E-002
  2.911705468837923E-002
 -2.174884312471760E-002
  0.160123514803117     
 
  0.208856260056284     
  0.697390520033478     
  8.866012384480043E-002
 -1.095058026524971E-002
  0.691145895758527     
 -0.735486551505011     
 -0.292389289769722     
 -0.531872461123785     
   1.15277996995850     
 -0.524375932513656     
 -4.769700832543351E-002
 -0.580665034638234     
  0.608202983115029     
  0.413625543957702     
 -0.270195472720093     
 -0.587132100725484     
  -1.07906974805257     
 -0.120465004009353     
 -0.629161103482402     
  0.222974033266876     
  0.194862049631663     
  0.745791571444156     
  0.623096851448283     
 -0.653827049877315     
 -0.944831808591906     
 -0.366256500244567     
  -1.39373778298574     
 -0.414887941858173     
 -0.120061024939225     
 -0.287310958988445     
 
 -0.394018453617595     
  0.372673007121144     
  0.105271173215253     
 -0.504485843023326     
  0.397031902147051     
   1.99033418771966     
  -2.32853145389651     
  0.936544098525717     
  -1.39500736160055     
 -8.587602585123540E-004
  -1.82745437594868     
 -0.715949869622710     
  -1.13362747804750     
  0.266642403389241     
  0.857645911992578     
  -1.87964313345458     
 -0.655959349005858     
  -1.10879525000044     
 -0.467873934670679     
  0.208717221320859     
   1.11015355641646     
  0.545062395372305     
 -0.840274806054111     
  0.161408033284441     
  9.283515413580909E-002
 -0.899798894218462     
  0.266133905768645     
  0.501538687414079     
  0.416295589460764     
   3.53991156656812     
  -1.50789046573133     
   2.21022916093519     
 -0.912768326488368     
  -1.42978615086259     
 -0.635546547689551     
  0.210179101614269     
   1.37212421548293     
 -0.229688568304781     
  -2.02631823956020     
  0.607520921593325     
  0.840148194700737     
  0.207660986639488     
  0.685449545405996     
 -0.692315652298315     
 -0.505994092064909     
  0.152337907917043     
  -1.29519412992192     
 -0.261172618567859     
 -8.523212018927860E-002
  -1.44320378977728     
  0.704590191113552     
  0.733691417535306     
 -0.159960262838947     
   1.52349222766765     
  0.199995556080869     
  -1.00824345318527     
 -0.693370334021541     
 -0.892931168874034     
 -0.630026753053040     
  -1.00699069305018     
  0.854542479701851     
  3.878361299238693E-003
 -3.935004323224341E-002
  0.483895508521325     
   1.92837629588946     
 -0.996212073513730     
 -0.792055335210688     
  0.686914635011795     
 -0.157804718684865     
  -1.18643669716203     
  -1.32819564696237     
 -0.674654878688636     
 -0.733934711427866     
   1.14161995301166     
  0.178424286925372     
  0.484700903388220     
  0.741037124225307     
 -0.731959827992765     
 -0.732788739553754     
  -1.08937424907240     
 -0.256627174710680     
 -0.244321257456980     
  0.552452373506435     
 -0.472679386803479     
  0.634636743691710     
   1.10529482874835     
 -0.530493991466111     
 -0.177633871469285     
  6.495399447583421E-002
   2.15739709460358     
   1.74123250304582     
   2.64195160313488     
  -1.08916401101461     
 -0.208106141174817     
   2.71143783126899     
  0.490377535307197     
   2.12272777012031     
  -1.09370878064447     
  -1.11988893872459     
   2.66353533316886     
 -0.342322641134586     
 -0.743901135820955     
 -0.423766642769939     
  0.524698588501460     
  0.118094775502938     
   1.95778392849650     
  0.842509040989021     
  0.502980871506786     
   1.00540090175228     
  0.424674613485185     
  0.209417965244117     
  0.561965459855857     
 -0.399362419180448     
  0.624590424833669     
  0.610246071935921     
  0.371379240170588     
  0.207794207040040     
 -0.520309904963115     
  0.376769813216374     
   1.26535468421463     
 -0.443028657569735     
  -1.02176021539671     
   2.35207830200823     
  -3.07345637476363     
  0.415473710181896     
  -1.09504682305345     
 -0.608415541165128     
  0.250597565303684     
 -0.387104708310434     
 -0.990826284204335     
  0.161748334699229     
 -0.953190478989273     
 -0.865515525425006     
   1.13909296888416     
   2.32713045689242     
 -0.223267276129070     
  0.111611979284387     
  0.790964004381070     
  -2.03201138313851     
  0.489062564222555     
   2.00719860180610     
   1.35658706053845     
   1.57835366710946     
 -0.179953894239236     
   1.95571272692344     
  0.751861778041704     
 -0.110609925107957     
 -0.458487323615748     
 -0.231614324448188     
   1.33924981156186     
  -1.27842548598263     
  -1.62700863732139     
   2.53773405756298     
 -3.851564112734173E-002
 -0.984559106264452     
   2.71599195613724     
 -5.839174933832895E-002
  0.731535769214542     
   1.60167339393706     
  -2.98226820979455     
   3.43742176645305     
 -0.841434345028620     
  0.344134879413759     
 -0.227261294387358     
  0.327163626672833     
  0.647913650399689     
  0.938486834640104     
   2.95513934823897     
  -1.23995204398131     
  -1.33952565893543     
  -1.08106255263459     
  -1.73693506900700     
   1.33728277146980     
  -1.49867101090552     
  -1.06555022190681     
  -1.60456603993551     
 -0.185300721141525     
   2.37690776610319     
  -2.70684793900239     
  0.322903642187167     
 -0.150436530501967     
  0.147431320528058     
 -0.132784638309760     
  -1.88498524051543     
 -0.122146764311867     
   3.94924879440326     
  0.659492517993158     
  -1.31465924546628     
 -9.182522261884887E-002
  0.127369211842398     
  -2.29114169469316     
 -0.264115427851596     
  0.232995571925364     
  0.168818160611080     
 -0.105363243260025     
  -1.15562348742316     
   1.00284476082878     
  0.203277309280417     
  -1.91516113251571     
   1.26534597683243     
 -0.593369759978452     
 -0.349626683803646     
   1.33154865521113     
  -1.04444195787320     
  -1.79018235781278     
 -0.923506876455340     
   1.41151399255645     
 -4.848002467098356E-002
 -7.757920801840947E-002
   1.28715557100278     
  0.145349663666398     
 -0.335367761163160     
  0.716301763698149     
 -0.654228082164194     
  0.616487301917731     
  -1.22212654861039     
  -1.67231645281853     
  0.908427606351267     
 -0.879823699298162     
  0.186938538862470     
 -0.869477073351464     
 -0.191234386217020     
 -0.165324551711811     
  0.485815232871822     
 -0.115781949420077     
 -0.915905417068880     
  -1.22939624577553     
 -2.625801890523076E-003
  -1.73481076592108     
  0.195678726542025     
 -0.757803565747900     
 -0.923895618245702     
  -1.14536578464631     
  -1.29049764886865     
  -1.06477080188040     
  0.758984860950732     
  0.986516833409797     
  0.785758977926707     
  0.389418608159771     
  -1.82563013938088     
  0.428528942880930     
  3.766878191526584E-003
   1.73860059044641     
  -1.39991566661921     
   1.77890799487022     
  -1.99024236070061     
  0.484882879576503     
   2.20204481331791     
 -1.660068713612430E-002
   1.39870707709711     
   1.33750125884944     
  0.707915356005870     
   1.32742456927251     
 -0.306549315669297     
  0.667278748055718     
 -0.619749612143405     
 -0.651535670308732     
 -0.249810646273963     
 -0.422467558875723     
 -0.306996134780704     
  0.162127146231844     
  0.143872390747307     
  -2.03319600245306     
  0.522505270619771     
  0.806081373406908     
  0.519379783767506     
   1.07907930450040     
   2.14629685583314     
   1.34549705879606     
  0.108551535525572     
  -1.54673659142791     
 -6.330392928469855E-002
  0.412341020787788     
  0.384942585578407     
  0.830860028644793     
 -0.867446547286699     
  0.516133586519873     
 -0.532045282852422     
   1.98147726956181     
  0.544155506465932     
 -0.902407566272112     
  0.533424413209329     
  0.117751569386711     
 -0.311673648716757     
  -2.03689128140535     
  0.728640742739270     
  -1.08132486299826     
 -0.850126055675287     
 -0.122351177796414     
  -1.74958276170380     
  0.467276865475514     
 -4.769346945107945E-002
  -2.31198828148367     
 -0.341721222996353     
 -0.958589781245161     
 -0.760877496590346     
  -1.00082096270653     
   1.90267004305348     
 -0.306933808188257     
 -0.138413660326732     
  0.979035568499664     
 -1.366121659661072E-002
  0.841917077698598     
  0.805391519937983     
  0.210694200463503     
 -0.554009016491075     
  0.366836555795757     
   1.04376201858398     
 -0.727810446143073     
  0.348664298489958     
   1.56801499980800     
 -0.472344293747089     
 -0.481822210596691     
  0.262620522906663     
 -0.922130760794212     
  0.205334780785385     
 -0.312540582558837     
   1.03055552955393     
  0.802113217972515     
  -1.24812574332284     
  0.135895975326859     
   1.28205363328437     
  0.162403761070305     
  -1.43225437362160     
   1.37604295783322     
 -0.322392534808910     
 -0.430196826661109     
   1.08431149929014     
 -0.474354067069645     
  0.727337358322304     
  -1.05162150232812     
 -1.664650432938466E-002
   2.13303565723248     
   1.92031937081182     
  0.287752885728401     
   1.78133855053152     
   1.03584030738801     
   1.21697304570767     
 -0.661566060816683     
  0.888381684399471     
   1.26250954086609     
 -0.629937242095358     
  0.975331516888751     
 -2.190827239480910E-002
  -2.28993172691369     
  0.846416766778063     
 -3.748205673635498E-002
  0.598574712176377     
  -1.46756248046267     
  0.245572265979854     
  0.263463879270369     
 -0.467812410173672     
 -0.524091536054843     
  8.647504385493761E-002
  -1.44983507199839     
  -1.21738129626867     
  -2.28740407098521     
  0.192889738369989     
 -0.533540579468174     
   2.31832611393805     
  0.879558899465192     
   1.22159559929656     
 -0.757860578203185     
   2.19445081833585     
  0.748544687555725     
 -0.966298010263056     
  -1.31454027582224     
   1.13414217216975     
 -0.898619354080302     
   1.60489125456164     
 -0.409251897352664     
   1.48132684080017     
   1.12362168490137     
 -0.762693088607577     
 -0.326271858911701     
  -1.23957215286326     
  -1.49812717452369     
 -0.316796206127238     
   1.14602091175809     
 -0.474279937963916     
   1.19854972957459     
  0.284556889097759     
  -1.66089689498791     
 -0.950270890708984     
   1.60134058197976     
  -2.21925776577758     
   1.52471137198432     
   1.01505739240146     
  -1.08795642649081     
  -1.47361242041750     
   1.92622389917203     
 -0.804705189789122     
 -0.421500224541000     
   1.02538401102457     
 -0.684836922792431     
  -2.64828443006993     
  0.982802879438657     
  0.198975099748246     
  0.526170594246642     
   1.07316764004170     
 -9.413509352536144E-002
 -0.283355614786970     
 -6.386506405007142E-002
  -1.09145751217858     
 -3.512742168622613E-002
  0.665561080539872     
  -1.58999360643322     
  0.572564479501307     
   1.12811475981980     
   1.58890212702636     
  0.314338777927141     
   1.08888342201840     
  0.188468173251062     
 -0.731307148307590     
   1.67232515998205     
  0.887251679268650     
 -0.998206370228746     
   1.86888998538551     
 -0.388863695591028     
  -1.15077291958828     
  -2.07900073732378     
  -1.00068594561547     
  -1.96315085680912     
 -0.505341124924275     
 -0.121292769078020     
  0.726127848220140     
 -0.333663966655088     
 -0.615606383470507     
   2.33870323484995     
  0.600107815760476     
 -0.822258309252924     
  0.713289251584085     
  0.310862458199084     
 -0.418297016899799     
  0.669860366792865     
  -2.13750116055333     
  0.324913828439620     
  -2.36471295791158     
  0.208222944663709     
   1.08207498405665     
  0.582109970589151     
 -0.221662480706174     
 -0.594436167784423     
  0.950536276530448     
  0.214567728696515     
 -0.167270567531598     
  0.562105552496170     
 -0.230567367637074     
  0.279070236474040     
 -0.262185053565581     
   1.29405532389014     
  0.952465883420073     
   1.36099406918850     
  0.716273182642310     
   1.38856172939078     
 -0.125670863353018     
  5.354936015129461E-002
   1.48373928771023     
  -1.04193980293968     
 -0.665730051187221     
  0.817180106715262     
 -0.829007412703238     
  0.922807171680852     
 -0.418420402309129     
 -0.565356177330542     
   3.91519364303934     
 -0.248138741433418     
   1.89035729003317     
   2.28390844138585     
   1.20291110101630     
 -0.322568910592971     
 -0.635025614536812     
  0.708738580274669     
 -0.302714327413664     
   1.04775135719161     
  -1.73560891560620     
 -0.578260832807740     
   2.94667981567860     
 -0.545917118209935     
   1.68624876427834     
 -0.940970587280496     
 -0.686071041355942     
   1.10017557423916     
 -0.670722475248913     
 -0.495024535879577     
  -1.66454469298058     
   1.17269096450226     
 -0.107020505915830     
 -0.721640157611128     
 -0.597830867527506     
 -0.191272533398279     
  0.322465723627919     
 -0.552960621974385     
  0.474143620175443     
 -0.646517424236521     
 -0.301593130259881     
  0.121982242552758     
 -0.107604529082094     
 -0.118775425297883     
   1.00488938967093     
  0.307830141075873     
 -0.413732140840297     
  0.978975174193703     
   1.00744575352172     
  -2.01993931326464     
  6.045152136385219E-002
 -0.374063712713565     
  0.462632156726697     
  3.939920935725322E-002
 -0.960358868758382     
   2.48110019725116     
  0.187937199839788     
 -0.831088818341289     
 -0.186635537779929     
  0.785253824749646     
  0.854785544646913     
  -2.72852300594421     
 -0.315884785072702     
  0.433901055150157     
   1.41669402241891     
  -1.53133265670347     
  0.116054896547969     
 -0.100106191937711     
 -0.552519892654404     
  0.744008686873631     
  0.463187343143023     
  -1.39649377471542     
 -0.938544770958540     
  0.647301907524082     
  -1.47217770031473     
  0.474557503147349     
 -6.755116267512169E-002
 -0.557334190417461     
   1.12832950445555     
  0.897035527663713     
  -1.07292503301779     
 -0.310586239040321     
  0.154306277893348     
  0.715124659397868     
  -1.25953664639209     
 -0.473868998907556     
 -0.499702193718275     
 -0.657927783211684     
 -0.208713935418544     
 -0.786914368698822     
 -0.297351957671259     
   1.14834987817348     
 -0.585443817044239     
  0.976409334585967     
 -0.519946044644980     
  7.634493028025736E-002
  0.655291945423481     
  0.596984745410145     
 -0.263744783781851     
 -0.156065942279245     
 -0.291351834642041     
 -0.204985013415432     
  0.339344081325687     
  0.448814886106444     
 -0.161419364285217     
 -0.652519517031224     
 -0.722132608693180     
 -0.350108298235471     
  3.256536723721593E-003
  0.798427669679588     
  0.593409498742670     
 -0.927765479109539     
  -1.07234304511914     
 -0.184427494991672     
  -1.28502374270802     
 -0.648361843825613     
   1.14475949549420     
  2.672155965109119E-002
   1.66434977940330     
   2.30851003511801     
   1.37254987696597     
  0.561250814117947     
  -2.01231601864326     
 -0.661550556611008     
   2.99268172474074     
  -1.38813251361646     
  0.258008895564916     
 -0.688795010974216     
  0.787942727877808     
 -0.855306982671918     
  0.430351811423672     
   1.69818440445947     
  -1.72461047602162     
 -1.059728032885956E-002
  0.829789301917690     
 -0.625974646131658     
  -1.97719719011132     
  0.627745447299513     
   1.05240616934400     
 -0.177081934743095     
 -0.687614942741931     
 -0.520632769507673     
  -2.31237614687405     
  1.856818929108367E-002
  -1.05231335575692     
  -2.73643815567772     
  -1.51073536299114     
   1.82350929708658     
  -1.05716139251296     
  6.305384645484536E-003
   1.50892655473195     
   1.19693092138680     
 -0.422678790858715     
   1.68198583800220     
  -1.08574245278977     
  0.185641779996989     
 -0.255417485339322     
  0.297509803904238     
 -0.185029338572564     
   1.34769027473125     
  0.111953017008867     
   1.36681945614584     
   1.52953287762440     
  -1.19714168935162     
  0.337156109001769     
 -0.605937232344742     
  -1.46055626522522     
 -0.226854110519783     
  0.207150740117516     
 -6.346485540025232E-003
  -1.42405030863960     
  0.111375023175517     
 -0.488172339195698     
 -0.706001701573508     
 -0.910210016998874     
 -0.171335237420618     
  0.555332843182782     
  0.478657498823037     
 -0.148943215959414     
  -1.89209741657123     
  0.322056857878248     
  0.990835674018668     
 -0.424295237103778     
   1.43473325154858     
 -0.852980725259351     
 -0.357193860946575     
  0.845919635844393     
  0.251456066842050     
 -0.310284468179723     
  0.909915172841871     
  -1.17620801358917     
   1.20246148853703     
 -0.157019700323036     
   1.32636247162223     
 -9.643458551933684E-002
  -1.89241560558497     
  -1.41439913478535     
  4.326646455047885E-002
  0.797968833915339     
 -0.138621123668379     
   1.22112605765040     
  0.266378213144006     
 -0.309842504816127     
 -0.709457471755059     
  0.246005323190820     
 -0.551539305283861     
 -0.431405169115323     
  0.519045587454168     
 -0.370429649343323     
 -0.184455996730868     
  0.194516357387474     
 -0.131946550563623     
 -0.755106043484270     
   1.55794940643222     
 -0.950720229282678     
 -0.690072641504908     
  1.256770802632013E-002
  0.352047276860798     
  4.961540391548272E-003
  0.977777896862270     
  0.571754136459293     
 -0.221341794392105     
 -0.416567230671166     
 -0.483408829574327     
  0.515843804693089     
  0.519757119861545     
 -5.474816004741719E-002
 -0.365835020113049     
  0.395998179179948     
  0.154790195565137     
  0.378018826418059     
  0.133763310549592     
  0.407853490595959     
 -1.277096627888549E-002
  -1.61979259077962     
 -4.487241870573699E-002
  0.482942992165259     
 -9.425438630240154E-002
  0.299241606583496     
  -1.75143789834162     
 -0.385415382736950     
  0.361011358088603     
 -0.387875731118903     
 -0.158956935855523     
  0.769557938995184     
   1.57824635918714     
  0.501959252670238     
  0.748042451407215     
 -0.420776585546709     
  0.964398904977912     
  0.281490287524368     
 -0.371547871559531     
   1.66247004150392     
   1.24221320588129     
 -0.186205613161076     
  3.393162478648452E-002
  0.510047743453941     
   2.11977036103511     
 -0.281638239826955     
   1.52374574417058     
  0.994499913937138     
 -0.666693659384669     
  -1.23105577250893     
  -1.57278246058290     
  4.115475736884563E-002
  0.946891133659849     
 -0.931397288754727     
 -9.864567409033642E-002
   1.23722963776568     
 -0.180897630101855     
  5.749662679289239E-002
  0.788409887752347     
  0.686733243634728     
  0.471160701716026     
   2.27017407038041     
 -0.449059712443400     
 -0.751037807164612     
 -0.298071384644593     
   1.01179196767835     
  0.640106010274684     
  -1.00350704476448     
  0.482549737449854     
 -0.761506089445924     
 -8.345045341464843E-002
  0.623041093059645     
 -0.950511707911961     
 -8.286518124650938E-002
 -0.467272272733990     
  0.279869319147089     
  0.851856196736499     
  8.048334692709495E-002
  -1.21165298056175     
  0.346743529557806     
  0.861770343679477     
  0.692700619605070     
 -0.158441913172220     
  0.671721065463054     
  0.550488302064539     
 -0.265905256955265     
  -2.20765561769244     
 -0.771341618717226     
 -0.691553144066989     
 -4.721148301917754E-002
 -0.296776510908029     
  -1.28257897906062     
 -2.492652892107412E-002
  8.479928081276783E-002
 -0.665592159559513     
  4.864582697020252E-002
 -0.223513554325409     
  0.748050599729409     
  0.691830483675852     
 -0.967270819332286     
 -0.632663400379567     
  0.969693473683805     
  1.003583594191382E-002
   1.32773372373392     
   1.93743747719663     
  -1.09954968716855     
  0.176671687325075     
  -1.23917091820152     
 -9.359677361003529E-002
   2.57524983427826     
 -0.270840015440366     
  0.415518758337464     
 -0.497238724494039     
  0.359570962349394     
  -1.03270883955361     
  -1.58479744762269     
 -0.415652914826260     
   1.16771425402870     
 -4.153725440330198E-002
  0.439843746201350     
 -0.222995581100102     
  0.334223999899185     
 -0.196420569806595     
  0.331761337081487     
 -3.379819680718387E-003
 -0.406332290679109     
  0.135302778298860     
 -0.827948622476214     
 -0.185285515461491     
 -0.979450174671051     
 -0.650882400081892     
 -0.283173945625311     
  0.889096329426253     
   1.16320137310726     
 -0.454801767222951     
  0.450022364429818     
  -1.99841901431367     
  -2.02580338258416     
  0.905385787103253     
  0.489233110573206     
  0.587031561306372     
  1.802872014432497E-002
 -8.058633350329962E-002
  -3.66503044337218     
  -1.16273212482008     
  0.114960841687060     
   1.43997244212680     
  8.144309339275932E-002
 -0.417871922667668     
  0.623931190076866     
  -2.88288515271571     
  0.950801854390150     
  0.584615523725034     
 -0.665676308420747     
  -1.36008091058781     
 -9.382891104658461E-002
 -0.369849302873729     
 -5.439175368238223E-002
 -0.758776094594390     
   1.12312845528993     
  -1.30130109979414     
  -1.77397972289206     
  0.378786608496120     
  0.968706792709422     
  0.202582755061946     
  -1.83546603792438     
  -1.08681777366798     
  0.345428785464184     
  0.215324382868329     
  0.989038693702868     
  0.706368089234341     
   1.05508116034075     
  -2.91781050707091     
  -1.28709084443024     
  0.884441868757927     
 -0.534616333967576     
 -0.591246757123193     
  0.403433566981985     
  0.289021162321080     
 -0.827116972586898     
   1.92297401327257     
 -0.973626681331957     
 -0.298968334660511     
  0.333213696489816     
  0.629090372205621     
 -0.685910687652252     
  0.518623482740451     
   2.23731725140782     
  8.700723184934475E-002
  0.750904256753375     
  -1.32822133390109     
 -0.786172007226529     
  0.626000088470064     
  0.799189016959778     
  1.557698831746567E-003
 -0.681662012640446     
  0.617108534100734     
  -1.18873756405601     
 -0.677796352010659     
   1.45843353557845     
  0.879926872493727     
  -1.53603390804038     
  -2.20945366937118     
  0.314038847469937     
   1.19770430331762     
   1.42145932067030     
  0.702702207751314     
 -0.157730598736715     
  -2.63176472492839     
  0.852243634806170     
 -0.912521548628636     
 -0.700521940100503     
 -0.599206542952726     
  7.995537188581061E-003
  0.795343260491102     
  0.332689461065763     
 -0.134349134709884     
 -0.876520129861895     
 -0.385810203713020     
  -1.33803406197120     
  -1.14156625342323     
 -0.572706375011470     
  0.751647917470108     
 -0.152414860906140     
  6.223123752649447E-002
  0.193700563118359     
   1.09369115972043     
  -1.14630226107546     
 -0.310645028740325     
   2.09521976822490     
 -0.292195888030990     
  0.901309421681000     
 
   1.03402764338484     
 -0.289153225358829     
  -2.80595911285337     
 -0.251063915846305     
  0.286844901295326     
 -0.382048245201743     
  0.891025249013082     
 -0.257261825650869     
 -0.863942825195391     
  -2.10597948864298     
 -0.485368497716970     
  0.306268359035751     
  0.303549492104130     
 -0.595895776091532     
   1.23487538062563     
  0.369121112139999     
  -1.59429756753118     
 -0.340112828020267     
 -0.551610290971429     
 -0.665665988043945     
   1.21441039403492     
 -0.626406503964432     
 -0.519324970789189     
  3.385221798118287E-003
  -1.72015440758123     
  -1.57091938773950     
  -1.62489515570933     
   4.03160255069836     
  0.275612911477802     
 -0.474479303958361     
 
  0.196845027158789     
  0.215446094080718     
  0.208036245268520     
  0.457057720776072     
 -3.765869574984938E-002
 -0.187251416090490     
  0.147320142902408     
 -5.683171582937646E-002
 -8.335236089583753E-002
 -0.114308260606536     
 -0.741522116643219     
 -8.354311890099170E-002
 -0.595829098185741     
  0.312957037269127     
  0.266739120341962     
  0.290493955972495     
 -0.231901039368352     
 -0.171947614271054     
 -0.687545648402181     
  0.242394035629985     
 -0.444042058368563     
 -0.124555707855026     
  -1.05803247246559     
  0.260855246402989     
  7.889252203752632E-002
 -0.388298871284242     
 -0.686232737886907     
  0.388178183924970     
 -0.261669478695828     
  0.247839343238701     
 
 -5.867917611500750E-002
 
  tansig  tansig 
