     48 -    30 -    30 -     1 
rmse=  52.7287meV
  2.490027143454755E-002
 -0.429675436516670     
  0.175574650948291     
 -0.249549330437664     
 -0.719316062676846     
 -0.215099434457359     
  0.296010282290844     
 -0.141635241830349     
 -0.165306684065473     
 -0.350888096399930     
 -8.296710470209526E-002
 -0.124008219132998     
 -0.387552384626767     
  0.367728559749128     
 -0.143336371239819     
  0.166775126798848     
  0.309092876955421     
  0.662647013704874     
 -0.347478741751328     
 -0.440897784907196     
  0.110075499255417     
 -0.290636401394530     
  0.613263251774562     
  0.321395098983151     
 -7.385394335189482E-002
 -2.304024250056334E-002
  3.033668792559702E-002
 -0.109155383534429     
  7.879999783890604E-002
 -0.347397219397804     
 -9.614826784230165E-002
  0.622381909639279     
 -0.659051198218879     
   1.10420171040174     
 -0.811699321637545     
   1.02056156104015     
 -0.535799069503839     
  0.211008045193826     
 -0.153217122094474     
 -8.187927670997955E-002
 -3.213581339438334E-002
  0.442743711790495     
 -1.689289352954603E-002
 -0.261730571084126     
 -4.802833312169652E-002
 -7.653538685921285E-002
  0.388982242886662     
 -0.248614860075507     
 -7.921707772059668E-003
 -0.656717536959972     
 -2.921085418946610E-002
 -5.437485320201559E-002
 -0.889333198365266     
  0.322975194029679     
  0.203647103413619     
  0.253540960716856     
  0.370530895595254     
  6.548805082013109E-002
 -0.214783935121275     
  0.308796530959530     
  2.866020844617783E-002
  3.451185437850793E-002
 -0.187363738673397     
 -0.481639632937711     
  0.617094764757331     
  0.236400510678425     
 -0.382745068631637     
 -0.397071891921428     
 -3.123940535741590E-002
  0.102378243521105     
 -0.250734437872389     
 -0.123217749455342     
  0.315035474724285     
 -0.223369754038181     
 -0.150116093910164     
 -0.105388783287367     
 -4.954214153556293E-002
  0.449221365730435     
  0.229373411783785     
  9.031324439431383E-002
 -1.678589892799348E-002
  0.518777287378241     
  0.310446542731142     
  0.780078250498472     
 -0.870988633375370     
  5.453542782432746E-002
 -1.387181487471678E-002
 -0.410970830087749     
  1.120009608234887E-002
  3.174525370126949E-002
 -0.264926094539882     
  0.151891479085646     
 -0.224365601989868     
 -0.100475400847068     
 -1.580482884007861E-002
  0.577427849063066     
  2.831529281577994E-002
 -0.581473000372204     
  0.579827327955471     
 -8.856134957853636E-002
  0.620616073012268     
  0.232331711334530     
 -0.242749125233906     
 -0.266619459956988     
  9.551171949175789E-002
 -0.421266490878483     
   1.03097541881479     
 -0.550852763025107     
 -0.778139293090918     
  0.182316158910223     
 -0.231910728397638     
 -0.333960466518214     
  0.357394853300529     
  0.369234679591194     
  0.440530115906648     
 -0.838790998047815     
 -0.228701564147659     
  0.319415636067052     
 -0.158886077813960     
 -0.347846551863824     
  0.624653246921685     
 -0.496755185655130     
  0.641840809551449     
  0.664289808319859     
  8.050181550889332E-002
  0.364162918788635     
  0.232138171694350     
  0.347862917942996     
 -0.715660732126725     
  0.141630819346062     
  0.171809841637175     
 -0.749462307615474     
   1.84058669745568     
 -0.387735378957797     
 -0.210859067495260     
  0.716270711598357     
  0.105972849705148     
  -1.11857616856361     
   1.45527936532232     
 -0.243017112795696     
  0.782254889178332     
 -2.046493316950932E-002
 -8.054762517988986E-002
  0.566174780363812     
  5.350532722900079E-002
 -0.450789633363258     
  0.347163035612214     
 -0.160828235393071     
 -0.368328088348687     
  0.719423048905337     
  0.542478895237815     
 -0.274021761024459     
  0.395971624525778     
 -0.467405793876027     
  0.240052755427379     
  7.528258927063880E-002
 -0.320000142593065     
  0.104508447191635     
 -2.469822213038057E-002
  0.563627808247860     
 -1.075804097041522E-002
  0.193228974580820     
 -0.169364387800528     
 -0.287885559762839     
 -0.397007246732055     
  1.288571856208930E-002
  2.698232165106738E-002
 -0.174014246889919     
 -3.598143811951270E-002
  0.197166078612448     
 -5.449929390213604E-002
 -0.668048714222167     
  0.171620672618355     
 -0.407348574372890     
 -6.931993907371324E-002
 -7.323104056650302E-002
  0.211541347027857     
 -0.703767206042105     
  0.578938137084067     
  0.337502720723561     
 -0.259415044679571     
 -0.258213081352526     
 -0.334549688703415     
  0.222713205198038     
  -1.22478534345119     
  4.137122554563241E-002
  0.356000223070885     
 -0.298298143843309     
  0.286303328204032     
  0.228124785372187     
  7.168843756424892E-002
 -0.701629835288810     
  0.167072798404439     
  1.125170681526492E-002
  0.303206625341536     
  0.335150303737703     
  0.411480523331821     
 -0.797065752052243     
  0.842722908801025     
 -0.280178546993347     
 -5.650827438067416E-002
  0.732809250043987     
 -0.346765622935106     
  0.860243310273064     
  0.115411393354721     
  0.330652647970913     
 -0.213756203288933     
  0.156105494439535     
 -0.268057078365591     
  0.184942351507679     
 -0.688058777441098     
  0.978295314881461     
 -0.229972378520613     
  0.569376020783816     
 -9.522565239044958E-002
  0.471836346054845     
 -2.047399116334144E-002
 -0.915834876123966     
 -0.480429233707174     
  7.882164852121307E-002
 -0.185153562491081     
  0.181633974077412     
  0.165476010648731     
  0.676410006998764     
 -0.142106044170651     
  0.140626718262686     
  -1.25157990218656     
  -1.18735027541833     
  0.584997739402327     
  0.459119696945023     
 -0.275838108321784     
  0.348860380189090     
  1.722426398437650E-002
  4.999588180157089E-002
 -0.384211705411151     
 -0.401083942970640     
 -0.315712363097691     
 -0.749257599232070     
  0.797110787219721     
 -0.228074353806971     
 -0.217094090148638     
   1.05498900921903     
  0.133147067067449     
 -0.719899120674171     
 -0.216895329751658     
 -0.243393208323237     
 -0.723233492677147     
   1.08773259898476     
 -6.110764649779414E-002
  0.403557473921263     
  0.417894666121974     
  0.474179653793316     
 -0.687951753922931     
  0.997375712927516     
 -0.958566676326067     
  0.771391698481777     
 -0.986876858790156     
  0.630728123028434     
 -0.112015856887392     
  -1.00395187753956     
  0.475898464874231     
 -0.750576740138314     
  0.994831822181454     
  9.566832315705845E-002
 -0.188681610360470     
 -0.676950589852311     
  0.216886600979870     
 -0.169719137634189     
 -0.411903898247839     
  -1.48620228419128     
   1.06299505347492     
  0.104983017873622     
 -0.217837574817358     
  0.334905610295168     
  9.420926013880442E-002
  4.224099948168228E-002
   1.02698513964715     
  0.366096962516026     
  0.318500580581467     
  7.063291910394397E-002
   1.01502552940127     
  3.302916259017338E-002
  0.385733694645043     
 -0.771181078832092     
  0.751722470971146     
  0.290785550013465     
  0.491769699373515     
 -0.714629347809992     
 -0.142645149777637     
  0.487511179151765     
   1.10373787229124     
 -0.407436954853710     
   1.21526470077710     
  -1.26747026031812     
   2.35748925534847     
  0.969790801823471     
  -1.43952981931994     
 -0.740367915257735     
  0.844878691658683     
  0.606588052114875     
  5.156632593898183E-002
  0.688621397049435     
  5.451149207263436E-002
  0.543512464474627     
 -0.473010770757026     
 -0.643081328592132     
 -0.977950384839236     
 -0.552765021367627     
   1.12637169372559     
  2.531521014899442E-002
 -0.388792251038911     
   1.27166016609603     
  -1.07223466049449     
 -0.279103792270360     
 -0.560142005672445     
  -1.72547567888816     
  0.846154328244982     
  -1.16845422920977     
 -0.431271898136676     
 -0.287775435213241     
  0.832859250349675     
 -9.738551738159386E-002
  0.108047261522892     
  0.519558266285312     
 -0.277126267848488     
  -1.04755310943120     
 -0.807564567467966     
   1.22866453094046     
  -1.12690494347644     
  6.547057145803693E-002
 -0.138497200895107     
  -1.14338272132632     
  0.260932760251939     
 -0.346794153312291     
  8.209233174070139E-002
 -0.979124471470211     
 -0.298390430551480     
  -1.20265385405128     
  0.539167912639089     
 -0.189984267498291     
 -9.208355635268978E-002
  0.321897621231436     
 -0.465750754110871     
   1.56293366992433     
   1.37911288102581     
  0.537440363358521     
   1.49602159636758     
 -0.261816815602677     
   1.26707675609178     
 -0.388712696106404     
  0.173924937622163     
   2.61569448763280     
   1.47132024038195     
 -0.556391196426825     
   1.07712997730745     
  0.447300973276119     
 -7.284156426602612E-002
 -3.800357820301505E-002
  1.414003895193312E-002
 -0.121302534620450     
 -0.778906880474500     
 -9.772971972392223E-002
  0.199381518495225     
  0.400828585079023     
   1.51331551657229     
  -1.27974813252904     
 -0.172598414151271     
 -0.438239164196435     
 -0.541877136922664     
   1.27559932240457     
  0.253337544830623     
 -0.388030265795612     
  2.547320389389741E-002
 -0.426696038910436     
  -1.45244865455740     
   1.73840587293946     
  6.047523551275120E-002
 -0.608762112551123     
  0.864043127277322     
 -4.706043450925591E-002
 -0.424208783818970     
 -0.510382856357782     
  0.637145993409032     
  -2.48657225811541     
 -0.455257554630702     
  0.993668191455173     
  -1.06983834988909     
 -0.213636013116827     
 -7.970581044963465E-002
  0.549390426456102     
 -8.586236043930458E-002
  0.685386099620390     
 -0.779827934134529     
  0.529967344784531     
  0.457932441228390     
  0.376431584824734     
 -0.655652022540204     
  6.930336049708183E-002
 -0.160672532626690     
  0.266452550277520     
 -0.566509217682655     
  0.392974946706128     
  5.280214502591824E-002
 -0.309378933663273     
  0.259029076896107     
 -0.198608307232198     
  -1.23538840223108     
  0.558301368771490     
 -0.994296461839854     
 -0.508322170930108     
  6.878376745848171E-002
 -0.670803801636590     
 -0.250522250595722     
  0.239381220877213     
  0.450290773351597     
 -0.580823602288069     
 -0.180003834583230     
  0.449367916793214     
  0.685155795096861     
  0.275946601068561     
 -0.315971132992594     
  0.817903663748209     
 -0.557497982678097     
  0.206736152633606     
   1.52809889597976     
  0.212811403306541     
  0.254744873148445     
  0.219807274963692     
   1.33412635144699     
 -0.299056660305395     
 -0.445029520582555     
 -0.172948633430963     
  0.310173482862982     
  0.311854195961400     
   1.60802651022161     
 -0.267567836006390     
 -0.441888460935238     
   1.57800228478694     
  0.916315112416181     
 -0.446895208040781     
   1.01928876703858     
  0.572091479842059     
  -1.13253988384025     
 -0.816327261288024     
 -1.554327834401136E-002
 -0.148981701457012     
 -0.526394432396147     
 -0.199521588811918     
 -0.377805813158152     
 -6.939961896951158E-002
  0.980712394241807     
  0.298255640943472     
 -0.520282897434451     
  0.473194819616371     
 -0.661495302149154     
  -1.55628730974353     
 -0.806543214731170     
  0.949255499554181     
  0.553890832446003     
  0.669812400091791     
  0.605562124388425     
 -6.601648470436504E-003
  0.607711761922216     
  0.331303335483131     
 -0.581203552047696     
 -0.630466548290900     
  -1.27639710438481     
  -1.26093822652156     
  0.301224873979014     
 -0.206227788866540     
 -0.596919324245577     
 -3.711830797412524E-002
  -1.14087436618903     
  0.726888668455233     
 -0.621741539749104     
   1.00125833067274     
 -0.908325098649981     
 -0.878765437836499     
  0.564807021001919     
  4.094410037703779E-002
 -0.301142457892209     
 -0.217280139389845     
  0.805507691545002     
 -0.100352578857240     
 -0.897379250111543     
 -0.193725174803279     
  0.251764548533460     
 -6.688365278689036E-002
 -0.633270176241099     
  0.145134950990832     
 -0.135257961013815     
  3.928282520092217E-002
 -7.759339513513996E-002
  0.349893147867127     
 -8.380051466160977E-002
 -0.160564251071684     
 -0.237305587908683     
  0.568513704895101     
 -0.339130447584259     
  0.563275429575532     
 -0.630744805413891     
  0.470993540474441     
  0.195873536425223     
  0.176038500525420     
 -0.411078660979944     
  0.295774593604860     
  0.199749257815611     
 -0.146195598547161     
 -0.154449340195311     
  7.646460413599175E-002
 -0.185823612119982     
  0.459851585201978     
 -0.233086014445152     
 -0.376344772924594     
  -1.18936747816048     
  0.864491375287020     
 -0.465043666679876     
 -5.918875919224555E-002
 -0.144518944354154     
  0.264193877747386     
 -0.127578131935957     
  3.652756663435570E-002
  0.162336672819135     
 -0.259480662527262     
  9.293922662445253E-002
 -0.272865103770073     
  0.276630089386983     
 -1.574849130902280E-002
 -0.133701201251058     
  0.539647605243668     
  3.973967617391846E-002
 -0.626373245475653     
 -4.875044585419021E-002
 -0.524145148043898     
  0.945750878304574     
  0.685747810086085     
  0.139744125233096     
  0.487204630063451     
  3.417957737385737E-002
   1.80783285388389     
  -1.40240323193137     
 -4.410743961024454E-003
 -0.264422773470907     
  0.242705782998901     
 -0.708478037369279     
  0.727012657623536     
 -0.879318729077501     
 -0.454783339825859     
   1.08900756916897     
  -1.02502226238465     
  0.204934447591902     
  0.532908388175535     
 -0.116977372628673     
  -1.02965582711578     
  0.816070536147388     
 -0.515993272348697     
  0.561896441072054     
 -0.324817147962318     
  0.419710760913797     
  0.176009959034336     
 -0.141090477219306     
  0.625886001873190     
 -3.851300879252625E-002
  0.342639380322532     
 -0.599636808751361     
   1.32124124498218     
 -0.149256586920904     
 -0.478450758849779     
  0.966159016812339     
 -0.122185132498880     
  0.146018851178623     
 -0.553732735909036     
   1.20165715473328     
  0.249797535246695     
  0.819683527336137     
  0.140079995974658     
 -3.976975358499209E-002
 -0.454482111378162     
 -0.189280890862796     
  0.385640950855493     
 -7.757703790763683E-004
 -0.392996171312241     
  9.983158471000964E-002
 -0.611957764973299     
  0.477099138609288     
  2.904697026137821E-002
  2.554061350942778E-002
 -0.225784543269838     
 -0.107737709157795     
  0.421910504487757     
 -0.431082907739096     
  0.193940972678559     
  0.638795683095474     
 -0.117636609858601     
  6.144859357117065E-002
  0.303970879932768     
 -0.190323341556074     
   1.07632321042477     
 -0.620211544902926     
  0.108189039126546     
  0.135823703629302     
 -0.246084158185374     
 -0.216804338716859     
 -2.611178942419716E-003
 -6.261637381545594E-002
  0.166505286403829     
  0.334151538550130     
 -0.453824945653727     
 -0.464200625977854     
  0.276046851644681     
 -2.429767208652350E-002
 -0.236456865301138     
 -5.416593100624383E-002
  0.139348580919305     
  0.428813500405089     
 -0.241904556298225     
 -0.444322977506042     
 -2.451594978960408E-002
 -0.151169457156572     
 -5.451353303628885E-002
  6.284057813506298E-002
 -0.505714527719068     
  0.323893229963031     
  2.413249045931949E-003
  6.646982402567709E-003
  0.109013573317082     
 -0.341473141359829     
 -6.134936881715746E-002
  5.215772515309593E-002
 -0.128934961283321     
  0.314009169837138     
  -1.11445082401974     
  -1.18481042906152     
  0.585726597442910     
  0.427370426357868     
 -3.444239639278426E-002
 -4.022720799007926E-002
 -0.305067552990657     
  0.310404800346882     
 -0.605877232276214     
 -0.141830600407279     
  0.670757628854387     
 -0.418012651090484     
   1.57375823508357     
 -0.606119466230756     
   1.01250749321902     
 -9.462364757478885E-002
  0.256434140076567     
 -0.550952593018105     
  0.292173716996289     
  0.750675999641985     
  0.190954657194645     
  0.265337850441695     
  0.683911566596891     
 -0.120214789858630     
  0.247228783469536     
 -0.572465777379922     
  0.670191535607563     
 -0.928920433676582     
  0.104198326247731     
  0.433674167099479     
 -0.477606782171274     
  0.482121505073474     
   1.36161077344751     
 -0.167692220066816     
 -0.841661972305398     
  0.165925620537098     
 -7.989272407817553E-003
 -8.274298402563976E-002
 -0.243586253020494     
 -0.178124021142016     
  0.569110401587435     
  0.107530274935707     
 -0.795744032413260     
  0.164026307158035     
   1.41616065911738     
 -0.912236284595873     
 -0.366457608527266     
  0.822912750002102     
 -0.546579875995445     
   1.31916040097833     
  -1.26509788888100     
 -0.614985162475530     
 -0.775545997691983     
   1.13165759934932     
 -0.579436492453381     
  0.560280769909516     
 -0.336087509611599     
  0.597164542877298     
 -0.457519068254726     
 -0.751687977502668     
 -0.835442376552863     
  0.847114384739105     
  0.736165626724561     
  -1.03246106167449     
  5.293658815905569E-002
  -1.53996146988596     
   1.72794613114143     
 -0.195318749725635     
  0.174389864148052     
  0.391519418420091     
  0.675393854326546     
 -0.603455130457646     
 -0.179694217473095     
  0.374848885273990     
 -0.812651258742950     
   1.44031177280728     
 -2.059563982305851E-002
 -0.731690471263325     
 -0.123604151194906     
 -0.786369203948924     
  0.141551135635315     
  -1.57303813629317     
  0.702614589009965     
 -0.703756025743929     
  0.591985616972391     
  -1.02053716054846     
 -1.581520511105199E-002
 -0.459893345279213     
  0.382399475632414     
  5.252459413327824E-002
  0.502931630440537     
 -0.345768521186002     
  7.740982365338822E-002
  5.885688087913892E-002
 -7.163906075019343E-002
 -0.178247893235158     
  0.404635716443489     
  0.117857558994522     
  0.135313828721439     
  0.129677907676694     
  3.441488650290550E-002
 -2.695951882371283E-002
  4.373563297416961E-002
 -8.179433737085572E-002
 -0.385290813337895     
 -0.426199892257133     
  0.103718636643155     
 -0.356508918407047     
 -0.724434345287030     
   1.27438113466851     
  -1.48022875842549     
  0.269191206065383     
 -1.147059391596954E-002
 -0.478194713786789     
  0.424229141675586     
  0.385821120101592     
 -0.260315840185338     
 -0.253286505545807     
  0.227052485554607     
  1.890456912181399E-002
  5.179240128793688E-002
  0.208386274418301     
 -6.589415829681895E-002
   1.10752128505890     
 -0.364801931137521     
 -4.543707957986928E-002
  0.244240053095822     
 -8.586417791031058E-002
 -0.272149214282870     
  0.649164979385599     
 -0.202298769031853     
  0.165947618870717     
 -9.953677352299308E-004
  0.122532525495773     
  1.977916015131918E-002
 -0.281735978839607     
  0.350780206472541     
 -0.804392877085930     
  0.728247016501015     
  -1.01900317592290     
  0.252452569239094     
 -0.528818950683127     
  0.672058758823085     
  0.841752615965601     
   1.42508718980926     
 -0.383001348535985     
 -0.440581741630137     
 -0.160944015294241     
 -5.228079496674158E-003
 -3.733481570865004E-002
  9.943547743873281E-002
 -0.159782878099091     
  0.326508124466947     
 -0.603796351183449     
  0.750244921827320     
 -0.820330333289511     
 -0.425060458414380     
  0.221945972533776     
 -0.953836153707286     
  0.837889248322417     
  0.311940382562689     
 -0.269743965564679     
  0.172927247168056     
  3.037971929535100E-002
 -3.061079513461517E-003
  0.324939232936678     
 -0.879087080480683     
  0.189798977897777     
  0.397339406095301     
 -0.331098887031254     
  0.794588412175423     
   1.40894006901646     
  0.478882757369973     
 -0.358188458116048     
  0.316648273708178     
 -0.928432964921445     
  0.247755683998835     
  0.482156695042771     
  0.564798801845396     
  1.967871408610070E-002
 -0.108046397517917     
  2.152822686849860E-002
  0.128747309082312     
  0.346616265738431     
 -0.522900191137006     
  1.659116562956411E-002
  0.267156268402948     
  0.149286360052827     
  4.942264196798726E-002
  0.511057483565535     
  9.969401375444906E-002
  0.301450603811429     
 -0.120327993333719     
  0.225742536061874     
  0.234050905516313     
 -0.217967751533044     
 -0.570944482774712     
  0.434061359352335     
  0.702927453660946     
 -0.335527410670089     
 -0.107086353746407     
 -0.331154035414054     
 -3.156390065027409E-003
 -0.270497808941595     
  0.641920447282212     
 -0.287656767757749     
  0.354066029761362     
 -0.133545328181040     
  0.142793366889105     
 -0.401104242523365     
  0.429394039650955     
 -0.160552744689841     
  0.182302812554371     
 -0.318171078666586     
 -9.953337888193911E-002
  1.295304210920036E-002
  0.550883969844833     
  0.127717529658989     
 -0.784435990730121     
 -0.139295571722368     
  3.581475974475104E-002
  5.337123976493694E-002
 -0.451806789523142     
  0.339997285087494     
 -0.353425010497274     
 -0.166413884309959     
  7.117416217178191E-002
  0.308176887969695     
 -0.100857096895105     
 -5.827793883043850E-002
 -0.757655061365110     
  0.340082789499552     
 -0.156112906961209     
 -0.174146251047636     
 -0.129034705086902     
 -0.310826588538167     
   1.11572072743414     
 -0.565131983982077     
 -0.827282787927738     
 -0.657333206215360     
 -0.141460866296621     
  0.309052224903610     
  0.502606552697600     
  0.216549761587572     
 -0.452949246051025     
 -0.329104562832224     
   1.22572935283227     
 -0.945135749047671     
 -0.737496429676833     
  2.070714755902473E-002
 -0.429347307582985     
 -0.375955133895728     
  0.201044578035192     
  0.203042757344832     
  0.415913509428062     
  0.298811462623027     
 -0.337170374847519     
 -0.339777197875468     
  0.578076764117391     
  0.687868874506039     
  0.351815071823501     
 -0.798892211307620     
  0.477933442085952     
  0.730166929586562     
  0.243298180730953     
  0.573311552817301     
 -0.983728118103611     
   1.09128028235569     
  -1.25808575947827     
  0.279372338134774     
  0.308065506025548     
  0.327595035473404     
  6.647657399484622E-002
  0.483082245893059     
 -0.515154386695356     
  0.728935970757509     
 -0.425355443616902     
  0.429689590946803     
  -1.15624356988104     
  0.209765973100257     
  0.589958297408560     
 -0.238589552667941     
  4.028851535130871E-002
  7.758496605854887E-002
  0.812631826477829     
 -0.890863602975123     
 -0.735181641433490     
  3.375122581583197E-002
  5.269421773698894E-002
 -1.219556528221774E-002
  0.201296405880501     
 -0.323304356647962     
  0.611323352236983     
 -0.191308016548984     
 -0.893914243172759     
  0.721589859343739     
  0.108897569147980     
 -0.491340796836354     
  0.362017239864223     
 -0.873171306307247     
 -0.948672918039333     
 -0.261031952090783     
  0.712030354644340     
 -0.444962933606842     
 -0.384722189073374     
  0.939343723352745     
 -0.939562802168249     
 -0.660302650961430     
  0.342628625079967     
  0.141633899827775     
  0.272115628117329     
 -0.513997500264553     
  0.259171368943612     
  0.194320530898671     
 -0.354303524480398     
 -0.234010081824447     
  0.290609796793983     
 -0.299787092132497     
  0.779656608536641     
 -0.290234019988169     
  3.154839408474369E-002
  6.611014013135194E-003
  0.145173110208891     
 -0.498607166849524     
  0.350621918251155     
 -0.555500351199167     
  0.565137663452997     
 -0.227432232078588     
  0.192463187694027     
  0.375843242159052     
 -0.925470482935155     
 -0.773475613994219     
 -6.533482906716803E-002
 -8.197589365427245E-002
 -0.489618413751735     
  0.640682302513985     
 -0.182958432685946     
  -1.22465847396531     
 -3.874157235299253E-002
  0.556468643425753     
 -0.645291438001012     
 -0.803716576031249     
  0.681713737970495     
 -0.209929584778672     
  0.720362884765057     
  0.863620053395633     
  0.581854371596204     
 -0.966350386510000     
 -0.636519124057426     
   1.41161496380314     
  -1.36795469432500     
  0.921307429937659     
  0.312841398368446     
  7.607631378887943E-003
 -0.219811120979649     
   1.02696797331149     
  0.752813033468479     
 -0.975268863201549     
  8.829292226616590E-002
 -0.125466515961544     
  0.961627848581972     
 -0.509311464617014     
   1.80724857440869     
  0.243490618848457     
  0.869868785257710     
 -0.970506152406341     
  0.360326914432396     
  0.241108331854889     
  0.192753245651838     
   1.09145204175357     
 -0.180137144818669     
  0.245257316706189     
 -3.313829775877580E-002
 -0.202634734280310     
 -0.350126372757628     
 -0.217166018282507     
 -0.525042084725403     
 -0.365170797918138     
 -8.490215192204581E-002
 -0.360164184698174     
 -0.252176148741569     
   1.13886328634626     
  7.867006304741481E-004
 -0.474445642056215     
 -3.659909995523813E-002
 -0.454349394116549     
  0.106284788058027     
 -0.410727414205669     
 -0.658300704457854     
  0.342804648936617     
 -5.532163507137684E-002
 -0.389764395850163     
  0.195150887733036     
  0.238740560032715     
  0.413820323095447     
   1.01865880052492     
  0.792638862844741     
 -0.236348839526740     
  0.265659161128269     
  0.736103700281883     
 -0.836984541430135     
 -0.550142254616723     
  0.599719946146293     
  1.270189299590237E-002
  0.196139189552036     
  0.275738688552252     
  7.703403563138481E-002
  0.313111731127788     
  0.513757990777833     
 -0.824846629338297     
 -0.160029801157005     
  0.142737619194816     
  -1.78958133497821     
   1.07103434927094     
 -0.660396472304788     
  0.608426989115458     
  0.484951997087212     
 -0.274883010219132     
 -5.130994803969031E-002
 -0.411606679612487     
  0.258867449928752     
 -0.654895573017011     
 -0.452393306355579     
 -0.120287280088431     
 -0.418378877688655     
 -0.338380980480504     
  0.112844663688247     
  0.733879688739352     
 -0.627818466227039     
 -0.385236004990533     
 -0.236654807419549     
 -0.158549187042802     
  0.190923466775403     
 -0.357234655518997     
  0.331362640330652     
  -1.03564932822498     
  0.258444030124302     
   1.01892188739719     
 -0.143983030440018     
  0.343265740156033     
  0.577926245627300     
  2.197173039486310E-002
 -0.592503997390704     
   1.00982730867049     
  0.490688775429336     
 -0.411476363690753     
  7.485749270311207E-002
  0.262222726781745     
  0.322958540133767     
 -6.316042813886796E-003
 -0.158293052599146     
  -1.22175545843949     
  1.581689020532535E-002
  9.554144063505338E-002
 -0.248085095684907     
 -0.645304913159363     
  0.481673652680587     
  0.373914641234090     
 -0.950806144779806     
  -1.13874858877544     
  0.878478254021934     
 -0.700377903833802     
  0.671853686849823     
 -0.600261939449123     
 -0.350083229133966     
 -0.266307999259360     
  0.945763808491552     
 -0.969649586751802     
  0.232790350793094     
 -0.291650976500982     
  2.313742614621017E-002
  0.691164292089996     
 -0.269970389157657     
  0.344924296349029     
 -0.422021796576491     
 -0.564428350987096     
 -6.048555773186386E-002
  -1.16774274078150     
  0.911713853041525     
 -0.196331887733152     
  0.666591197081214     
 -0.598986305156750     
 -0.872160957182050     
 -0.287578138271537     
 -0.287977275160223     
  5.903643734825102E-002
 -0.324522565406531     
  0.393509689359102     
 -0.264193853445391     
  0.391547922900617     
  0.848258703499944     
  0.857045640051405     
  5.174980483483643E-002
 -0.682848165280418     
  0.302031606677556     
  8.280055298960141E-003
 -0.872040995261445     
  0.704492258158900     
 -0.276055548130097     
 -0.230417388588334     
  0.203764170010119     
  0.280680498791136     
  0.532327273099121     
 -0.546472581651676     
  0.513258805678749     
  -1.11163089923424     
 -0.175876276718433     
  0.195058294535527     
  0.839338472868287     
 -0.336382785200367     
 -0.269289978788135     
  -1.03588445084101     
  0.560986790066910     
 -0.262586220537185     
  0.684848733434554     
 -0.661939458613246     
  0.343310263825324     
 -0.236086363418035     
 -0.415719865093892     
 -0.382962949886685     
  0.218766047621737     
 -0.516249313377111     
  0.475940613361012     
  0.222620872992717     
 -0.706352175456192     
  0.404159003629292     
 -0.506529735877976     
  -1.26832259055104     
  0.199558032645742     
 -0.488833498079607     
  0.640896446603930     
 -0.321770320097034     
  0.268439756546799     
 -0.141712280773118     
 -0.704179597530815     
  0.278497712123141     
 -0.267337413995182     
 -0.307328461729974     
 -0.290146230315340     
  0.136241721568711     
  4.558087700881103E-002
  0.150721812053455     
 -0.169000126529163     
 -3.270823551851096E-002
  0.768770446897615     
 -6.855305364488194E-003
 -0.334883976161124     
  0.718810449048223     
 -0.315419485648724     
 -0.319747633811056     
  0.588343007177798     
  6.849962253461522E-002
 -9.995990302312729E-002
  0.364633037696761     
  0.600083813247134     
 -0.995324905870810     
  0.315959220746279     
  3.576179982004139E-002
 -0.286076788687264     
   1.04629896282923     
 -0.491002926552991     
  0.859667527513141     
  9.522390317208590E-002
 -0.695469852083859     
  0.783470087142531     
 -6.087733276222240E-002
  0.425122547704533     
 -0.328279849072077     
  0.606862177394461     
 -7.478896612830713E-002
  0.485963426064429     
  0.179533039152929     
  0.774573159241257     
 -0.365135589556315     
 -0.278393057118062     
  0.508090984133840     
  0.731651248814505     
 -0.392662532037370     
  0.434863409923551     
 -0.312719246612083     
  8.898288208812245E-002
  0.218143640185324     
  0.195353814056004     
 -7.340304893571678E-002
  0.291286714889020     
 -0.578939321314368     
 -0.366747637986787     
 -0.874913837130854     
 -8.589203015806274E-002
 -4.986602680769069E-002
  0.238647435244728     
  0.169059369081014     
  0.379163040099856     
 -0.537317420586920     
  0.384076099173915     
 -0.194318950860991     
  0.326971518476749     
 -0.181595562866314     
 -0.681491453686012     
  5.201583326662915E-002
  0.350322697495540     
  0.750452725305443     
 -0.265573563364868     
  0.647569259309469     
 -0.560137567563021     
 -1.948220358654719E-002
  0.442614264113807     
 -0.491553903635046     
  0.615394004301570     
  0.192662136298845     
  5.121289853178598E-002
  0.384544555852991     
 -0.111234037844172     
 -3.369657012926919E-002
  9.949061042592822E-002
  0.375962386858998     
 -0.407258849267728     
 -0.323045542080264     
 -0.543865244339316     
  -1.14156350881900     
   1.14958284497054     
 -0.856760014906864     
  8.748905465854895E-002
  0.714945578087161     
 -0.183327329307041     
  -1.48991615219936     
  0.117827875394734     
  0.529994508714526     
  0.253344467563355     
 -0.194422976251947     
 -0.266074123648682     
  0.517914677236687     
  0.139313098165326     
  0.221042804713262     
  0.206256256183534     
  -1.29660126506594     
 -0.281779478424485     
 -5.809545680351554E-002
  0.151240368488200     
 -2.344270252057658E-002
  6.763044955902274E-002
 -0.232722461704374     
  0.229849176874322     
  0.569032028693864     
  1.323664349031340E-002
 -3.091068055503748E-002
 -0.126770441625559     
 -0.399458217149066     
  0.426363060223284     
  0.489072602909596     
 -0.185814643935517     
  0.384724651296091     
   1.05980385835981     
 -0.910720798530609     
 -0.192386399142514     
 -6.313746899857413E-002
   1.40240203216249     
  0.114925850792634     
 -0.555969909585818     
  0.388622008592192     
 -0.270737849846969     
  0.458157512496369     
  0.302204187548802     
 -0.111864067951164     
 -0.360830420985420     
  0.355181202348856     
  0.236197676125763     
 -0.387560850628605     
  0.253939709604535     
  0.501642979621705     
 -0.942995456232479     
  -1.05370946122367     
  3.569994111956920E-002
 -0.943116307210193     
  0.910249494881212     
 -0.238314303300627     
 -0.129322427827322     
 -1.427032258143279E-002
 -0.271393142257888     
 -0.413185636591954     
 -0.501211440455047     
 -3.065012612614913E-002
 -0.737689520931470     
  0.349354945880501     
  0.357932326989664     
  0.210534867605230     
 -0.313390988745324     
  0.314120526440605     
   1.30773625018214     
 -0.873592728036035     
 -5.512740931419571E-002
   1.03919913407736     
 -9.765830731947187E-002
  3.818037704564200E-002
  0.360425240720171     
  0.537218374514906     
  8.816889981092585E-002
  0.723627230010944     
 -0.685277776158663     
  0.436350892442642     
  -1.05406076031474     
  0.787704750281021     
  0.104832376198388     
  0.484795358482933     
  7.607503921396722E-002
   1.15024812831521     
 -0.264204873141785     
 -0.133396182253832     
  0.405689125483185     
 -9.870155524436279E-002
  0.641417809530703     
  0.400732927368298     
  0.775314073796297     
  0.111916178395319     
 -0.411344151449333     
  0.419839196784235     
 -0.250368728741793     
   1.04047884488614     
  0.418178036193551     
 -0.559588575388645     
 -0.149444774869397     
  0.281843230199353     
 -0.350118646008288     
  0.313927551641688     
 -0.274919342379217     
  0.724671996504448     
  0.485969549325504     
 -0.393275181971626     
  4.532276590969977E-002
  0.373609110524285     
 -0.574039082956955     
  0.947705154270440     
 -0.244599853499869     
 -0.693351223507896     
  0.298247069924410     
 -0.208159404951589     
 -8.803077381759961E-002
 -0.212334464768610     
  0.175057214270370     
  3.164957952355341E-002
 -0.569727883992744     
 -4.903498688136963E-003
 -0.341866485191587     
  0.188208473691126     
 -0.348127612179798     
  8.175765863961734E-002
 -0.438482304928293     
  0.338480857525832     
  -1.12014258176041     
  0.838867625752329     
 -0.527554165905492     
 -0.116353395146153     
  0.124228096307074     
 -0.203492166476676     
 -2.147085406234646E-002
  0.666523115949294     
 -0.542555913821336     
  0.362220094482192     
  1.805123665831260E-002
  0.264649970862134     
 -0.499746408872990     
 -0.259739960020339     
 -0.556573402530212     
  0.410763481583504     
  0.685421186132725     
   1.33092205759874     
 -0.754579353534899     
  4.523515059080132E-002
 -0.711743280012214     
 -0.429273210301742     
 -0.874125279260327     
  7.056902664383849E-002
  4.889614423644430E-002
  0.936507532243377     
 -0.755777868676855     
  0.749738189887264     
 -0.852015878216158     
  0.161073002743936     
 -0.100836382472185     
 -0.857359457391407     
   1.11603654853137     
 -5.293562557160754E-002
  3.039704989450377E-002
   1.05924701183957     
  0.210357837140400     
  0.126810047990026     
  0.138252262329078     
 -0.357287708950232     
 -9.041427088682231E-002
 -0.144261318349096     
  0.565157082733388     
 -5.228198894424278E-002
 -0.806538878540070     
  9.067300432199200E-002
  -1.39763744387286     
  0.506759029644064     
 -0.502980129431325     
 -0.378047793603569     
 -0.113765215730016     
  0.268604515162966     
  0.179053178766913     
 -0.123955152671371     
  0.696175248166282     
  0.747144714099805     
 -0.736680105544017     
 -0.792454811260727     
  0.377924470478257     
 -0.555529682073080     
  0.278605126729950     
 
  0.316255649170195     
  0.855110680626655     
  -1.77526580120053     
  0.369010762792034     
 -0.670429270665410     
  0.145338492961365     
   1.95474838140064     
  0.333614717063839     
  0.771089627565895     
   1.29550911702997     
  0.330883446673479     
 -0.259158514462947     
 -4.483361402437978E-002
  -1.48493252802297     
 -0.332803404028665     
  0.322345100854692     
  0.559834781328024     
 -0.182019681552310     
 -0.332169939381287     
 -0.414858484156501     
 -0.646462343450209     
  0.387456476959769     
  0.486714926384351     
  1.081383741836615E-002
 -0.908863606820560     
 -0.147555912233162     
  -1.16721887878672     
  0.172046555099631     
   1.09223437104687     
  -1.43542123576389     
 
 -4.792823354237779E-002
 -0.313653609951228     
 -1.623633166748443E-002
 -2.325933718351846E-002
 -0.348927855865366     
  0.635531463626320     
 -7.032713117488973E-002
 -6.520869565673651E-002
  0.655081981237530     
  0.110498889399920     
 -0.160246860587882     
 -0.791718526094679     
 -2.948150101659784E-002
 -0.230313658424850     
 -0.139353680423949     
 -7.102988830285681E-002
  0.475187459449604     
 -0.208836258706761     
 -0.416419648971503     
 -0.266024126021611     
 -0.122568187816320     
  0.139611543702855     
 -6.396457511245204E-003
  0.362797588670835     
 -0.390147757634926     
  0.183498312656857     
  0.566557593193822     
  0.561010924517738     
 -0.847830955291721     
  3.198044832915187E-002
 -0.956056034003927     
 -0.626778763534926     
  0.368383882046969     
  0.429081828940732     
  0.114114882325691     
  0.403380162510184     
 -5.025705200983807E-002
 -9.772777617114545E-004
 -0.758623178041762     
  0.178525392000113     
  0.711607404518485     
 -0.100850817967566     
 -0.276663917587325     
 -2.974367222013284E-002
 -6.375474923498908E-002
 -0.214090847397291     
 -0.154972250078815     
 -0.262540300693902     
  3.505703476265876E-002
 -0.252022347171139     
  0.549023866943129     
 -0.234928398828743     
  0.421419562849125     
  0.548027277813763     
  0.158469155810725     
 -0.119915474184040     
 -0.166845684662014     
 -0.148936220740846     
  0.128690716782249     
 -0.591671439799031     
 -0.462610925777461     
  0.149148471637283     
 -0.286737494756341     
 -0.632923670667755     
 -0.115049127438336     
  0.441544888184718     
 -0.243687441772591     
 -0.346233016495765     
  0.388511467568218     
  5.036173604450373E-003
  0.651319193801313     
  4.509935737786024E-002
  0.559934791025751     
 -0.151593359523106     
  0.812363718522417     
  4.473668023112282E-002
  0.230844236850010     
 -0.805818859151255     
 -0.432051438849158     
 -5.776768812056025E-002
  0.107921779978019     
 -0.511793111996381     
 -0.307102817092957     
  0.652875705505360     
 -0.616407957995881     
  0.563334334783996     
  0.238409395084137     
  0.153983381439220     
  0.436730460208438     
 -0.306067118570782     
 -0.991326253220215     
 -0.499348968905926     
 -0.211704989937195     
 -0.456356384361331     
 -0.194928439319835     
  0.734964069005953     
 -0.301735712499531     
  0.261342656178235     
  -1.24366250866150     
 -7.397313296510857E-002
   1.19053787552604     
 -0.426625557800999     
  0.750880932998401     
 -0.550888511182491     
  0.776909321051067     
  0.416117745531027     
  0.632117963889404     
 -0.241553381490544     
 -0.923765447376215     
  9.390221512257399E-002
 -0.256479956193156     
  5.888410107691549E-002
  8.700211888482700E-003
 -0.202637451174953     
  9.095303489700754E-002
 -0.535349417894851     
  0.524257656000280     
 -0.493296890799292     
  0.685892993924004     
  -2.30303464624525     
   1.24303470909850     
   1.21881073626054     
 -9.249497533052525E-002
 -0.466971554904615     
  3.812086024879789E-002
   1.53743877477204     
 -0.222040599785693     
 -6.719598247352966E-002
   1.47977950130651     
  0.383297864605370     
 -0.281196323947161     
  -1.66586902342084     
 -0.213714039199858     
  9.582218601726390E-002
  0.463190248788561     
 -0.281011214732448     
 -0.602189819710576     
  9.188222516808561E-002
  3.927413968633912E-002
 -0.285136020586463     
 -0.444108703784539     
   1.35105141208300     
  0.861412880584676     
  4.916122065128565E-002
  0.280107855387272     
  -1.41805364612568     
  0.484908160413117     
 -1.980166125348312E-002
  -1.08460562029053     
  -1.45324188605975     
  0.689057959345773     
 -0.328344188962202     
 -0.913001374141061     
   1.41085506939852     
 -0.321620840883115     
  0.426223572295142     
  0.383291643051559     
  0.782093025771054     
  1.530415181298701E-002
 -0.903787322211783     
  -1.88723221794976     
  0.251192328767264     
 -0.146536816330749     
   2.30739415451839     
 -0.506501649955642     
   1.84436343839606     
  -1.13324867238207     
 -0.251741397654525     
  -1.15644352658829     
  0.396761199397680     
 -0.466694297229367     
  0.336380322995958     
  0.101146137789668     
  0.289343872969596     
  -1.15042937880791     
   1.49607077032147     
  0.116929705131828     
   1.58406909913588     
  0.132389736856206     
  -1.63004221816119     
  0.708921368033722     
 -0.370122450952112     
 -2.032163876404128E-002
   1.00379650240197     
 -0.408747869927886     
 -2.595628284125969E-002
 -0.265816629954863     
  0.208722223913647     
  -1.38507158342413     
  6.708840834516663E-002
   1.20473644424592     
 -0.653563655168305     
   1.03900564314431     
 -3.372929015543597E-003
  0.669838952847657     
   1.04694617706702     
 -0.585484279654608     
  0.485911260724398     
  0.114531412799937     
 -0.728609635819455     
 -0.125954862504884     
  -2.07695391856296     
 -0.127736251678508     
  -1.68174639817436     
  0.865406128571163     
  0.545563923522209     
  0.885722336222242     
  6.392232219745926E-002
  0.575921942840866     
 -4.012423998259816E-002
  0.738867208841648     
 -0.212861910528873     
 -0.135349006180797     
 -0.286051582672997     
 -0.439846865256144     
 -0.336823414346160     
 -7.806533735322140E-002
 -0.352375947241191     
   1.26738244881277     
 -0.390371164124938     
 -0.659883926553638     
 -0.341948130859964     
 -0.724113974411812     
  0.155496397270730     
  9.665018151705845E-002
 -0.418617961734543     
 -0.316124976784925     
  0.873155807802167     
  0.450111037876394     
 -0.507610970863569     
 -0.336554102582010     
  0.498394709972276     
  0.284602624735925     
 -3.170362812955477E-002
 -0.530507022839123     
  0.566334055436399     
 -7.093664661136267E-002
  0.307134820707442     
  0.554525659940254     
  0.344461539368892     
  0.700605904241323     
  -1.66706465248584     
  0.224198528625745     
 -2.094422947401088E-003
 -0.639159954712243     
 -0.491873647241524     
 -0.160492155259551     
 -0.721261857027125     
   1.17832081709420     
 -0.299281135426243     
 -0.129020374924356     
 -0.846128121987354     
  0.794077231538593     
 -0.118550260610413     
  0.616217759801368     
   1.44749743351347     
  0.594715755878801     
  0.302509357059394     
 -0.450748913787917     
  0.112082363185492     
 -0.984353886741286     
  0.748100918879293     
  0.399337496958359     
 -0.729639139445663     
 -0.434859083728532     
  5.147528611335549E-004
   1.33323867700448     
  0.598928047428257     
  -1.44073107042270     
  0.299932515781705     
 -0.307220038693939     
  9.087551115575598E-002
 -0.420448121183431     
 -0.254488984778813     
 -0.355612687716519     
 -0.135692604060471     
  0.181288504696196     
  2.415366153781155E-002
  0.111102913607588     
  7.964231935688705E-002
  0.119509702467735     
 -0.121854745971642     
  0.194349097777990     
  3.178618936162857E-002
  8.835429465582027E-002
  0.427262177429616     
 -0.784343195352755     
  0.717267087422920     
 -0.667359292890656     
  0.608014682597859     
 -0.403462408622322     
  0.107189596544022     
 -0.148315282431673     
 -0.298151864070663     
  0.297415114854763     
 -2.884456288079119E-002
  0.418764552760840     
 -0.331388799632861     
  2.607660721820739E-003
  0.651813355560854     
 -0.177205444349263     
  0.492681048971962     
  0.156764287982078     
 -0.114304710272104     
 -4.826960229725975E-002
  2.640151859076893E-002
 -0.107269224376461     
 -0.221911086358648     
 -0.541340957751849     
  0.144922202042948     
  0.107502477850033     
  -1.07004528605406     
  0.228008091445695     
  0.140260703191844     
 -0.104826725729741     
  0.295358005634081     
  0.346805950971355     
  3.933328153360251E-002
  0.265217239040412     
  0.212546744783280     
  0.150714790473722     
 -0.347055464271990     
  0.238370145704030     
 -0.348362318297067     
 -0.382231155316487     
 -0.367976159601934     
  0.137384901721061     
  0.443275357135317     
 -0.161386381881917     
  -2.50744684640027     
 -7.211605429352184E-002
  0.174029239608592     
  0.201200366046298     
 -0.275691140285300     
 -0.446429169658528     
 -0.125987691300600     
 -3.526342531337617E-002
 -0.394747950572499     
  0.847356989460819     
 -0.197020414142100     
 -0.573145244240003     
   1.66928411862084     
   1.02420236830457     
  0.670038204575625     
 -0.369605049668543     
   1.73435606903386     
 -0.567381536051681     
   1.77328590179265     
 -0.786411427964640     
   1.12671703096771     
  1.754916655960299E-002
  0.609828073701502     
  0.494207098398717     
  0.597115710743180     
  0.368757406256891     
   1.77099504649285     
  0.772825702175274     
 -0.362156039360503     
  0.250754665860890     
  0.841452171560019     
  6.998157358000072E-002
 -0.859531737044577     
 -0.704368760463981     
 -0.382647764407132     
 -0.442741826493062     
  0.283282013101737     
 -0.446896968340157     
 -0.187802833813021     
 -0.122329609474987     
  5.121883018055093E-002
 -0.461356198839730     
   1.21527835992372     
 -0.758927524882464     
 -0.305192562661772     
  0.255582116950938     
  -1.43735457676842     
 -0.898552854279784     
 -0.951787849472056     
 -0.189750528721807     
 -0.515244389487721     
 -0.829543045339387     
 -0.374073383210747     
 -0.641416869872635     
   2.05328056609996     
 -0.469053188552676     
  0.785057872561924     
  -1.02701394529952     
 -0.144038160166567     
 -0.564900927707789     
  0.806469399006500     
  0.351706867842074     
 -0.326030761647920     
 -5.554670192040893E-002
  0.419502123897018     
 -6.207232526635992E-002
 -0.807174849219609     
  0.110974563546348     
 -8.712461032619693E-003
 -0.666080884529228     
 -0.133253871676875     
 -0.234962249049875     
  0.644008665825639     
 -0.580143638136842     
  0.205700990056728     
 -0.482333795726431     
 -0.299539908644226     
 -0.674330972008073     
  0.577131997432464     
  0.318231819236151     
 -0.212250168178223     
 -0.263946896590512     
  0.447101807659613     
  0.132261049645589     
  0.127765838692493     
  0.338495958480473     
  0.303257215079437     
 -0.267680799679070     
 -7.080547079583219E-002
 -0.238316298872636     
  -1.91530185104779     
 -0.356262020478053     
  -1.68700124567087     
  0.243110462389313     
   1.15267805880302     
  0.604963013902211     
  0.534209444069225     
  0.105146816642208     
 -0.528862200146291     
  0.699858789333907     
 -0.124042326897771     
 -0.185885543433987     
 -0.102745191908831     
 -0.554530039314116     
  0.161166470598947     
 -0.513754421129893     
  5.689263211094048E-002
 -0.160565047112175     
  8.933835782890988E-002
 -7.867928834182529E-002
 -0.562316659371578     
  0.514914543302383     
  0.341178925668218     
  0.125319271679174     
  1.437707986690887E-002
  0.433716067445267     
  0.356828417467197     
 -0.301692731088213     
 -0.485590018946673     
 -0.280796011610736     
  -1.77160067730152     
  0.358978348838025     
  0.202084244499923     
  3.990378832841937E-002
 -0.372730628175860     
  2.425473599144272E-002
  0.229209511151619     
 -8.200684009926375E-002
 -6.174333734067287E-002
  0.232836162192155     
  3.416773676609534E-002
 -0.586941756259737     
  0.214792712218645     
 -0.401864296707275     
 -0.322375883312178     
 -3.999498412259440E-002
 -0.326102443748530     
  -1.19947384491584     
  0.510539266867544     
 -0.301207421952884     
 -0.399840719918600     
 -0.310429818363266     
 -2.286572627503590E-002
 -0.286478975245682     
  0.889544461352704     
 -0.555056504817949     
  0.792306461280343     
 -0.766527795263885     
  8.927611125074630E-002
  0.121629791629181     
 -0.172861489205936     
 -1.151083120406555E-002
  0.389331121916689     
  0.165975091569232     
 -0.788012407969063     
  0.549026398328903     
 -0.774858076857252     
 -4.285481166503841E-002
 -0.121454131541331     
  -1.14775083489065     
  0.192875305519111     
 -0.139788433037264     
 -0.407658779204429     
 -0.242834491627527     
  1.804512847426176E-002
 -0.391516316135503     
 -0.480889790575280     
 -0.314223693311393     
  -1.41539726986300     
 -6.913784788306949E-002
 -0.577594342146467     
 -0.288666627860742     
 -4.479042776711437E-002
  0.124785251013785     
 -0.113566200655144     
  0.496317834915478     
  0.442897450353404     
 -0.308475344770704     
 -0.653268551183661     
  0.228309959442943     
 -8.188370806615235E-002
 -1.441595982673423E-002
  0.227123111613271     
  0.579022615494736     
  0.363495323440749     
  0.490026334810085     
  0.321803651557983     
 -4.166291127675061E-002
  0.103432182208579     
  0.560497938681016     
  0.197701580460529     
 -0.102562660508429     
  -1.17701541228632     
 -4.855480006568112E-002
  9.864723078930555E-002
  0.762497551659986     
   1.10322383114043     
  0.112712342404966     
 -2.854649851815516E-003
 -0.442467011836574     
 -3.649787517444540E-002
 -0.287077122593279     
 -0.586495935791376     
  0.354188178610828     
  -1.46923368521538     
 -0.138047733917884     
  -1.03595633705811     
 -0.210941057971095     
  3.571907008738336E-002
 -0.724953224210493     
  0.355601150547098     
  0.709970574385299     
 -0.245256848148863     
  0.287031376670534     
  0.782479073521231     
 -0.404151891363200     
 -0.132542417438807     
  0.159219331714611     
 -0.191969648796020     
  -1.81769706225859     
 -0.268915033097556     
  0.334328425949342     
 -0.656275227781418     
 -0.128066035384402     
 -0.591853534366955     
  0.125763166457359     
 -0.623714381365105     
 -0.273554586832082     
   1.16314402077923     
 -6.554840009025341E-002
  0.217103101761600     
  0.372151967792304     
  1.872120332234999E-002
 -0.743474717661237     
  -1.00838747532198     
  0.149346426021852     
  -1.10366288935280     
 -8.616136346421928E-002
   1.69944336695404     
 -0.276931241320305     
 -0.121136085589814     
 -0.908257682856514     
 -5.978874956308860E-002
 -0.316317681512766     
  0.993352380455308     
  1.991406467705147E-002
  0.264219179646035     
   1.12258103181238     
   1.17485481323298     
 -0.280773715910400     
  -1.05672112027889     
 -0.138401773343966     
  -1.49092814639980     
 -0.571824321768518     
  -2.41038819516293     
  0.170154928252833     
  -1.07275743305509     
   1.20457442423557     
  0.691862079968229     
   2.73286937617123     
  0.385991095512887     
  -1.38554971567529     
 -0.485947030645855     
  -1.33206884239675     
   1.50487629612870     
 -0.910353263796884     
 -0.972583005698867     
  0.138317517120468     
 -0.429042216919410     
   1.33323964647257     
  -1.63507824770832     
 -0.764369637750631     
 -0.562291923288054     
  0.238325962522331     
  0.380381745680493     
 -0.876079134410819     
 -0.361943041093989     
 -0.209001270292345     
  0.697700476759091     
  0.597801083485465     
  0.496825782577892     
   2.41541502569153     
  -1.25974407286004     
   1.85499981095055     
   1.00682805750592     
  0.258849836543144     
   1.30694825438520     
  0.903558851576691     
 -0.823321488713732     
 -0.641934756194876     
  0.650100076231252     
  0.453769415584149     
  -1.05129861567702     
  0.531925392942354     
  1.882416773511228E-002
 -2.130981443252729E-002
 -0.484608557146607     
  0.844749048109276     
 -0.564615622819095     
   1.04346280197082     
  0.784810194273950     
  -1.74761404461351     
 -4.698969710996444E-002
  0.665774862888577     
 -0.231191580770261     
  0.898746230730617     
 -4.995028116755938E-002
  0.130737254697505     
  0.272422295322168     
   1.27732646173052     
  0.352972536143055     
  0.416219814949407     
  0.790274232174601     
   1.31411430676246     
  0.781426758345011     
   1.27901316423540     
   1.89626535998653     
   1.37562363716984     
  -1.70457636213153     
 -0.476276488835407     
  0.929656784693816     
 -0.109756921312531     
  0.604218601562238     
  0.700214760530960     
  0.755491320741700     
   1.42991222524753     
  0.503029108888005     
 -0.211193950201335     
  -1.00068481547367     
  0.547901472316108     
  -1.22391470043728     
 -4.416584847040039E-002
  0.767504541251395     
 -0.907248760306514     
 -0.903023816404799     
 -0.505002519690269     
  0.623950708036622     
 -0.525889873651996     
 -2.912447040529572E-003
 -0.800634716403454     
  2.088015748000414E-002
 -8.389216128179609E-002
  0.348277801094663     
 -0.225809062836103     
 -8.456668013984982E-002
  0.685617652449070     
 -0.808161842155765     
 -0.738251093921716     
 -0.526119429296524     
 -0.434273525915257     
  3.565391513845800E-002
 -0.219228671994365     
 -0.882786162218056     
 -0.812109278973843     
   1.48041834702228     
  -1.01096814231243     
  0.431366077230234     
 -0.743438323095495     
  0.304095918863233     
  0.384808722249877     
   1.66139557309983     
  0.675149146409244     
 -0.286898684170502     
 -0.523244298783168     
  0.469781138536569     
 -0.700696652246188     
  -1.81714926972502     
  0.186365206009395     
 -0.254374218839739     
 -0.326002331337879     
 -0.385152120213338     
 -0.370999295736903     
  0.577575932304283     
  0.356194605632854     
  0.613034622221776     
 -1.822796572325922E-002
  0.126443137636519     
   1.15460053783808     
  0.963820674038294     
  0.373708086596583     
  0.860367695807113     
  0.775652764306669     
  0.236015584894516     
  0.396040827766230     
  0.272041306163809     
 -7.096833114395928E-002
  0.896227862839970     
  0.267093869557362     
   1.04586185164417     
 -0.546785511478270     
   2.02787191387051     
 -0.459348190821500     
 -0.927409525862041     
  0.394167796775431     
 -0.151367531720796     
  0.559763145064194     
  0.817532518508841     
  8.849381329815041E-002
 -4.219114710187344E-002
 -0.855250815177168     
  3.089591774365257E-002
 -0.130585220700854     
 -0.605619743245264     
  -1.28294191551144     
  0.192954187195740     
 -0.319607243265695     
  -1.18240646426431     
 -0.431446091724805     
 -0.972006452488734     
 -0.100795744658639     
 -0.374571117709004     
 -4.243092403141908E-002
  0.261709946354214     
 -6.587699643538196E-003
  6.853726389649885E-002
  0.490487973019514     
 -0.385847374598362     
  -1.21182514419476     
 -0.403421984452470     
  0.397275685552324     
  0.599767507421828     
 -0.468549601202710     
 -0.830695034333505     
  0.388364950279873     
  0.181345365512930     
  0.335855846123121     
 -0.436611203446888     
  6.610273943583163E-002
 -8.800729978641157E-002
 -1.901618191027806E-002
 -0.140716597473773     
  8.598547469464519E-002
 -0.360924803186869     
  -1.29151876459520     
  0.276616306344882     
  0.478114020440344     
  -1.26760255185292     
  0.345562089774711     
 -0.462890854014462     
 -5.195072716841301E-002
 -6.743131242909053E-002
  0.226338847731015     
  0.166251028421732     
 -7.886600853263702E-002
 -0.930759318767222     
  0.175575480470693     
 -0.529187180545250     
  -1.27882854254715     
  0.410255059267421     
  0.437650386370172     
 -0.981347497305884     
 -0.421766262897943     
  -1.29692987970300     
  0.316696755659302     
  0.547511565522290     
 -0.575808490570534     
   1.15492416119131     
  0.360547604929425     
 -8.520518545092531E-003
 -0.855031721140339     
  0.299405446756613     
 -0.465532038630349     
 -7.756588326553741E-002
  -1.14225213214760     
 -4.055589729220429E-002
 -0.297546138570763     
 -0.758435134049851     
  1.712091959994205E-002
 -0.682178265584588     
  0.712529944830215     
  0.265791809124728     
   1.40379084038664     
 -0.307487670308302     
   2.43707161977973     
 -4.344199351354728E-003
  0.380688636783350     
   1.15244745751156     
 -0.149776357699432     
 -0.227943377032015     
  -1.22000111568345     
 -0.407422860708655     
  0.127668486427235     
  0.666136258048801     
  0.100063598111521     
 -0.191603356678966     
  0.368387204044648     
  0.346276738609892     
 -0.206876432234820     
  5.691713149961000E-003
 -0.588874444610897     
  9.699912111495602E-002
 -0.256119149668112     
 -0.908762608338987     
 -8.747731187033686E-002
  4.710089916060258E-002
  0.636539826458899     
  1.036716101159252E-002
  0.158364770412689     
 -0.169666107964362     
  0.151697579554197     
  8.329389583098862E-002
 -8.308498217693477E-002
 -0.420081532637879     
  6.419339098326884E-002
 -0.391487967187922     
 -5.942776013497259E-002
 -0.694126927592027     
 -0.248936705501503     
  0.141437982004742     
  7.743272717240729E-002
 -0.642016257107979     
  0.198087799620186     
   1.68276323517100     
 -0.214094340105948     
 -0.654598428554893     
 -0.101314357161731     
 -0.361793451755336     
 -0.157516740214548     
  0.423837371845095     
 -0.254182980085491     
  9.276345434707352E-002
 -0.187403636209204     
 -0.270460380522315     
 -0.118173221362091     
 -1.975257684023505E-002
  0.824203259391960     
 -0.487799752510728     
  0.326849184867589     
 -0.287743810062402     
  0.107152844437392     
  0.374448222104413     
 -0.573993281589471     
 -0.161162443791398     
 -1.273526373267499E-002
 -0.682648432550664     
 -0.386409185955722     
  -1.06405615002250     
 -3.095722238527360E-002
  0.572400926964727     
 -7.066788698315979E-002
  0.323121780270754     
  0.165000593191023     
  0.497232476738973     
  0.390946308928222     
 -0.153486975282027     
 -0.203180822844400     
 -0.558940676947896     
  0.110489295130349     
  8.294053949519269E-002
  6.016586160468106E-002
  3.276076326528624E-002
 -9.051950643665203E-002
 -0.831550334473383     
  0.909691608644229     
  3.356255772878528E-002
 -0.346581020387640     
   1.11367820904294     
  0.848318156393609     
  0.125081539820226     
  0.226328323008721     
  0.353698096708268     
  0.230695780745958     
 -6.762483952299811E-002
  0.442600093778373     
  -1.00513484244448     
 -0.106129374267442     
 -0.107877512435811     
  0.535581375277339     
  0.111060031538699     
  0.163980141802394     
  0.424457898820773     
 
 -0.759197977543992     
   2.19792837569723     
 -0.983021613092576     
 -0.351946881815562     
  0.741921546646442     
 -0.115055201685996     
 -0.504518251893453     
  0.427646648882982     
   2.78916299580820     
  0.622398935667066     
  -1.96005191531968     
  0.261292254289336     
  -1.31641574507421     
 -0.319824528875448     
  0.325629655749267     
  -1.70337096229800     
  0.423028072893827     
 -4.748381698898053E-002
   1.76842137303885     
  0.405637421619450     
  0.142769302607201     
 -0.587844506459571     
  -1.17035259415590     
  0.691593035486462     
   2.31640089122331     
  8.668340001301646E-002
 -0.798877369593058     
  0.427398305248017     
  -1.56422336023437     
 -0.428624515663764     
 
 -0.236749014846820     
 -0.265215163410366     
 -0.485992883182633     
  0.134476476977108     
 -0.193689714662158     
 -0.182264073689900     
  4.636096274288512E-002
  0.138580692951296     
  0.105821241873977     
 -0.102189088988014     
  0.567800638622833     
 -5.154320199499639E-002
  0.537690973892631     
 -0.650001756279896     
 -0.376109556932442     
 -0.485886691560178     
  0.174972697066400     
  9.012389172687964E-002
 -5.909103265231896E-002
  2.621734000092109E-002
 -4.525057675706220E-002
  4.039732488483471E-002
 -0.827461827916119     
  4.672827957349382E-002
 -0.205909328415951     
  0.180446209954553     
  1.848361180913637E-002
 -0.513317884294721     
 -0.367388496302930     
 -0.568957443415359     
 
 -5.867917611500750E-002
 
  tansig  tansig 
