     48 -    30 -    30 -     1 
rmse=  49.8567meV
 -0.760571542611633     
  9.623204073161806E-002
   1.05805667928497     
 -0.605655284910877     
  0.128706102557191     
 -0.104499035123512     
 -0.174214097720029     
 -0.773660848412314     
   1.86471026257194     
 -0.511776963227504     
  -1.10890784159531     
 -0.241107632945917     
 -0.549459615348200     
 -0.292992931409365     
  0.483764923430462     
 -0.401786036457297     
  0.274185239956017     
  0.519021966712886     
 -0.123072921371465     
  0.664931785453265     
 -0.178762067573134     
 -0.441927599163496     
   1.03909226269975     
 -0.953958490901669     
  0.167710823280318     
  0.391098295692106     
 -0.585868951086777     
  0.449053352236563     
 -1.202606291127971E-003
  0.242921951868041     
  0.226616664749462     
 -0.462680902258099     
 -0.812852585099456     
  -1.18799405005123     
  0.326734523736803     
  0.288236458359378     
 -6.995331750031625E-002
  0.791329783897285     
  -1.32298764095717     
  -1.14870877916326     
 -0.895412575673105     
  0.636893206274240     
  0.298745236957214     
 -1.658126772842652E-002
  0.216844954392233     
 -0.378070457014950     
 -5.865575586526990E-002
  4.250976207499661E-002
  7.189551743886133E-002
  0.322282299983149     
 -0.543184809038597     
  0.552991570867016     
 -0.684284407542565     
 -0.452374316434805     
  0.158618742329880     
 -8.239910430189538E-002
 -0.391446154686663     
 -0.222037618945518     
  0.366023591998328     
  0.203776702350701     
  0.695822134573379     
 -9.606881223586407E-003
  0.112490324538759     
 -2.677246758074410E-002
 -0.151334987460674     
 -0.229435623602181     
  0.307026830235855     
  0.141784642961159     
  0.562436032817470     
 -0.369441249361229     
  0.670132380582497     
  0.247479126734687     
 -0.265945955746503     
 -2.849860161191537E-002
  0.159381201870968     
 -1.606748923233863E-002
 -0.196497345868575     
 -0.118861340879751     
  0.115882987783402     
  0.191085433927670     
  0.230024336055822     
  0.279524439087554     
 -0.444120849380648     
 -6.259735834807542E-002
  0.113729147625283     
 -0.180498720615956     
  0.262199515271964     
  0.134698840425785     
   1.11188738768483     
  0.277985510777303     
 -0.303472658390089     
 -9.511533048585175E-002
 -0.337761205374832     
 -4.254143931997816E-002
  0.215677638564343     
 -0.200510989738628     
  3.101721693108912E-002
 -0.432586023595288     
 -0.837558064345791     
  0.255809745650060     
  0.144545344699646     
  0.118519207100306     
 -0.370020891986096     
  0.174421668711668     
  4.982244398496920E-002
  0.278840250798840     
  0.592724250485526     
  0.164044294696801     
  7.979713839142709E-002
 -0.179215479193315     
  0.239074641865021     
 -0.588445856739346     
  0.447129616185189     
 -2.093064020309822E-002
  0.322930283223162     
  0.468032524656774     
 -0.576145373024295     
  0.559425794416502     
 -0.517994206973178     
 -0.116741868064705     
 -4.852491223200532E-002
  3.571610063387128E-002
 -0.480185833567196     
  0.235745979062022     
 -0.498098259110381     
  6.375885623895013E-002
  0.442755660516087     
 -0.357746449280605     
 -3.696364147240459E-002
  0.156526727701008     
  0.111360742786054     
  0.119152325683015     
 -8.159855325285938E-002
 -5.645099030080232E-002
  0.263238381748309     
 -0.116788897968686     
 -0.420463338385903     
 -0.492035452092660     
 -0.289052277206092     
  0.209825829293456     
 -0.229597363646827     
 -9.634555237991999E-002
  0.185607698951192     
  0.483866653929553     
 -0.390184338003299     
  0.274756228183407     
 -0.380803737986929     
 -0.145984266358182     
  5.949288278010726E-002
  0.115910876121599     
 -0.178165794358621     
  0.105889047908084     
 -0.758884533354410     
  1.098012800407102E-002
  0.467751467311500     
  0.657009790139730     
  0.475874126065370     
  0.137647927338572     
  0.711928293199357     
 -0.528205207240660     
  0.302797099167802     
 -5.811350948225840E-002
  0.133179154064375     
  0.191429335687653     
 -0.473883427123599     
  6.568482813492127E-002
  9.224653314815218E-002
  0.153475624540899     
 -0.307200161095851     
  1.356247666552145E-002
  0.256670163690385     
 -0.489733019382190     
  7.911340449408245E-002
 -0.262673210521547     
  0.394187471150506     
 -0.449201342473745     
 -7.980137976486960E-002
  9.484861359436818E-003
  8.459854060528295E-002
  0.481586937607024     
  0.226116688292642     
 -0.448579032228404     
 -7.008041417677316E-002
  0.531278876165149     
  0.375624789295154     
 -0.112834602675212     
 -0.582242250474262     
  0.609391795919799     
 -0.455458023470830     
 -0.378054405144236     
  7.085871568094267E-002
  0.857610485722856     
 -0.145082135439543     
  5.023636524403524E-002
  0.156874925831415     
 -0.521225652408756     
  0.922767185871739     
  0.528127963970907     
  9.898601188867477E-002
 -0.748979622701174     
  0.208826344518588     
 -0.265273232088184     
 -0.124586909337201     
  1.722952863698285E-002
 -0.296143322433050     
 -0.245146005361727     
 -0.225977019003837     
  0.393141013693320     
 -4.268730896962835E-002
  0.178984682570990     
  0.190850296418535     
 -0.274174071694542     
 -0.273226841051856     
 -0.671600719651492     
  0.966548780258819     
 -3.332039322452383E-002
 -9.761819203166563E-002
 -4.499307041416533E-002
 -0.321842124015433     
  0.491805148876739     
  0.186149564748939     
 -8.731732679333484E-002
 -0.419378654973500     
  0.224336696503820     
 -0.122941139497222     
 -9.333464551345383E-002
 -0.175368872938976     
 -0.200159809398940     
 -0.150156551200567     
  3.527258882161349E-002
 -0.278144581248176     
  0.420867817622541     
 -0.235971378273880     
  0.288216078108744     
 -0.100521974949979     
 -0.322285895553317     
  0.112316426491767     
  0.420116697309161     
 -0.449401340683794     
 -0.255254548460869     
 -0.497828562518995     
  0.993728187095574     
 -0.965169196966529     
 -0.239492407749022     
 -0.427643326382324     
  0.738911260356356     
 -0.536221190780012     
  0.276079375471099     
 -0.929533176010874     
  0.508461024880169     
  0.372122221047767     
 -2.792024034104860E-002
 -1.048025151048592E-002
  0.953386521087080     
 -8.920801210864378E-002
  0.310426436275124     
  0.244475155038895     
 -0.241864586782240     
  0.203716060708222     
   1.10105055124585     
  0.101582474150858     
 -0.305116821750416     
 -0.138357976096515     
  0.430522701720184     
 -0.395341970404164     
 -0.267490027496726     
  0.395612607565799     
 -0.679690331786843     
 -0.212655114967194     
  -1.13819972674828     
  0.949984562671895     
  5.288762157517828E-002
  0.152437873530070     
  0.374340940725283     
  0.243684286150409     
 -0.479814380364083     
  0.802384922155582     
 -0.970214414260899     
   1.26078366640591     
  0.355225571789237     
  0.838588746181317     
 -0.338614562514375     
  0.559437235305098     
  0.337399712236295     
  0.997574347838981     
 -0.496179370551481     
  0.303050191301325     
  0.635924492454563     
 -0.697396237578162     
  0.310710286130829     
 -2.987206155258530E-002
 -0.411598225405857     
  0.862188230154655     
  0.348993190931285     
  6.842506912443869E-002
 -0.611530551102429     
  0.566789510414405     
 -0.238380141200280     
 -0.213620921328377     
  0.265667805553198     
 -0.155670431617449     
 -0.349381527509820     
  0.299788843523424     
 -2.308070743911698E-002
  0.318271531175137     
  9.188539283267597E-002
  0.375734681116817     
 -0.187375405375624     
 -0.485840946251515     
  0.318009673147715     
 -0.185404501133859     
  0.174038602136899     
 -8.314213921499014E-002
  0.127423594167631     
 -3.021701920582902E-002
  0.181748898901044     
  0.120971311344884     
  0.132414721512295     
 -0.243207288480306     
 -0.229789313062881     
 -0.504292804844535     
 -2.632292413209811E-002
  0.254058858814807     
 -0.153886310010294     
 -2.707826848188602E-002
 -0.348923804898415     
  0.167388355732834     
  0.105527371395241     
 -9.059986403283167E-002
  0.207134863776436     
 -0.538434764666990     
  7.626843166187181E-002
  6.745650574272545E-002
  2.873678072865409E-004
 -0.324431556531664     
  4.160689117550818E-002
  0.163379025049112     
  0.436883908783628     
  0.612907016452258     
 -0.474032688811631     
 -0.255957505733394     
 -0.285407059815541     
  0.238951023343606     
  0.538050955619230     
 -0.289995769186257     
  0.122691263572647     
  0.160805206100212     
  0.249758847663258     
  0.142072631357983     
  0.373681555375105     
  0.241415566174277     
  9.092241602825084E-002
 -0.494620527137466     
 -4.403230804354956E-003
  0.224780479247014     
  0.658923378685002     
  0.119693544500476     
 -0.164598102979426     
 -0.336924112766106     
  0.196662176516567     
 -4.081099533306729E-002
 -0.137033321801300     
  0.106854517658001     
 -0.582848525709686     
  0.372095630355212     
 -0.229465562006007     
  0.328411817292690     
 -0.164427878001199     
  0.389088942296524     
  -1.17590052391955     
  4.446596220334834E-002
  0.170072011868631     
  0.168616613641573     
  0.110399061296092     
 -0.127529413189508     
 -0.237214074539354     
  0.226163183124822     
 -0.208508027821923     
  0.154911991222532     
  0.343239894487340     
 -0.152751166375331     
 -0.413108009560685     
  0.177641520839398     
 -0.150567930514857     
  0.579454835848155     
 -0.371977098308096     
  -1.16715890675159     
  0.195269000656556     
  0.148690728567350     
  0.814538022362716     
 -0.905318804178847     
 -0.338160583341433     
  9.882216159204506E-002
  0.290044387494234     
  0.146672466645279     
  0.627552848951069     
  0.220144689712572     
 -0.401094373237573     
 -0.208638035671106     
  0.111638947124845     
 -0.108796627909380     
  0.453370186580542     
  7.526518851877183E-002
 -0.434630966637464     
 -0.509416362682080     
  0.343624389709975     
 -0.145532708692527     
  0.385938942887959     
 -0.674814582584738     
 -0.692612216768448     
  0.345350460901462     
 -0.177914987316786     
 -0.110995620230627     
  0.609918579021549     
 -0.201839593884847     
 -0.150581953486833     
 -3.401241966454308E-002
  0.676462233928346     
  0.284734981208621     
  -1.01887597594340     
  0.529924117046359     
 -8.097670524488473E-002
  0.266932317152798     
  0.437800916362977     
  6.240732766785490E-002
 -0.479770982759424     
 -0.187503626166332     
 -0.114117434365424     
 -0.438130607170543     
  0.400339607944459     
  0.150347023406880     
  0.454351018771208     
 -0.142014032328790     
  1.334843263020669E-002
  0.290485521181007     
  -1.11180061317577     
   1.28902539781376     
  7.681219158695100E-002
 -0.540939667161387     
  0.411588805541437     
 -7.276507351135808E-002
  0.366193142794046     
 -1.660782902510550E-002
 -1.448688580202559E-002
 -0.153143632558242     
 -0.295839567277374     
  8.237477126145216E-002
  8.469958790134609E-002
  0.136216604238655     
 -0.194858377150179     
  0.495949626301234     
  0.208091366295706     
 -0.866074094099708     
  0.260436021553401     
 -5.894758089025630E-002
 -0.113941938241224     
 -4.398713158296685E-002
 -0.134728025252459     
  3.634706442643812E-002
  0.106478494108964     
  8.387890147770032E-002
  0.138076817256475     
  4.185461175383803E-003
 -0.135648327888395     
  0.197362356435544     
 -0.403036029603960     
  0.520679424749244     
  0.202111834791293     
 -0.493134520717663     
  0.659310060499461     
 -0.239536127514532     
 -5.855245839129432E-002
 -0.103990353314039     
 -0.304063691326744     
  0.250415030150059     
  0.135138181104052     
 -6.969292391565998E-002
  0.191592573485428     
 -0.286988616180308     
 -9.960513432342818E-002
  -1.41219693399718     
 -0.316002958025857     
 -0.221055897365226     
 -0.169900963361128     
  0.433088467203839     
 -0.172955917896509     
  0.396536117036534     
 -0.139204876534010     
 -6.357032344090427E-002
  0.485435408475896     
 -9.734392592362541E-002
 -7.774582818917360E-002
 -0.515640528153098     
 -0.251040641982159     
 -1.322468274578658E-002
 -0.186933352775637     
   1.39470031390512     
 -0.204167805415353     
 -0.692975635526703     
  0.173157054247408     
 -0.444119979063973     
 -0.112243435970970     
  0.349133766325561     
 -0.612099605969108     
  0.465078913224344     
  8.078253626154087E-002
 -4.550734687227022E-002
 -0.137051181738383     
  0.563060845163699     
  0.333980912426778     
 -5.401535867520785E-002
  3.583474520778693E-002
 -0.776055586212039     
  0.803043526191526     
  0.205997148793762     
  0.537383394552644     
 -0.819399031715164     
  0.563202018748068     
 -0.143408463848973     
  0.235957859635513     
  8.069223949900706E-002
 -0.612559861121921     
  0.720579943165957     
  0.364719002192893     
  0.117511767824283     
  7.251539097110120E-002
 -0.291428998258007     
  8.300123020183563E-002
  0.556437372539177     
 -1.440620781530839E-002
 -0.230212048245692     
  0.360810216379148     
 -0.612270862674062     
 -0.244418815316348     
 -5.755185216446367E-003
  0.315537245671949     
 -0.170346855793320     
  0.182469534982217     
  0.157573967941015     
 -0.144915740418944     
 -4.703702459576960E-002
 -5.397987239266126E-002
 -0.222247705959517     
  0.141162452657021     
 -0.390300249761006     
 -0.204816170393590     
  0.343700607696592     
 -0.159576641467431     
  0.233630830102164     
 -0.230924720767581     
  2.192868670405274E-002
 -9.232885190428276E-002
 -2.843777838587980E-002
 -0.343607098849330     
  0.108391230983541     
 -4.608716104579608E-002
 -4.865719472846762E-002
  0.164643230590476     
 -9.608385642831985E-002
  0.242667940932424     
  0.532174572951095     
 -4.235771417585014E-002
 -0.362939202600549     
  0.113549495277452     
  0.215901920112744     
  2.604440188575016E-002
  4.899783522595662E-003
 -0.122127154468054     
  3.607063159911602E-002
 -0.171634164558887     
  0.266715558582843     
  3.298324026237195E-002
 -4.614363069640076E-003
  0.209379167906524     
  0.217234626028719     
 -0.170093007332733     
 -0.372664802988089     
 -0.515534624854135     
  0.338996776676471     
  8.446259222503479E-002
 -0.423440133846486     
  0.341029266036424     
 -0.140156053730075     
  0.255016512185474     
 -0.170487602414299     
 -0.267420410566813     
  0.325476386189983     
  4.043486320336349E-002
 -3.692728875739967E-003
  0.165416237848200     
  0.327811230689199     
 -6.899644408524790E-002
  0.601747087287112     
 -0.133011740676416     
 -0.313019086274566     
  0.297464472642099     
 -7.158618795226225E-002
  0.318968258973584     
 -0.542025833169887     
  0.298258215448469     
  0.150964827938805     
  0.319390441183830     
 -3.725584167739901E-003
 -6.745165802836592E-002
 -7.229198337564831E-002
 -0.237824660963336     
  0.165965669767221     
 -0.104858636646275     
 -0.341300228085486     
 -0.139480081381403     
  0.490228875504016     
 -0.238322829414272     
  0.252833919813887     
 -0.536493368913708     
  2.296659939055325E-002
  4.777402365109708E-002
 -0.275798531493727     
  0.129392522101287     
 -0.423713920617406     
 -5.094130403658825E-002
  0.171449650027520     
 -0.334544197641819     
  0.316019835412895     
  0.136206116241359     
 -0.279112129681500     
  0.137714151519330     
 -2.753131311061367E-002
  2.554809102180729E-002
  0.476562136448674     
  0.842483914819558     
 -0.657700943714308     
  0.439046883118947     
  -1.43248287587877     
  0.530110422727803     
 -0.584873294103272     
 -0.407709315962926     
 -0.780487060968899     
  0.168285688086901     
 -0.435032100202365     
  -1.01999989009943     
  0.128724014629848     
 -0.234940553005588     
 -0.164601634550517     
  0.628152603315640     
 -8.711074467262750E-002
 -0.590213232836576     
  0.859277764448429     
  0.398908064570309     
  4.238323902821238E-002
  -1.30270201926463     
  0.335516498310204     
  1.357598273175871E-002
  0.994120433245699     
 -0.118109512513718     
  0.180161889001399     
 -0.133827226664222     
 -6.018677748691061E-002
  2.854964167732738E-002
 -0.133744366720643     
 -0.135360039820090     
 -5.625922206283630E-002
  0.362761542571531     
 -0.270669484208620     
 -0.204727212227496     
  0.291315554903408     
  6.053897217326438E-002
   1.01009959249581     
 -0.295532696108095     
  6.545603681075063E-003
  9.825463691521345E-002
  0.661625637202964     
  0.380248938654668     
 -5.862559361513357E-003
  0.264599895904461     
  0.139947901106049     
  1.541888885190190E-002
 -0.735540817848337     
  0.357405991617864     
 -0.961849527371114     
 -9.757209098036385E-002
  0.458346356344022     
 -5.334361065590094E-002
 -4.893153640959848E-002
 -0.108245680880503     
 -5.719107610511251E-002
 -4.357887080993598E-002
 -0.216030389818006     
  5.888855325793248E-003
 -0.195427402873772     
  0.379729536455527     
  0.229786908323766     
  0.762747043546035     
  0.332842672888615     
 -0.456571008631455     
  0.710412564710724     
 -0.346387988611415     
  0.548840630236530     
 -0.472810085847502     
 -0.267819770252593     
  0.262824708109796     
  0.113045518536150     
  9.608264981797721E-002
 -0.102920540258747     
  9.462080427839689E-002
 -0.318929819130686     
 -0.405659395902139     
  1.432222701676124E-002
 -0.758159618966455     
   1.16933634694871     
 -0.696532447453086     
  0.748186937311769     
 -0.990597361614624     
 -0.122155559712559     
  0.466047812164922     
 -0.695680174783303     
 -5.953167504122851E-002
 -0.113992541241597     
  8.376560754320579E-002
  0.191688084057155     
 -0.286512995162226     
 -0.236161104621371     
  0.121105228926317     
   1.03295848768978     
 -0.384379205518981     
  0.486423029966340     
 -0.210735426589425     
  0.308318537089285     
 -0.103923006517499     
 -0.241539636858623     
  6.837917424920609E-002
 -4.242888288394828E-002
 -0.348172644032966     
 -0.263805314189605     
  4.830125915876859E-002
  0.174769561127791     
 -8.018805945791528E-002
  6.502718339946931E-002
 -0.782375104107864     
 -1.943891509150421E-002
  0.199296474979224     
 -0.486628523875153     
  0.681476938344420     
 -0.315272451774374     
 -0.260008147296144     
  0.607446147412601     
  0.475729994991736     
 -0.101136434608831     
 -0.118352814532796     
  0.320522991432506     
 -0.126751653856328     
  0.267733711307681     
 -0.181484091721267     
  0.394106416999127     
 -0.748538074357336     
  0.454915719486879     
  0.120729058462363     
 -0.463782502786539     
 -9.191246283993991E-002
  0.139602765936992     
  0.240717918109680     
  0.166431527638426     
 -0.274292730778470     
  0.394994429840714     
  9.220041739229340E-002
  0.259667276111199     
 -0.327449465821078     
 -0.111098626233898     
 -0.264369760441851     
  0.432352039249992     
  -1.25313388097880     
  0.908639042090834     
 -0.133065238929620     
  4.729734330822357E-002
  0.486043114902762     
  0.330831687881306     
 -0.778866944444875     
  0.245858184814650     
 -0.258641101358386     
 -0.154167106680786     
  3.613809189930536E-002
   1.05693831159113     
 -8.045723971792293E-002
 -0.209845167449820     
 -0.703022941214924     
  3.800563846506898E-002
 -6.350289769274267E-002
 -0.212906922142990     
  0.106976767207887     
 -0.291353871616729     
 -0.123837770710813     
  0.544898162627863     
 -0.205802500796327     
  0.162046642410900     
 -0.424230536587305     
 -4.383852241789386E-002
  5.601864170865412E-002
 -0.735709850222855     
 -1.303102374941988E-003
 -0.269599911586735     
  0.166358596512344     
  0.152332716173943     
 -0.301562732975994     
 -0.208494353452123     
 -0.549371440428132     
  0.123324086172188     
 -0.506279533130331     
  0.139145695635463     
  0.345468986081736     
  0.130474755872359     
  0.242015657620514     
 -0.210820579523501     
 -0.267375667354423     
  -1.09840515545961     
  0.215052380681927     
  0.310558875044328     
  0.259104087402019     
 -0.302355205326107     
  0.372493217146147     
 -7.123948383705273E-002
 -0.283777256660401     
  0.385478910303407     
 -1.701893528242382E-002
  0.349678113135414     
 -0.258034027662845     
  0.148611522412517     
 -0.226466795184868     
  7.115420233078397E-002
  0.108443652125429     
 -0.451685755307809     
 -3.455741866711173E-004
 -0.134072250650059     
 -0.617209973406487     
 -9.018165823516083E-002
 -7.027412445806461E-002
 -3.312188249738143E-002
 -0.397270848433156     
  0.219306536043059     
  0.486642549807755     
 -0.379063643496294     
 -6.787777845469396E-002
  0.787748096111552     
 -0.155699512254248     
  0.149295645396731     
  0.235707772225208     
  0.637662685781625     
 -0.379168385632442     
  9.257987463672968E-002
 -8.276638127388505E-002
  1.100640200423546E-002
 -0.464743460986284     
 -1.430402083061621E-002
 -0.206440784889032     
 -0.504107629747197     
 -0.107525323988827     
  0.243023781955733     
  0.117505912612408     
 -0.614509004124347     
  6.409570344985391E-003
 -0.164630082626948     
 -0.347350074213045     
  0.161358536997710     
  3.689480309116939E-002
  0.115601489661314     
  0.435269538487468     
  0.448608350288415     
  0.992151490785723     
 -1.167683080540767E-002
  4.126113466348488E-002
  0.901776163118877     
  0.146447812966333     
  0.328734505756959     
 -0.161446389309907     
  0.809843082244186     
 -0.916788080869825     
 -0.282482856188711     
  -1.30639189221423     
  -1.73312706802352     
 -0.175526123773770     
 -0.446690091914120     
 -0.144331816585839     
  -1.01932516912656     
 -0.355062735966942     
 -0.245778697214305     
  2.733778632079964E-003
  0.478628566833024     
  0.357229508732270     
 -0.789344219356952     
  0.356549316674480     
  0.243942086081392     
 -0.179451324023931     
   1.06202241140098     
  0.996386835258864     
   1.80638490644437     
 -0.495948879870478     
 -0.747509219377961     
  0.237386995300047     
  0.845459272080347     
 -0.149990102725063     
  -1.08161296728836     
  0.807353942477994     
  -1.20472889145860     
 -0.174947154186648     
  0.658135152819486     
 -0.671066287015388     
 -0.793545626799387     
  0.542379876684156     
  0.628507969556325     
  -1.28933076578380     
  0.422121252277707     
  0.710389126421766     
  2.302390742319121E-002
 -0.225707546346227     
  0.230612822975032     
  0.110472536428394     
 -0.619614729657114     
   1.19702519042234     
 -0.831902259517163     
 -0.259231669071977     
  0.438047626223559     
 -7.246037544939946E-002
  0.707125148030277     
  0.114348681000050     
  0.194157768575256     
  5.562852568044004E-002
 -0.361731063373851     
 -0.396990237618871     
 -0.506292429156801     
 -0.782648850492134     
 -0.114503612166324     
 -1.098551430044540E-002
   1.70485921097769     
  6.843068632699978E-002
   1.43321660000593     
 -0.620580813704009     
  0.951435350855927     
  -1.45094478165739     
  0.422653396497078     
 -0.735180987977176     
 -0.567383826795201     
  0.355803471351325     
 -0.205009555986335     
  0.800941350784415     
 -0.242238282560699     
  3.765272272944697E-002
 -0.470563601226547     
  0.700444799073520     
  -1.39060469319017     
 -2.553914981357294E-002
 -0.788884869617488     
   2.13702063962411     
  -1.34549240927652     
 -0.109982875443641     
 -0.408733954332800     
 -0.176918112359104     
 -0.505454574013780     
  7.057094052659613E-002
 -0.220030846638445     
  0.447599402918253     
  0.110365236282838     
 -0.102756043233407     
 -2.644712905743969E-003
  0.550545523570190     
  0.465357238074741     
 -0.658241114599064     
 -0.269922174505418     
 -0.122601493744088     
 -3.947140880171898E-002
  0.708656135387981     
 -0.236704288191381     
  0.453134373443097     
 -3.153088176209744E-002
  0.109698038830232     
  0.132950622044765     
  6.266626766200116E-002
  6.917094583598660E-002
 -0.200951780574846     
 -0.290555543796785     
 -0.420636855801785     
  0.856482079695849     
  0.849957155077913     
 -0.369980117695678     
 -0.225137977980793     
 -0.123033787630371     
 -6.363755419960575E-002
 -0.184180281585899     
 -0.725201211720733     
  0.142298628147292     
 -4.161263748915581E-002
 -0.134243726408088     
  4.507689801182107E-003
  9.639166321843756E-002
 -1.876957960914805E-002
  0.591492526500975     
  -1.33076353144195     
  0.237895104876738     
  0.223695452288497     
  0.370265377173359     
  0.347368300211858     
 -0.682447530849307     
 -0.244732104650224     
  4.156321065698181E-002
 -0.140194440225108     
  0.258984957015560     
  0.384980714436772     
 -0.243822528675861     
  4.818823425680764E-002
  0.342397231406850     
  0.185367485826198     
 -0.452798586812204     
  0.635245914568340     
 -0.133473553558741     
 -0.116256424687931     
  0.680052879662349     
  0.544493274492103     
  -1.01061231723425     
  0.919574804581075     
 -3.928730874369727E-003
 -0.234642165239975     
  -1.02221680313519     
  0.152061386610846     
 -9.677522585368220E-002
  2.136786627882474E-002
 -0.273276742436997     
  2.753494882336406E-002
 -1.478104394800678E-002
  0.156063069984736     
 -3.910243905085674E-003
 -8.164216054796689E-002
 -9.049018838749671E-002
 -0.261573805761139     
  0.688846980179417     
 -0.103268468723300     
  0.362753578415997     
 -0.889907878615857     
 -0.341514960068776     
  0.860018529410108     
 -0.171960847385176     
 -0.364975987719382     
  4.378984076142130E-002
  5.085445493180141E-002
 -0.256041572058135     
  2.549066793878463E-002
 -0.287570390791386     
 -0.155985712688523     
 -0.225870126840266     
  0.470425774125735     
 -0.191349436025366     
  -1.10903219218647     
 -0.465159611723953     
   1.22644290024658     
 -0.327813529351049     
 -0.241568956034643     
  0.311417532534279     
  0.162529824359344     
 -0.153634493255830     
  0.211577434658693     
  0.476370950684920     
  -1.38524841003183     
   1.92886833347132     
 -0.910114923649995     
  0.636358122198869     
  0.110336441751897     
  -1.34770866843016     
  0.304930234669320     
 -0.777883445225603     
  -1.08563529037152     
 -1.055980072889482E-002
 -0.209343798975027     
  -1.24467882215166     
  0.379556947783814     
 -0.782155193582132     
  0.449399569456346     
 -0.103755585293126     
  0.406857033813456     
  -1.26160282354059     
 -0.263470604522775     
 -0.417478331461882     
  5.724038568219128E-002
  0.114705993891271     
   1.07088298099679     
   2.19659873419428     
  0.920394733629754     
   1.27174152340027     
  0.468036755735739     
  0.771135175454902     
 -0.273108443301914     
  5.917088556054416E-002
  0.285541200141921     
 -3.441201988669407E-002
  -1.04785859901475     
  0.879309770755795     
 -0.451011652075077     
  0.345447231812470     
  0.452336960650914     
  -1.32923379859667     
  0.940247996521304     
  -2.60879409056871     
  0.137910910794576     
 -0.316210023042020     
  -1.53766507646288     
  0.710235186611086     
  0.311691275712959     
 -0.518712870546631     
 -0.154466622489280     
  0.252044860899435     
 -7.514386544159096E-002
 -7.215923399008234E-002
  1.710863338852407E-002
 -0.129825213146759     
  9.971574688185506E-002
  0.273318296970583     
 -1.273367299746881E-002
 -0.187185121329291     
  0.426817311850223     
  6.473616503236411E-002
  5.527516416928030E-002
  0.327298245036254     
 -0.152116557546376     
  0.417982001288920     
 -3.036502059649234E-002
 -6.640868803617701E-002
  0.121089590353225     
  0.213659029117064     
 -1.471522503429651E-002
 -0.182693892729888     
  0.367483186829038     
 -0.267912288915541     
 -0.305596441438126     
  0.584585505305929     
 -2.809988210933392E-002
 -8.029394368882906E-002
 -0.348384685835880     
 -0.216401283880350     
  0.285307311822200     
  8.829366114057366E-003
 -0.385487958039858     
 -9.219940609788255E-002
 -0.141407281595695     
  0.352664332294123     
 -0.403883666432312     
  0.133778514699676     
 -9.044131563656874E-002
  9.740461893070348E-002
  0.104268043591890     
  0.298621490080664     
 -0.675554333857110     
  0.540669034963706     
  0.199565118766144     
 -0.264477689772613     
 -0.325251331868750     
 -0.204964321194508     
 -0.133168631619183     
 -0.770913633480451     
 -0.389610290089010     
   1.10132704676555     
 -0.136606851680648     
 -0.518046583506554     
 -0.347696648132226     
 -0.388614317410831     
  0.894250579492865     
  0.167984683970215     
 -8.797538607733311E-002
 -0.325880362612056     
 -0.416553023840717     
 -0.470894445924242     
  0.457239645334397     
 -0.213953014758471     
 -0.242325803560722     
  0.730617703171274     
 -0.865180366390790     
  0.736406246380855     
 -0.125041679102612     
 -0.415188658871467     
  0.910607818043507     
 -0.878185050672752     
  2.981347169817606E-002
 -0.396103327552963     
  0.234202300935741     
  7.108784645529411E-003
  0.651249253959943     
  3.540448808789116E-003
 -0.438636144856727     
  0.368983794263431     
  0.181822846631347     
 -5.239200663157565E-003
 -0.863704305885119     
  0.444278096521769     
 -0.142640414357212     
  0.126945132138062     
 -0.111329372025569     
  0.152497654918333     
 -0.427489998535427     
  0.292652732553802     
  0.263901449500895     
  0.965959513436385     
 -0.186559407768433     
  0.826895373066733     
 -0.135202455849838     
  0.166061079839014     
  0.229913207056167     
  0.240515863199712     
  0.171383959649608     
 -0.106692148413589     
  0.597218894305750     
  0.226372780359832     
 -0.218404721686963     
 -0.168868086276559     
  0.143460914773637     
  0.148652443867334     
 -0.416313791149851     
  4.327618727175543E-002
  4.817932433517869E-002
 -0.259268738385826     
  0.435632779237211     
  0.215683059160409     
  2.296265406998915E-002
 -0.409888146925166     
 -9.333427279477476E-002
 -0.513066356845024     
  0.238657093533424     
  9.277122850333891E-002
  0.317770113968722     
 -0.443020441922451     
  0.458690442110384     
 -0.146500292599823     
  0.538977950460949     
 -0.160111644165308     
  0.159191543415143     
  0.392423224941671     
 -0.593104339418689     
  0.125464458591020     
 -0.179036574446716     
  0.370821146768843     
 -0.243633377100306     
 -0.446673375697235     
 -6.258394747752991E-002
 -1.203051404638996E-002
 -0.104124276280763     
  8.132489919598652E-002
 -8.161673585117424E-002
 -0.301219618645751     
  0.356279065090969     
 -0.292597958870285     
 -0.124414020219750     
  0.274792591510820     
 -0.351474813802581     
  0.155036493720628     
  9.819404062028458E-002
 -0.219597952621367     
   1.00598472167117     
 -0.326262604790600     
  0.139564005388275     
  0.439371936858667     
 -0.773025589122590     
   1.58911872626238     
  -1.49434838938586     
  -1.11206749729763     
 -0.198827614100131     
  0.666331491805643     
 -0.127863654963369     
 -0.319159824546321     
  1.593040242557787E-002
 -0.614452974632701     
 -0.585862280911557     
 -0.382847770883577     
   1.29741534996308     
  -1.83314379195835     
 -0.222186889252805     
 -7.061633123698939E-002
  0.644123372180352     
 -0.849616784870914     
  0.957400863739646     
 -0.379254086374950     
 -0.144354431937280     
  0.753468016063104     
 -0.505276251056177     
  0.137226369810887     
  3.488178878694649E-002
  0.262132511845313     
 -0.122318171272185     
  -1.19168377618985     
   1.81602549991822     
 -0.260408927964942     
  0.918408021723865     
 -0.770312230214510     
  0.357501729546095     
 -0.318951365170878     
   1.22344763614636     
  0.789515697396469     
 -0.175449858281725     
 -9.013451223712866E-003
 -0.360646482349263     
  0.328597727316819     
  0.326889153913321     
 -0.437979401268497     
  0.490213815573996     
  0.712317533058864     
  0.698724896677559     
 -0.339559285398193     
 -0.274364154741397     
  0.175266380045435     
  0.754683079393144     
 -0.292131012413498     
 -0.805205964284140     
  0.510681097512960     
  0.137163160976914     
  0.365898850153752     
  0.615950843870035     
   1.30263684073435     
 -0.465480668176054     
  0.539205252631499     
  0.140636664630386     
 -0.980948632782559     
   1.03503015467151     
  0.430359178785520     
 -0.245321671502857     
 -0.964080149061276     
  0.685848617541082     
  0.269003575572162     
 -0.330158321887062     
 -0.539373472834656     
  2.624207776444148E-002
 -0.280654298222113     
 -0.607110375065187     
 -0.581255736513734     
  0.748932487676197     
 -0.301255416421922     
 -0.402137346560773     
 -0.225586470373048     
 -1.274301071007965E-003
  7.552027261439163E-002
 -0.853584855043900     
  0.434154894728402     
 -0.211509549029619     
  0.408553736805299     
  0.271404517340877     
  0.275945313007752     
 -0.611472093017581     
 -0.494946702909786     
  0.118836349302255     
  -1.16719287813356     
 -0.214743990669233     
 -0.277343824420372     
  0.259389994680664     
  0.734039149239583     
 -9.091246086322355E-002
 -0.241769891925578     
  9.628166919862188E-002
 -0.105890248888965     
 -5.099055729175145E-002
  3.063474230587354E-002
  0.290086465452501     
 -0.191312182862690     
  0.323618232264873     
 -3.401719327445211E-002
 -9.733652120380799E-002
  0.309851022373858     
  9.562007138147845E-002
  0.119430801874152     
  0.248124811906318     
 -0.443193332043938     
  0.121504770953011     
  0.367087922581091     
  0.253522010339650     
 -9.391324251034855E-002
 -0.427047720937334     
  9.384505757482778E-002
  0.139185210834146     
 -0.509052393707351     
  1.013601029316036E-002
 -3.874391599243506E-002
 -0.188057811160632     
 -0.586254331364767     
  0.288851890352290     
  0.119911066606387     
  1.640401262490780E-002
  0.488167778133583     
 -0.173539719924281     
 -0.197956292517749     
  0.772928525953212     
  0.134393137034240     
  0.264362896159071     
 -0.127054553396181     
 -0.326913311628122     
  0.526036631185308     
 -0.139339099774080     
  0.458942995692851     
  0.300418437797709     
 -0.111023791607918     
 -0.139286903691281     
  8.733000702275752E-002
 -0.155273167395493     
  0.596922673381359     
 -4.301096198206285E-002
 -0.208872352391872     
  0.563458245650255     
 -0.506374263054090     
 -8.381667655418147E-002
  0.177428105595977     
 -0.144202568735166     
  0.131566395391101     
  0.315838057319493     
  3.290979087656962E-002
 -0.204384805354172     
  6.086743021095652E-002
 -0.145372351628374     
 -0.122081333073979     
 -9.867668227858453E-002
 -0.397391740401988     
 -7.421235667753064E-002
 -0.255654864083289     
 -4.759756933851209E-002
  0.253982129459401     
  0.260167172184596     
 -0.104734334204658     
 -0.299108201060747     
  0.225681058903467     
 -0.127555162167076     
 -3.869867591035000E-002
  0.137433023017046     
 -0.131823095467875     
  0.259177793618582     
 -2.966097277596098E-003
 -0.148760367839248     
  0.297932571560975     
  0.217882833872270     
 -0.110734343139186     
 -0.463947127922703     
  0.181343518136142     
  1.478387751839692E-002
  0.228891179676610     
 -5.626830734464380E-002
  0.132813080139852     
 -0.441753619588112     
  0.526409830131291     
 -0.105157040721587     
 -0.123753801584092     
  9.455449484923070E-002
  6.898123950601830E-002
  1.661090166981693E-002
 
  0.653626784043266     
  0.132883742789095     
  0.418692122890361     
  0.201742695648860     
   1.25358794783055     
 -0.503162138449350     
 -0.836092260345253     
  5.821180601490814E-002
 -0.162288504600886     
 -0.382326737275536     
 -0.956174351707622     
  0.492516872971885     
 -1.796584774125517E-002
  0.375642903468421     
 -0.663022376259472     
 -0.453369250823896     
  1.699349325298749E-003
  0.193469466662865     
  0.606504035843149     
 -0.180937360012735     
 -0.345406206799223     
  7.016029767660001E-002
 -0.151696300071135     
 -0.988517519584953     
 -0.339065336175615     
  -1.72897576243200     
  0.443068025889687     
  0.132502661017023     
 -0.684667912537389     
 -0.711465552773988     
 
 -0.625736575576886     
  0.868466077611121     
 -0.325807575615001     
  0.300121902314705     
  0.809757330073040     
  6.252992470330719E-002
 -0.292025630765745     
  -1.15324142097484     
 -0.904775821233351     
  0.866114725295554     
 -0.306319120823045     
 -0.962774291267119     
  0.350544483728900     
  0.193238096577886     
  0.374897114477100     
  -1.14635616236667     
 -0.584367665451265     
   1.32935284513444     
 -0.574728775135731     
  0.438041200661058     
  0.221112779816701     
  0.135410874600559     
  0.406545197741949     
   2.20294155900558     
  0.411054318454546     
   1.85846280714835     
  0.312266986206176     
  0.357827543296550     
  0.507350938484487     
  -1.97149081510121     
 -0.149764793651942     
 -0.268607479368543     
  -2.49843693086552     
  0.201653793023131     
 -9.687333170185984E-002
 -0.490301928888104     
  5.413179897564674E-002
  0.550185257300909     
 -0.320173874315058     
  0.154310657470963     
 -0.530930191924560     
 -0.713456444432702     
   1.23305915432685     
   1.36687819457219     
  -1.87288655410965     
  0.117524716657912     
  -2.72604987444078     
 -0.196228690265095     
  -1.05410311177208     
  -1.17728556065797     
   1.33860473924597     
  0.691025345185587     
  0.272599154237695     
  0.303146340732390     
 -0.764718779771645     
  -1.80285958307447     
 -0.747879239423035     
 -0.367067809458670     
  3.606926348226719E-002
   2.14614511258675     
 -4.137161598542531E-002
 -0.221316356047520     
  0.241016736682685     
  0.539941623330829     
 -0.407580356049767     
 -0.627929577881808     
 -0.724065145811245     
 -0.524659909248774     
  2.704528465876867E-003
  0.110986942815391     
  -1.07190336346165     
  2.577684850535011E-002
 -0.283263045572401     
 -0.299963697006723     
 -0.312180725806840     
  0.151783824724921     
 -0.282807931668250     
  -1.08750686973933     
  0.435340671001249     
 -0.152322390222861     
  0.403974699959087     
 -0.515066674519282     
  0.529187887308663     
 -2.331009447270411E-002
 -0.202302702623129     
 -0.384005541188807     
 -0.199336719286427     
 -0.349727894984287     
  -1.21109220675457     
  0.763527729296132     
 -0.809482119199349     
  0.261495066263728     
 -0.257815902798215     
  0.897269952317676     
  5.680981461278942E-002
   1.05536667684321     
  2.750520123269777E-002
 -0.501438200214225     
 -7.205015630691423E-002
  0.406949969113730     
  5.074334411471931E-003
 -0.502926680210878     
  0.687802703537313     
 -5.524788169583635E-002
  0.565522698664487     
  8.496877549314902E-002
  -1.06678539925402     
   1.03071140357075     
  7.620811830689729E-002
 -2.422345268274730E-002
 -0.370561808186035     
 -4.639438060176758E-002
  0.276155591104855     
  0.388165266075252     
 -0.570304124971025     
  0.489646396175801     
 -0.120595474731890     
 -0.206821736672528     
  0.255680235160704     
  9.392118438120620E-002
  0.101918995930367     
 -0.170014312893115     
 -5.694336263634686E-002
  0.554225499526343     
  0.355410732168597     
 -0.817082077633012     
 -0.972587866843959     
  0.118632616446072     
 -0.312087169359859     
  0.119618899346491     
  2.140620021367096E-002
 -0.497885535626852     
  0.240026049507477     
 -0.102659605088100     
  0.847405608718299     
  0.237174560281044     
 -0.149721554236468     
  0.430884932825382     
  0.235796199535962     
 -0.254592037854175     
  0.371642631433495     
  0.889489588988232     
  0.575679362697026     
 -0.535700818991790     
  0.558776914813397     
  -1.52970487516272     
  6.528017901303818E-002
  0.500067035619523     
  0.969670826541127     
  0.427189777095481     
 -0.626498988998551     
 -0.784180519582148     
  0.446690751123214     
  0.708798488839664     
 -0.189124765603047     
  0.424034198694658     
 -8.361085657832489E-002
  0.718498987629986     
  0.956612335092255     
 -0.652859864059092     
 -0.218211986414690     
  0.886066978001251     
 -0.655427026752143     
 -1.660855551563467E-002
  0.513557362394437     
  0.420338146684213     
  0.321448552473939     
 -0.488500347852873     
  0.103275138018932     
  8.352215666332659E-002
  -1.44709213766408     
  -1.08776413282769     
  -1.91665245434603     
 -6.665233367945506E-002
 -0.178197084806957     
   1.85411185645109     
 -0.479183534721237     
 -0.642698828121336     
  -1.25685386570207     
 -8.231745103926810E-002
   1.85066416672544     
  0.848897062275538     
 -0.335347533329355     
 -0.191421019104206     
  6.290052203553079E-002
 -0.408186335124220     
  0.629285267127524     
  0.365127481570397     
 -0.129576575554980     
  4.582503716335914E-002
 -2.780480316489068E-002
  0.632575095147596     
  0.164243588648064     
 -0.504137419968274     
  0.891505175522324     
 -0.612696856654777     
  0.718142111987090     
 -0.827915815501405     
 -0.371619859330516     
 -0.165867441956135     
  0.370620337874881     
 -6.452348485865125E-002
  -1.17133198571644     
 -0.182822415630428     
  0.245657065760356     
  0.435454174282464     
  0.721901159838478     
 -0.310244038841381     
 -0.403536862338991     
 -4.101640212084144E-002
  0.489615599782540     
 -0.364977240885069     
  0.920023472784603     
   1.07968317847332     
  0.551065004876281     
  0.437727802343430     
 -0.771704542295174     
 -0.501351159582050     
 -0.786982789986931     
  0.314944737578570     
 -0.218447433836716     
 -0.779654926970086     
 -0.737312321143372     
 -0.416339119219029     
 -0.194538508566545     
 -0.528917081841620     
  0.333596883243629     
  0.254273049025222     
  0.269914709514730     
  0.286000814941874     
 -6.599579359220842E-002
  0.246846286081536     
  0.139776800400490     
   1.16131890647511     
 -5.993603816803958E-002
 -0.120140967877313     
 -0.155663721028711     
 -4.246679473937166E-002
 -0.713176149315313     
  0.167746290071036     
 -0.180666029339598     
  0.242543627326474     
 -0.532917330062640     
  -1.71768460074132     
  0.330718135290685     
   1.02469364409810     
 -0.389908570455498     
  0.647331723476232     
  0.590900764079345     
 -0.641554389489950     
 -0.135287330157410     
 -0.958430603348258     
  0.314617674196679     
  0.505644663905488     
  -1.25573646351492     
  0.586693530295027     
 -0.262212706511978     
 -0.678816205108337     
  0.882806410389340     
 -0.727802059138425     
  0.601849329993554     
  0.727972712327076     
  0.166262348349623     
  0.420743815206531     
 -0.700265897771594     
  -1.58387114813160     
  0.187804270456824     
 -0.551390480692669     
 -0.290017589331782     
 -7.778736470935410E-002
 -0.236073506900205     
 -0.363304264440310     
  0.956099223352834     
  -1.90806305845321     
 -0.448910776619432     
  0.646221828887793     
 -0.793502389133985     
 -0.591704418170594     
  0.232447477809681     
 -0.187961628830688     
 -0.626642834172264     
 -0.962120501957755     
 -0.599729055574981     
 -0.386093922915378     
  0.197056978460595     
  8.613426277232886E-002
  0.327270862292685     
   1.46596029313505     
  0.767027699288593     
 -0.494569675296347     
  0.408347435054145     
 -0.204244998178059     
 -0.213405347247452     
  0.304835038543918     
 -4.606760612615070E-002
  -1.52276424356347     
 -0.119126146066821     
 -0.322561092298773     
  0.822598999050974     
 -0.379655085853492     
  0.505603760415056     
 -0.267991968456433     
  0.439944779430224     
  0.579455980420702     
 -0.946712283101601     
  -1.06072184947377     
  0.424545112076136     
  -1.41058512231369     
 -0.203924128621075     
  0.328012925755639     
 -0.378881406577254     
 -0.294926337402567     
 -0.478973600701555     
  0.528422925255576     
  0.142559632631286     
  0.890442810368620     
  0.879979225055577     
  0.291005317081825     
  0.396907186187949     
 -0.676813756343193     
 -0.585562548918639     
 -0.971183561130848     
  0.217477982192070     
 -0.119465928167614     
 -0.716355509333880     
  0.322932287509465     
  6.072644991956370E-002
 -2.968902035484105E-002
   1.37266710824352     
 -0.914618201917170     
 -0.707702701472769     
 -0.149422357253564     
 -0.412581137464849     
   1.79475705122913     
  0.468256625582892     
  -1.97183405535508     
  0.111421990379501     
  0.288435315986197     
 -0.214642177323669     
  0.115933810746238     
 -0.721455974019082     
 -0.293520939940989     
  0.274708947187759     
  0.294578001889149     
  0.750276552696399     
  0.283459120579781     
  3.089769508798908E-002
  0.143272731488249     
 -0.702276923903501     
  0.341947869518941     
  0.515475263348632     
  -1.48370460294338     
  0.666193705457883     
  0.862409333887348     
  9.262519190606061E-002
  9.789976767954216E-002
 -0.149818406208135     
 -0.300958446990730     
  0.572987993577483     
 -0.139922125997396     
   1.20672046699613     
   1.37543026227144     
 -0.629155042920459     
   1.29756430825139     
  0.899262543645193     
  -1.67693119468212     
  -1.88655513014670     
   1.67614997075230     
  -1.74858460730290     
   1.80129042835199     
  0.746272464346177     
 -0.799243862814638     
   1.42143993644308     
  0.548409639183835     
 -0.203172111149970     
  -1.39137937680669     
 -0.994961680793439     
   1.28895550546530     
 -0.745579094644893     
 -0.595088680694302     
 -0.399524267699966     
  0.166785441389288     
  0.646190301647676     
  -1.15400248433182     
 -0.335444693367561     
   1.75529352143001     
   1.14069413079595     
   1.38346915415166     
   1.47949249299018     
 -6.741646004163415E-002
  0.547481178822446     
  0.303294551577423     
 -0.717367588967077     
 -9.750033071775342E-002
  4.661942571947492E-002
  0.179284986325158     
  0.301737640624480     
  0.106429580672607     
  9.840768605477718E-002
 -0.227594099561448     
  0.479024549849826     
  0.251733883906494     
  0.775404348765481     
  0.111221709388682     
   2.03494726347168     
 -6.748959656579764E-002
 -0.387094563864436     
  0.959354632407434     
 -0.448342083244301     
 -0.166993575486941     
  0.361512628828439     
 -0.106882155241377     
  1.734425759360404E-002
 -0.420415656097210     
  0.113590897433505     
  -1.55157326654260     
  0.131803237291757     
  0.277577718142334     
   1.09358519076130     
  0.601348119206748     
  -1.47638175713580     
  0.334190156307025     
  5.096808270448603E-002
 -0.534415496515961     
 -0.175583032972904     
 -0.583985341170709     
  0.934775663030444     
  0.932727501306106     
  0.252901437956688     
  5.221675332521379E-003
  0.349240449510478     
 -0.237022745682469     
  0.362902490591526     
  4.253570519161744E-002
  8.900682177924264E-002
 -0.200893738528577     
  0.260109793539444     
 -0.290566761255587     
 -0.523421336631635     
  0.285815298898964     
 -2.887940877531909E-002
  0.156807664396914     
 -0.153543414508602     
  7.888998723299735E-002
 -5.087546033077297E-002
  0.429517363978728     
  0.131137587135730     
 -0.344611036937886     
 -0.516780559245570     
 -2.399732240918943E-002
 -0.891139159361645     
 -0.462025254879307     
 -7.440508660186922E-002
  0.156395956810020     
  4.593312430462371E-002
  -1.12476782769036     
  0.698522496216961     
  0.637477921675692     
 -0.615244824418418     
  0.240069957296658     
  0.316053926672191     
   1.12639816639648     
  0.419082681386486     
  0.180967885959670     
  0.704213843802169     
 -0.966630167049337     
  0.521476361191018     
 -0.164093964624720     
 -0.719553861889790     
  0.559521534251984     
 -0.360105245400890     
 -0.661823932759113     
  -1.09163932479279     
 -8.232888550996255E-002
   1.09679189947569     
  0.571912613085803     
  0.297951202246137     
  0.513186680689455     
  4.027068302753435E-002
  0.515901728281845     
 -0.332280927988185     
   1.43796502642722     
  -1.28486786132853     
  -1.88138735215228     
  0.250403739891766     
   1.09421770879367     
 -0.990068481593433     
 -0.955469243030546     
 -0.542067534465028     
  0.380169700539170     
  0.799908660878385     
  0.160656425537615     
   1.27635664558311     
 -0.333630218286953     
 -0.851794967724757     
 -0.696157060909774     
 -5.270814544692450E-002
 -0.386715808638999     
  4.302042466847430E-002
 -0.254651795106310     
   1.04349065466226     
   1.24003440652018     
  0.237325471199150     
 -0.419749262280816     
 -0.291081721737114     
 -0.262828915274514     
  0.638097230051302     
  0.311120901307669     
 -0.785580517345493     
   1.26155690006106     
 -0.906579359451855     
  0.131262047367054     
  0.461122760306885     
   1.63554762468040     
  0.182412415164758     
 -0.550079606452561     
   1.34709563717946     
 -0.783882374387128     
 -0.527043786424052     
  0.532214899318205     
  8.896147000805812E-002
  0.775304302687163     
  0.351186482000539     
 -0.757785948476834     
 -0.530883881624058     
  0.103525428396452     
  0.540178455727556     
   1.51022593567566     
   1.20422634758951     
  0.412121849007328     
  0.731354761876617     
 -0.213034153919117     
   2.36154084255320     
 -0.262940239468768     
 -0.124825167770873     
  -1.16538919765330     
  4.016116589706074E-002
  0.411225704113404     
  0.988308016615442     
   1.10833142345938     
  0.697477057169530     
  0.799604569917556     
 -0.981738175932725     
  0.590450542353574     
   1.16850003973660     
  -1.70277578785733     
  -1.05731844389733     
 -6.809941262926157E-002
 -0.250932524433753     
  0.265340698983898     
  0.686624471345728     
 -0.336186284619481     
   1.13871001942535     
  0.111476293304271     
  0.883333329898950     
 -9.484068777242141E-002
  -1.18190258777558     
  2.045274117729295E-002
 -0.661539128902519     
 -8.625100797861142E-002
  0.488406040286113     
  0.245153236936180     
 -0.231780233415995     
  0.263804340536867     
  0.233921208180799     
  0.605688536196306     
  0.400369250062708     
  0.110597122052555     
   1.31873488623502     
  0.408028595601847     
  0.549326692732937     
  0.135632651916835     
  7.889811832087465E-002
 -0.305877600528714     
 -0.170006062041014     
  0.749191397153389     
 -0.474583112946987     
  0.160905439275965     
 -3.686036536259125E-002
  0.686534594290764     
  0.490040936445953     
  0.372452048199599     
  0.324748744656181     
 -4.377589049946567E-002
 -0.310170147814496     
  2.585379770288501E-002
  0.600274009039767     
  7.037913837361970E-002
  0.286414679268906     
  0.188760267389918     
  -1.02152678791553     
 -0.597132455911092     
 -0.186527140175022     
  -1.15305586376721     
  8.125097581320398E-002
  0.643799696347530     
 -0.482806273466169     
  0.549028835335821     
 -0.397509908043493     
 -0.123006478193067     
  0.195493762919574     
 -0.307985342415306     
  -1.06733452918100     
 -0.228170031067843     
 -0.480195864340673     
 -0.498803046505290     
  0.416835095427548     
  0.224241439324148     
  0.895252094993961     
  -1.42325289866572     
  0.448202420382296     
 -0.834055433327677     
  0.951979273570417     
  0.955851692513330     
  -1.26046790429431     
  0.825719105163176     
  -1.57654617571549     
  0.404576030485154     
 -0.968951795207249     
 -0.331887659450078     
   1.07269095774115     
   1.16412420991454     
  3.117237478579657E-002
  0.177820295068922     
 -0.776719012896276     
  -2.89428802433033     
 -0.142041603536429     
 -0.914151986432750     
  0.891388442929319     
   1.39652511689600     
  0.736008597644667     
  0.390341021696569     
  -1.00072930750314     
  -1.48934061768269     
  0.777812739451255     
  0.669510582317455     
  0.890966708922945     
 -6.912742186529053E-002
 -0.158078982398694     
 -0.349269528649414     
 -0.185172326091948     
  0.234253043543517     
  0.530265739617268     
   1.30751452435380     
  -1.92386289077371     
  0.131377447003491     
 -0.769003715190889     
   1.04576898853001     
  -1.19663745966971     
 -0.958079498294795     
   1.01472222516957     
  0.506240884630113     
  0.939250172525379     
   1.12815468623937     
 -0.347696999560917     
  0.231217241759558     
  0.294014202072136     
 -0.139253474697602     
   1.26271549930595     
 -0.256807999303459     
  -1.54219565135322     
 -0.897722406856968     
   1.20693024134311     
  0.353273954116462     
 -0.722665161156639     
 -0.331792356635003     
  6.492351317237289E-004
  0.827678783606730     
  0.445792514726415     
 -0.491520011753679     
 -0.511489537493753     
  0.188248444931108     
  -1.19137496406091     
 -0.198501867851208     
  5.689886179847177E-002
  0.467037463136798     
  0.921460444909455     
 -0.194300047059749     
  0.845309882894092     
 -0.274788849327920     
 -0.650554337846358     
 -0.380216849529128     
 -0.133613872483539     
 -0.612947702231670     
 -0.215022245109810     
 -0.813520778007869     
 -0.360113986857516     
 -0.281274631757636     
 -0.814783460385693     
 -7.404188487035332E-002
 -0.352334340278598     
  0.192796565806928     
 -0.470371607654359     
 -0.919031191400469     
 -0.647400624614367     
  0.327308292082135     
  0.447957285919894     
 -2.708480647360300E-002
  0.572358703726944     
 -0.697021894745587     
  0.213494233121720     
  0.267787898609093     
  0.714681539694026     
  4.357133265376521E-002
  0.380653620101997     
  0.247535890815754     
 -0.840969676106360     
 -9.103363053209004E-002
 -0.273490438223324     
 -0.105592843171934     
  0.343867192217184     
 -0.301500902672443     
  0.881827050144999     
 -0.619305174488590     
 -0.188212688439515     
  -1.13135980273720     
  2.918382533720479E-003
  4.624459519903352E-002
 -0.487631024557647     
  0.168881123846946     
 -0.722988419463673     
 -0.563997752047598     
 -3.518355683028731E-002
 -0.704476568009039     
 -0.103955626587778     
  -1.56240054110660     
 -0.525267756030119     
 -0.363073329450002     
  0.398242802941096     
 -0.887141779363460     
 -0.472181771670897     
 -0.295269594453449     
 -0.464424267520278     
 -4.865292173869928E-002
 -0.221959649525860     
  0.457367778187269     
  0.172866617642133     
 -0.703669585592113     
 -0.749258447197857     
 -0.211739062064630     
   1.15997486194488     
  0.574756599090626     
  -1.00182991535649     
   1.09002019368318     
  5.385087416999692E-003
  -1.18165166568618     
  0.419193980021055     
 -0.677015890201162     
 -0.369643874197012     
 -0.616174305509050     
  0.546430866149918     
  0.219052754219187     
  0.179250883538689     
  0.203047725672544     
  0.292811791210219     
   1.36526389429622     
  0.985188628440709     
 -7.095669272843132E-002
 -2.065337303741017E-002
  0.142156439354121     
  0.153586150816439     
   1.20399752010258     
  0.473938958345957     
 -0.337389558086922     
  0.597138332542506     
  0.431929946463113     
  0.200603077335611     
  0.455056019318696     
 -0.134526991173841     
  0.351076998484628     
 -0.301259405483241     
  0.353389083983156     
  -1.33385824365030     
 -5.529848050955222E-002
  0.317347765963541     
 -9.362364037180113E-002
  0.117621451434437     
  0.419124991061253     
  0.207796468152113     
  0.136109990942902     
 -0.278961916404169     
  0.400462770985027     
 -0.451702041988022     
  0.253743744943413     
  0.262429595123731     
 -0.847925546095515     
  1.929065749408815E-003
  0.190259263841425     
 -0.191604944792765     
 -0.130819324946795     
  0.103234409574235     
 -0.648414590884779     
  0.236484185101986     
  0.177279212399036     
  8.531526477552120E-002
 -0.391740313617766     
  0.220171325290065     
 -0.365784848333030     
 -0.415086126666181     
  0.295678060846701     
  0.398455991892067     
  0.179623049254560     
  3.382325305849132E-002
  0.248012633618058     
  0.219489432403443     
  0.409260408819244     
  0.143558208177286     
 -4.682157108401949E-002
 -7.590167187419065E-002
  7.037311320178447E-002
 -0.777779903820663     
  0.269844111560080     
 -0.371776372732080     
  0.726969326375846     
  7.757899304957226E-002
 -0.211215156683835     
  0.718575842172077     
  0.469203313368896     
 -0.176643152918685     
  0.519831556895444     
  0.267051643230647     
  0.611961413385861     
  0.560089351448047     
 -1.674533224937309E-002
  0.266123702338536     
 -0.595379387611011     
 -0.617092079432900     
 -0.647410774051778     
 -0.507476749553858     
  0.503748253270644     
 -0.224577247450759     
 -9.218229532879033E-002
  0.275239587458864     
  8.649317476207398E-002
  6.933111355584277E-002
 -0.158294060073440     
  0.155631100826894     
  3.605518225948690E-002
 -0.999245410086374     
  0.237162142964930     
  0.123368908894617     
  0.150701633294641     
 -0.287408453520606     
 -0.922190519530852     
 -0.102486015854044     
  -1.44949311529353     
  0.640423502359311     
 -9.325746896251794E-002
 -0.434164679819213     
  3.854250506442702E-002
  0.315158281284767     
  0.372550435897235     
  0.354529760487738     
  0.290945141732890     
 -0.880532490831927     
 -0.212128558858298     
  0.489255187755368     
 -0.636073192608980     
 -0.718839401110212     
 -0.170128261146171     
  0.570249212555437     
  0.681655221819016     
  0.593370321127114     
  1.187852758826063E-002
  0.287151546487852     
 -0.212542421265856     
  0.240516096651833     
  0.153670315298618     
  0.293793366358103     
  4.828217066496756E-002
 -0.575514182127768     
  0.833899917864908     
 -6.157620961134674E-003
  0.551920889952503     
  0.449828006470180     
 -0.115629307602452     
   1.01238501381972     
  -1.08753865649949     
 -2.595990808080055E-002
 -0.273012042395789     
 -0.367087759662111     
  0.820439122797263     
 -0.345776346791314     
 -0.114367616334149     
 -3.804257861492155E-002
  0.557768306529699     
 -0.320793522292820     
  0.884924407087394     
 -3.188929686392727E-002
  8.894106850673106E-002
 -8.147883170362474E-002
  0.224836952706124     
 -9.396377102126049E-002
   1.34552638323915     
 -0.870734913938873     
  0.379110441786568     
  3.834494608855091E-003
 -0.374391622081502     
  0.974008969208784     
  -1.34743864122385     
 
 -0.974064270872199     
 -0.500118922943690     
 -0.296859477959091     
  -1.52799304807916     
 -0.998458429683580     
  9.150999304941627E-002
 -5.678525627061541E-002
  -1.12669555692125     
   1.29361969569284     
 -0.264441078906650     
 -0.124937985276173     
  -1.97449164213790     
  -2.02244547954335     
   2.14943493193689     
  0.726491792255887     
 -0.714354470973272     
  0.785517720762907     
  0.628325828812074     
 -0.157779287838586     
  -1.18720591101238     
  0.983335433714739     
   2.88866308133256     
  -1.35319208946433     
  0.930077629263406     
 -0.235068067572734     
  -1.11041322078662     
  0.501954789953598     
  -1.29693016034338     
   2.31958196052448     
  3.856228277098402E-002
 
   1.14329447852699     
 -0.348222730932379     
  0.598971468458844     
 -0.308006573702242     
  0.506171618500370     
  0.221612961303746     
  0.100415742907006     
 -0.398543942398409     
 -0.815790554212380     
 -0.285973429609781     
  5.309770024189027E-002
  0.151323321907153     
  3.983518827823243E-002
  0.765348983441673     
  0.545584729748732     
  0.207127487346119     
  8.926601962508743E-002
  0.132471002132405     
 -0.407619613444298     
  0.902121838561677     
  0.502608651125335     
  0.669663071725204     
 -0.578817991745913     
 -0.563628599276430     
  0.561621645900817     
 -0.344155104371071     
 -0.700171359601251     
 -0.463741452367611     
 -0.684765191372818     
  0.167020654933500     
 
 -5.867917611500750E-002
 
  tansig  tansig 
