 0.541814262089380994E+00
 0.488382749873496191E+01
 0.303229316425962248E+01
-0.416795011662327219E+01
 0.576135493098043017E+00
 0.242412507240315933E+00
 0.266771918630024629E+01
 0.134012648070160423E+01
-0.187835570943346353E+00
 0.700832731256505470E+00
 0.424960000484746692E+00
 0.944765753674872477E+00
 0.670128896478192959E+00
-0.416429493599501488E+00
 0.425917689699603016E-01
 0.336395122608526415E-01
 0.522892267783592102E+00
 0.227288747166649388E-01
 0.181798741110402129E+01
 0.403734272499002775E-01
 0.344070301025215519E-01
 0.252508239462379713E+00
 0.825175161590477602E-01
 0.161050345219256386E+01
 0.115069577630018439E-01
 0.985784396531121619E-02
 0.396072101808310373E+00
 0.300227428865244977E-01
 0.132653309867842295E+01
-0.539466359989395905E-01
-0.468430327724928611E-01
 0.615424390565971868E+00
-0.256503394017108220E-01
-0.233184427705346226E+00
-0.311661723148709269E-01
-0.333085583659058215E-01
 0.526634329768701726E+00
-0.846426879550271627E-01
 0.102163873492561152E+01
 0.770503888320280828E-01
 0.108461939347436406E+00
 0.582829980198322217E+00
 0.157166984470763577E+00
 0.729102313146767544E+00
 0.413233191600510877E-01
 0.665213657074359560E-01
 0.214905890835302815E+00
-0.182735752380203467E-01
 0.303350657624904718E+01
 0.307391195593953725E+00
 0.551078022552438429E+00
-0.488727846556751166E+00
 0.114343117499644009E+01
 0.305799977961863068E+01
 0.185138045193422307E+00
 0.362790895747331199E+00
-0.106476680439515220E+00
 0.146437826707752017E+00
 0.804267411535536603E+01
-0.509677098661349470E+00
-0.103370973860829030E+01
 0.306991464744266684E+01
-0.834921784685413032E-01
 0.188690164426340843E+02
 0.109291321652703033E+01
 0.238602635395873675E+01
 0.837231054177777700E+01
 0.316002195483333237E+01
-0.161580445884423618E+02
 0.352639486927341483E+01
 0.881446721157545277E+01
 0.283033682634263535E+02
 0.282369228348677055E+02
 0.310511425298402450E+02
-0.113439133419333538E+01
-0.335158410075675173E+01
 0.518938054299233613E+02
-0.640856607221847785E+00
 0.319556297211641720E+03
-0.716596552041637480E+01
-0.451855805897184160E+00
 0.323865688213018599E+01
-0.861140069242817385E+00
 0.428604505281209924E+01
 0.266267915137577127E+01
 0.997180181563232404E+00
 0.150352727397337849E+00
 0.114133309889627266E+01
-0.149282899656767387E+00
 0.604909852468844766E+00
 0.291155501404065542E+00
-0.105888107175689181E+00
 0.655664084980296602E+00
 0.268697446051947786E+01
 0.284687863658683159E-02
 0.166469749986030628E-02
 0.475617913511350687E+00
 0.350891181067358206E-02
-0.118285989787914070E+01
 0.176021873000452751E-01
 0.122184723020049932E-01
-0.250694864530862038E+00
 0.537180327843227307E-01
 0.743347845879944624E+00
 0.196748175100376149E+00
 0.159191903858823425E+00
 0.975255516491230628E-01
 0.421746423574309720E-01
 0.721868346686994955E+00
 0.420999610438866495E-02
 0.333750407341351033E-02
 0.258374195142482221E+00
-0.377108969553244314E-01
 0.699082151844082067E+00
-0.126361484824719060E-01
-0.104208911526559537E-01
 0.242540786061878899E+00
-0.168736516431992820E-01
 0.504880666661236766E+00
 0.352906985768179290E-02
 0.398267080756298329E-02
 0.277305772795372329E+00
 0.119105400164037187E+00
 0.175720851462871225E+00
 0.310695653094889071E-01
 0.425839978112132062E-01
-0.831367101823271993E-03
 0.537594264415074338E-01
 0.115887776711780277E+01
 0.187622799301244425E+00
 0.274039493541524293E+00
-0.257823587465701616E-01
 0.240581483187073009E+00
-0.124720209824481909E+01
 0.116137345612043974E+00
 0.187797521701317888E+00
-0.137611243168898029E+00
 0.428520207282968787E-01
 0.263774982919405954E+01
-0.167163671936367664E+00
-0.297424409582380644E+00
 0.106016412882913369E+01
-0.516669263327266481E+00
 0.363038245532315518E+01
-0.149561709930565168E+00
-0.301969101041460186E+00
 0.252045429560099832E+01
 0.540428096137923419E+00
 0.587587012411022958E+01
 0.127628838217760721E+01
 0.312704127800462084E+01
 0.540566176682850053E+01
 0.790313902011732061E+01
 0.136823504540198471E+01
-0.358292013206446347E+01
-0.994488408819491987E+01
 0.976847359254604264E+01
 0.138475893347188030E+02
-0.246282140318594500E+02
 0.448751524998034834E+00
 0.769107206554697914E-01
 0.278037511166095008E+01
 0.249067037556665621E+00
-0.795455767309428463E+01
 0.767267580977107344E+00
 0.270116786673801179E+00
 0.515169296829113055E+00
 0.390380950744367572E+00
-0.457132526323736421E+01
 0.167217288418636945E+01
 0.789836003282860299E+00
-0.187628997124738406E+00
 0.112963884508433332E+01
-0.459169379043481041E+00
-0.930981213441914855E-03
-0.600645028416247565E-03
 0.192140465543315236E+00
 0.398417463420743176E-01
 0.840505538802319152E+00
 0.614261095878317932E-02
 0.402433434040315452E-02
 0.214909010138633838E+00
-0.132655691390805696E-01
 0.217646837231660450E+00
 0.546283536657863542E-01
 0.299428587258079235E-01
 0.692600755377089788E-01
 0.539716794970533237E-01
 0.359549666247600763E+00
-0.166730363588134915E-01
-0.115821501846133136E-01
 0.128476142538865801E+00
-0.602849708483487422E-02
 0.969202861383086506E-01
-0.350917794031831371E-02
-0.301529965059737495E-02
 0.674307097886834017E-01
-0.500829560593525763E-01
 0.215313444073634813E+00
 0.187414260571750965E-01
 0.196462860095428411E-01
-0.289051827210200230E-01
 0.448605805691750584E-01
 0.264434355762836304E+00
-0.373701187375251875E-01
-0.472650576312628468E-01
-0.282426947164368843E-01
-0.207504495383251317E-01
 0.310743893053687159E+00
 0.461999638935716994E-01
 0.667475923151838180E-01
-0.475868593722664993E-02
 0.979583654792987729E-01
 0.420947512147715364E+00
-0.131451153827225162E-02
-0.190745328823902372E-02
 0.432934205782532222E-01
 0.200098355625726726E-01
 0.559934647928880702E+00
 0.139335421322885150E+00
 0.228534559418774125E+00
-0.289114818019836940E-01
 0.363509035237441325E+00
-0.718232984551071318E+00
-0.443027000081982966E-01
-0.839290428793416365E-01
 0.768070267289567843E-01
 0.446344265707889140E-01
 0.174945817878073040E+01
 0.240537209549673038E-01
 0.559576481446065616E-01
 0.109362293263035237E+01
 0.850463025416002161E+00
 0.376358937843179753E+01
 0.146472431735908848E+00
 0.381208395646934206E+00
 0.216265180677451418E+01
 0.914799160364469528E-03
 0.132918652267038873E+02
 0.274539265846790892E+01
