 0.198182727093434785E+01
 0.113003149954264692E+00
 0.335909406528751164E+01
 0.161365301399032957E+01
 0.374455157943386352E+01
 0.186205927082915212E+01
 0.211053723463950949E+01
 0.860607388817519858E+00
 0.286305783964145011E+01
-0.329310018893539891E+00
-0.201113826865508299E+00
 0.113425194060766166E+01
-0.399067557856612187E+00
 0.526798489052383978E+01
 0.965573146587947045E-01
 0.590193126965382966E-01
 0.111944779310265963E+01
-0.151166525578474778E-01
 0.673820994908191806E+00
-0.902799299139465106E-01
-0.632599711211655202E-01
 0.672755211134220210E+00
 0.939263511320568845E-01
-0.561185047897832967E+00
 0.121095747463426887E-01
 0.988684829136730198E-02
 0.662150977961431186E+00
 0.769804191120303793E-01
 0.638361448154734612E+00
 0.247783277951179298E+00
 0.253837038229370426E+00
-0.620480176037774944E+00
 0.361445334057985290E+00
 0.929919418942744436E+00
 0.286512950457907978E+00
 0.366399146710472079E+00
 0.411166679055331774E+00
 0.476317236214096190E-01
-0.793153662944534155E+00
 0.650825570875111087E-01
 0.890692596210339305E-01
 0.358139224170504478E+00
 0.118406384432914499E+00
 0.151929987132388389E+01
 0.647742793580699354E-02
 0.932753774420433217E-02
 0.135736841988384782E+01
-0.566145652079590556E+00
 0.992502806578948849E+00
-0.241838705041655638E+00
-0.389949815072928418E+00
 0.245999875059666140E+01
-0.488875316202785570E+00
 0.152242845226796719E+01
 0.452418009974445368E+00
 0.807951266221179409E+00
 0.209321236345433226E+01
 0.156094071698578230E+01
 0.452148836839033574E+01
-0.471801501556654068E+00
-0.958272503857347191E+00
 0.492125288912068026E+00
 0.364123996074817580E+01
 0.127295710626247551E+02
 0.142167672846260418E+01
 0.341121380638530125E+01
 0.103553350438071945E+02
 0.136085667105737897E+02
 0.207005940473630830E+02
 0.482850310633819024E+01
 0.129907157972568790E+02
 0.332867598562283789E+02
 0.371283361727724213E+02
 0.165025439276320007E+02
 0.133571206512264080E+02
 0.442673883843416576E+02
 0.354507273602020518E+02
-0.124559530890937697E+02
 0.271731141853445649E+03
 0.167506374519129423E+03
 0.653841548184061327E+01
 0.562990669778041930E+01
-0.789144455292615454E+00
 0.444965095765756669E+01
-0.260249208733987603E+01
-0.114261099450871240E+01
 0.311326974652717414E+01
 0.124435841200013919E+01
 0.246717201675144970E+01
 0.807127701897516148E+00
 0.421442486356069235E+00
 0.118905272383565341E+01
 0.377760180529459366E+00
 0.373110241178138713E+01
-0.306171402906709911E+00
-0.201729982910327121E+00
 0.456409373251868811E+00
-0.628929890378853163E+00
 0.209903315986676109E+01
-0.478946438715316392E-01
-0.379648880818223705E-01
 0.626902219859257870E+00
-0.454179698236068172E-01
 0.113511510125454174E+01
-0.956840110062737031E-01
-0.731903133303920400E-01
 0.514964206126177215E+00
 0.829193532439590668E-03
 0.457363581366234673E+00
-0.273306779585878679E+00
-0.213773337117955209E+00
 0.290443389703335553E+00
 0.199980660970713903E+00
 0.384557903167133452E+00
 0.795221230010852739E-03
 0.778703740133527980E-03
 0.437576354284660851E+00
-0.123877939976328025E+00
-0.590691573800746661E+00
 0.120020075058635337E-01
 0.127046907723063190E-01
 0.427053884426401242E+00
-0.837669370233564692E-01
 0.222263400805505495E+00
 0.268219209117004712E-01
 0.312287790959363439E-01
 0.363486437354545833E+00
-0.375107100863700596E-01
 0.720497069697224379E+00
 0.229674190173351667E+00
 0.330607843912955557E+00
-0.117283220508958286E+00
 0.771751748369124635E+00
 0.995358128064064540E+00
 0.147676763688834506E+00
 0.249081845356374176E+00
 0.844455371348802442E+00
 0.780968675346614821E-01
 0.196823134563953683E+01
 0.261287121200731998E-01
 0.463076050721542842E-01
 0.756068621900997662E+00
 0.222008442467749445E+01
 0.180932459372748733E+01
 0.106272462784798605E+01
 0.227667473825340849E+01
 0.263071797736886381E+00
 0.206762454532478213E+01
 0.767486278592203242E+01
 0.109479929104483964E+01
 0.270342058336230684E+01
 0.749194287101057821E+01
 0.677183936411365295E+01
-0.851613795020542269E-01
 0.107094754438979178E+01
 0.304425267046952897E+01
 0.157433749571161243E+02
-0.120024544027200886E+02
 0.148597741126143692E+02
-0.101687354474816338E+02
-0.168755468877770687E+01
 0.615751443052409542E+01
 0.108147023358827243E+01
 0.483865491908345557E+01
 0.670943617645580193E+00
 0.232036429230742774E+00
 0.124104597349013224E+01
 0.686905690372521138E+00
 0.496594874607168535E+01
 0.107464058749907188E+01
 0.455986794053559019E+00
-0.204202982781844650E+00
-0.353461858429818976E+00
 0.225437458664575008E+01
-0.112292503578866665E+00
-0.574868280228244891E-01
 0.472323492475436091E+00
 0.258902626168977662E-01
-0.832743202699684271E+00
 0.526035846884798375E-01
 0.288035425866678338E-01
 0.232243322613225917E+00
-0.131330673746981597E-01
-0.461527433761377448E+00
 0.503122127630323476E-01
 0.332820296277839822E-01
 0.194362451094138688E+00
 0.865899203812273976E-01
 0.842758795153605578E-01
 0.154538046273154945E-01
 0.132699556945284399E-01
 0.170367569702559729E+00
 0.958323160989414322E-02
-0.161168666172880393E+00
 0.823356153026714305E-02
 0.791174263128803686E-02
 0.934717761957112730E-01
-0.226799182146356667E-03
 0.191966712347781426E+00
 0.565754841319259238E-01
 0.592941427828216697E-01
-0.505662890795760475E-01
 0.149474084234473364E+00
 0.190666025606103406E+00
 0.830070344663526305E-02
 0.100401555119972886E-01
 0.169285704076014759E+00
 0.920693348175930654E-02
 0.128409794323805060E+00
 0.549868092685137366E-01
 0.733456529630769627E-01
 0.113032865838296831E+00
 0.126488196391801977E+00
-0.273385443172549314E+00
 0.217861134321563031E-01
 0.315139348537472330E-01
 0.269773987694889417E+00
 0.151044017306197903E+00
 0.352107817311814508E+00
-0.124566578925715016E+00
-0.235388837932232725E+00
-0.363807702227689489E-01
 0.174105444740862925E+00
 0.911862553456322389E+00
 0.182542722542548969E+00
 0.367911709670999620E+00
 0.185899069484961127E+00
 0.369932184042853718E+00
 0.147471388764139633E+01
 0.852507746176929038E+00
 0.191633362719555511E+01
-0.202219094446533715E+00
 0.244423470527625186E+01
-0.190376285774880083E+00
 0.980832864521995473E+00
 0.262227245441233148E+01
 0.154876857040137161E+01
 0.753398565300883338E+00
 0.129960167391292103E+02
 0.207063562753975150E+01
