 0.420156201652576122E+01
 0.118808394976654927E+02
 0.533522519215965474E+01
 0.709162301558774821E+01
 0.125915264007603547E+02
 0.480692446907913684E+01
 0.317469303334245634E+01
 0.220257687169612559E+01
 0.308662322468989148E+01
 0.253085312703691701E+01
 0.126742557478676243E+01
 0.298723862995929323E+01
 0.546784056847809119E-01
-0.105945657522722714E+01
 0.105765017013713311E+00
 0.650602273172146001E-01
 0.212574981787030204E+01
 0.114960446591281618E+01
 0.129975936000127601E+01
 0.109746310397946911E+00
 0.733198580474333644E-01
 0.123240572159899719E+01
 0.525277580270548383E+00
 0.224266500218343801E+01
 0.885192005867305870E-01
 0.663528162814423922E-01
 0.135168251604050216E+01
 0.515437043917631788E+00
 0.489700070457551151E+00
 0.266653264804167067E+00
 0.245433455977100173E+00
 0.100697072733679982E+01
 0.297846323034171301E+00
 0.607104903144345509E+00
 0.433687431842492144E+00
 0.507201729476329355E+00
 0.143548137666276776E+00
 0.107222626711046831E+01
 0.457342275141092547E+00
-0.785833473145813866E-01
-0.962076492284530127E-01
 0.546213446610843922E+00
 0.189816001187780026E+00
 0.168530822831674665E+01
 0.416683200942799037E+00
 0.600855626981885105E+00
 0.579563581538926731E+00
 0.544465170581941327E+00
 0.186077112973524228E+01
 0.759579448698618070E-01
 0.126058773424144455E+00
 0.205158628683110811E+01
 0.188383383658965314E-01
 0.277676581750967211E+01
 0.709823198845194788E-02
 0.123428742975436202E-01
 0.464957674627750350E+01
 0.488827110585579372E+00
 0.250736938998759484E+01
 0.105459688925701164E+00
 0.214853592799901544E+00
 0.712957780564179711E+01
 0.396837802153897767E+01
 0.127544817047263219E+02
 0.245338349592885446E+00
 0.558839041258032410E+00
 0.204034746317827143E+02
 0.963059411928375120E+01
-0.668946085018192704E+01
-0.203529132789289147E+01
-0.590139285551198078E+01
 0.619025585984886035E+02
 0.617160421301907647E+01
 0.468021857188205104E+02
 0.527776197071854414E+00
 0.170261530298221420E+01
 0.109071385263182179E+03
 0.487820006775089112E+02
 0.277502059931160034E+03
 0.862935672467624215E+02
 0.591219561390976889E+01
 0.432269701007761586E+01
 0.551066638788439711E+01
 0.488083794870023002E+01
 0.155557536334224156E+01
 0.567014366086714738E+00
 0.669627506843055098E+01
 0.115209671432514416E+01
-0.125875107850700774E+01
 0.124614757089386385E+01
 0.619310283854737187E+00
 0.194258018818459766E+01
 0.467824524852671453E+00
 0.410240945521090428E+01
-0.367030545584849821E+00
-0.227483141869866845E+00
 0.806744584306373080E+00
 0.410779203435345963E+00
 0.202696066831582034E+01
 0.836444843781361663E-01
 0.584333951026957468E-01
 0.815567468817352315E+00
 0.110528589474147131E-01
 0.113840943082187129E+01
-0.146561366616247534E-01
-0.120072039889324630E-01
 0.588283749411157242E+00
-0.940756868531924910E-02
-0.434662356174505271E+00
 0.232019597102014752E+00
 0.205006487724917641E+00
 0.236914857662952061E+00
 0.159731169814316926E+00
 0.105361573034542300E+01
 0.147706737881609734E+00
 0.116250942404123994E+00
 0.419402075882940706E+00
 0.824261983038311330E-01
 0.490853570595482458E+00
 0.154999638296262291E-01
 0.158088600185555261E-01
 0.275257625562528863E+00
 0.931324768666013242E-01
 0.837651496802399587E+00
 0.673869185922586350E-01
 0.833297311496082743E-01
 0.679773884612934531E+00
-0.389049432411105872E-01
-0.750118743469741056E+00
 0.795249909036379599E-01
 0.109134020718478802E+00
 0.962885937101903289E+00
 0.134084632915637159E+00
-0.257173155339613879E+00
 0.100976307488568715E+00
 0.145932653768169884E+00
 0.814645156172575824E+00
 0.905096515663316281E+00
 0.183568270158533609E+01
 0.829491477874301997E+00
 0.146416087734741174E+01
 0.390541554547413683E+00
 0.271936614545071587E+01
-0.257780254316976398E+01
-0.383453616858321522E+00
-0.929688325229675483E+00
 0.362914993075883618E+01
-0.193149052930763943E+01
 0.699304358004154469E+01
 0.132014583891684323E+01
 0.308874946506569481E+01
 0.993632461583349880E+01
-0.495449197202174674E+00
 0.870292290176462124E+01
 0.655199823595149056E+01
 0.191457217755438158E+02
 0.447142206300859879E+01
 0.404946941584227282E+01
 0.689657494043103156E+02
 0.915450421680653470E+01
 0.227820777024045062E+01
 0.130695224270492858E+02
 0.544293250120490146E+01
 0.113328011498209076E+02
-0.233497954165946808E+01
-0.820991999486442303E+00
 0.453375212239928338E+01
 0.234970264756435743E+01
-0.496024827417298808E+00
-0.392272411805836108E+00
-0.180182237358373881E+00
-0.454891074841502985E+00
 0.192084033027280920E+01
 0.345130437855772110E+01
 0.654908039362397110E-01
 0.334372696395622351E-01
 0.960036051482038966E+00
 0.340369363088597665E+00
-0.283484190009263948E+00
 0.607383815380134889E-01
 0.313499187848821637E-01
 0.386630916040532180E+00
 0.138696955973207109E+00
 0.621991062187674193E+00
-0.293819036835438335E-01
-0.175063738797510970E-01
 0.337601226202436488E+00
 0.743450839766555266E-01
 0.865514123985384742E-01
 0.748764569248325795E-01
 0.550762955774419388E-01
 0.817692347505049599E-01
 0.843590067618601169E-01
 0.307636067402366764E+00
-0.158054668760015740E-01
-0.132298763233599445E-01
 0.177737180266670625E+00
-0.355200490616910114E-01
-0.861220481750973321E-01
 0.253437879372955767E-02
 0.243141539979452575E-02
 0.182076211418248229E+00
 0.703537437012881871E-02
 0.200604508598717007E+00
 0.114689931462112031E-01
 0.135218026127185472E-01
 0.244083131171949103E+00
-0.137228114024098465E-01
 0.162022104291126623E+00
 0.219025797970711682E-04
 0.291050927997502519E-04
 0.319911434831690600E+00
-0.154033248574971370E-01
 0.986130298976622133E-01
 0.101793318011569461E-01
 0.168017074904957854E-01
 0.348751559911724462E+00
-0.315869411418702520E-01
 0.375877777299162774E+00
 0.399880006481275127E-01
 0.683488531355046086E-01
 0.201566809145519499E+00
 0.378541862458500022E+00
 0.115212935007626482E+01
-0.800059013409945563E-01
-0.169622663924021699E+00
 0.145618492335325223E+01
 0.324770909737283175E+00
 0.104283574817368985E+01
 0.513884739802879964E+00
 0.114015698381377817E+01
 0.823121986237783543E+00
 0.184244233806191593E+01
 0.377176937762336228E+01
-0.457714039250046445E-01
-0.124686271116418848E+00
 0.582983290903639517E+01
 0.260698289863318511E+01
 0.106262192671277784E+02
-0.228078224109094219E+01
