 0.106460203980227632E+02
-0.162312825009123820E+02
-0.312812705760196197E+01
 0.440767091726161482E+02
-0.841773035403159220E+01
-0.206475520837754933E+01
 0.392377370808504322E+01
-0.328723138183458419E+01
 0.128959730683716938E+02
-0.800488887622353706E+00
-0.286144859366957049E+00
 0.170978439992505193E+01
-0.706941689523861494E+00
 0.444584540086414925E+01
-0.206634342567957562E-01
-0.949303970741541096E-02
 0.113546238154951218E+01
-0.417777994793879504E+00
 0.214586720254500785E+01
-0.432226344769729293E-01
-0.275468308373674718E-01
 0.983920784604074727E+00
-0.158581057820742249E+00
 0.162384560810426515E+01
 0.173849251124637977E+00
 0.137387613825299931E+00
 0.383723912575011816E+00
 0.130241852491818411E+00
-0.304740624849234365E+00
 0.700492106574295004E-02
 0.647950998579282112E-02
 0.611018924927592133E+00
-0.511257774369762788E-01
 0.223802555808291670E+00
-0.100418553986408258E-01
-0.110691880026268594E-01
 0.342908702615380812E+00
-0.158875520337040804E-01
 0.138703090572248411E+01
 0.587757592568115619E-01
 0.744539160652191306E-01
 0.852079071316697356E+00
-0.453969926091510392E-01
 0.311875862272965820E+00
 0.272831912169882784E+00
 0.394660963041169821E+00
 0.271216591420312958E+00
 0.502189933625353246E+00
-0.100888661211432873E+01
 0.240853019328998802E+00
 0.394119117561027188E+00
 0.139056956011140742E+01
 0.684230635118990405E+00
-0.217710473995972009E+01
-0.627104212153606760E-01
-0.107757093964450476E+00
 0.256912803023109371E+01
-0.269491763768167691E+00
 0.272998866506119553E+01
 0.297159893082738769E-01
 0.565970667707077352E-01
 0.414035101128928584E+01
 0.980998990768351620E+00
 0.350079301637375817E+01
-0.326448378576167930E+00
-0.741740642252880944E+00
 0.532478808210101473E+01
 0.634024921944006259E+01
 0.156083073450704113E+02
 0.103414112709355344E+01
 0.274047809947552956E+01
 0.198954803254340611E+02
-0.873513901245872404E+01
 0.247073209872935777E+02
 0.322743067355226199E+01
 0.106041991002377145E+02
 0.572893956530594224E+02
-0.226598820390943665E+02
 0.413531068639328936E+02
-0.172134062056952857E+02
-0.321462673141493394E+01
 0.936501494602273432E+01
 0.247449162596220731E+02
 0.291746140960701190E+02
 0.446592837405593457E+02
 0.125058822048005922E+02
-0.203874780189220894E+01
-0.962579819993139374E+01
 0.542992077390777261E+01
 0.441662507984824160E+01
 0.179953918198096985E+01
-0.132222233759220176E+01
 0.368082804580061973E+01
-0.794677767103433741E+00
 0.136934974799510734E+01
 0.680596720755883289E+00
 0.140786825766864854E+00
 0.113848670351183379E+01
 0.586153585309220682E+00
-0.280779808435238296E-01
-0.169809079230996730E-01
 0.556159808502503128E+00
-0.170610454026018682E+00
-0.196136842837708686E+00
 0.159205361857243412E-01
 0.110907782866620681E-01
 0.284468101654533512E+00
-0.414982476135065184E-01
 0.648566589779408287E+00
 0.225570874703986089E-01
 0.190519678137560135E-01
 0.200402686196441276E+00
-0.252354516466887155E-01
 0.662714095971171036E+00
-0.561120449026245721E-02
-0.490164667784300477E-02
 0.236819843899637617E+00
-0.213840450399621143E-01
 0.210561183033627281E+00
 0.235724935070122349E+00
 0.272347770619425056E+00
-0.176848136336684933E-01
 0.224064800040078893E+00
 0.397520901793224468E+00
 0.124239505280894225E+00
 0.169052328737912538E+00
 0.105634102232230173E+00
 0.176882924842126310E+00
 0.938964391942790466E+00
 0.102266923283880901E+00
 0.133115840685284037E+00
 0.328354987511692953E+00
 0.366293725881369270E+00
-0.368444078281981224E+00
-0.122820410961960499E-01
-0.169506273349316026E-01
 0.451222391500651854E+00
 0.205027769179950109E+00
 0.162709143707127502E+01
-0.486145490903508448E-01
-0.847782202851354721E-01
 0.155949431484335954E+01
-0.328400624855483103E+00
-0.345380081837267483E+00
 0.374983975260062274E+00
 0.789282533838229772E+00
 0.231438758467886663E+01
-0.138033130028419859E+01
 0.396034185075510026E+01
-0.441518134506870552E+00
-0.110760351492697962E+01
 0.331268642549757120E+01
 0.545501424383117683E+01
 0.581065968652849296E+01
 0.371766546155014477E+00
 0.106949559451247644E+01
 0.861505914151989849E+01
-0.737368517821288261E-01
 0.360009956160229834E+02
 0.193917121383438271E+02
 0.996504861566928923E+01
-0.803478741505358407E+01
-0.110394678318150885E+01
 0.173067154386165960E+02
-0.114965175298380951E+01
-0.298673754959839499E+00
 0.200295039535965280E+01
-0.187198280389805083E+01
 0.469828663202942121E+01
 0.139204081016143844E+00
 0.418557132116367803E-01
-0.439137368872611067E+00
 0.595679941818196612E+00
 0.167239221275216088E+01
-0.797188305813445290E-02
-0.343796734420287638E-02
 0.432066209557321335E+00
-0.110851632761051866E+00
 0.730538063835528217E+00
-0.860099197042237945E-01
-0.509831394733184992E-01
-0.427798187684851478E-01
 0.659164754059060748E-01
 0.489789469367306329E+00
 0.851895052165900918E-01
 0.545599182567955837E-01
-0.787676059980615406E-01
 0.151097520250966771E-01
 0.515493728545095120E+00
-0.453500065459134984E-02
-0.316715801615670813E-02
 0.120605220661778798E+00
-0.863385023708852783E-02
-0.266193285890848397E+00
 0.933296417221631674E-02
 0.819114778761372703E-02
 0.822047863313781768E-01
 0.415980682276309143E-02
 0.195135624590899837E+00
-0.344851048468903815E-02
-0.388665028808981043E-02
 0.101670504353567323E+00
-0.149858175742167473E-01
 0.981819837211047874E-01
 0.260734087061397779E-01
 0.287502530875489298E-01
 0.532222131511597488E-01
 0.261500771103046585E-01
-0.261655783635796779E+00
-0.283375679821157057E-01
-0.361460429565085561E-01
 0.113904892296950694E+00
-0.453905134203002464E-01
 0.228155489823174268E+00
 0.382741413746494272E-01
 0.498812994303068288E-01
 0.169057705979397482E+00
 0.579602907575677978E-01
-0.113113587981191529E-01
-0.106352594188498614E+00
-0.183689619161824330E+00
 0.821171949367587167E-01
 0.287716658819101745E+00
 0.428398034579357823E+00
 0.295374925947927171E-01
 0.695407140284627773E-01
 0.561232689232317172E+00
-0.322772829845728443E-01
-0.420114363002344560E+00
 0.105549767850068046E+00
 0.246600329782254102E+00
 0.128400902185489696E+01
-0.482934186343127625E+00
 0.559975931275192296E+00
 0.140646507273242155E+00
 0.380781504168827722E+00
 0.209332909652376387E+01
 0.754044810750223227E+00
-0.215830449481751740E+01
 0.000000000000000000E+00
