 0.465648503655408152E+01
 0.102210746115245268E+02
 0.456328279865104314E+01
 0.801779710840153115E+01
 0.141542514501557193E+02
 0.540350831755741634E+01
 0.342041773493580159E+01
 0.219797019512260094E+01
-0.527366774338293709E+00
 0.410104621932078361E+00
 0.205376234844381972E+00
 0.258270042510630082E+01
 0.205552521721438897E+01
 0.162759216834262577E+01
-0.123142443084698328E+01
-0.757497664700309548E+00
-0.117784168650096155E+01
-0.125159076632752653E+01
 0.507936156599033062E+01
 0.340331708846884406E+00
 0.227370491920982160E+00
 0.148638963308689553E+01
 0.291951068203196051E+00
-0.610521166664000914E+00
 0.368401357541141838E+00
 0.276148761316600599E+00
 0.723317590096634211E+00
 0.577381442979898907E+00
-0.545821300441811652E+00
-0.196522936704141039E-01
-0.180883978936051196E-01
 0.855637187836202795E+00
 0.398202831738952268E+00
 0.985957622049583038E+00
 0.759229077881307890E+00
 0.887925895694329004E+00
-0.300123900371305652E+00
 0.311191623728793998E+00
 0.848915339422690152E+00
 0.383769421214850831E-01
 0.469839414106936262E-01
 0.926886635929402347E+00
-0.315548887232894176E-01
 0.124097186510146162E+01
 0.173542219027018579E+00
 0.250247234794621076E+00
 0.295848684933736061E+00
 0.893890808404678272E+00
 0.224485295690091924E+01
 0.222070943242762608E+00
 0.368545920591813680E+00
 0.256374616622026386E+01
 0.171139121595159471E+01
-0.133752599776385983E+00
-0.178957964217357240E+00
-0.311183920231505207E+00
 0.345704008386695572E+01
 0.214417413297085135E+00
 0.404952755914287543E+01
 0.208081589788319299E+01
 0.423925744679873784E+01
 0.173103531537525956E+01
 0.135550393401500524E+01
 0.133893383031470545E+02
 0.402047879591118384E+01
 0.915796702567534204E+01
 0.113792319046393575E+01
 0.115167836627641815E+02
 0.304390912180329174E+02
 0.439528563014598861E+00
 0.127442724587892653E+01
 0.539871845520547780E+02
 0.137618105801368138E+02
 0.743478352356337879E+01
-0.116310934374104402E+02
-0.375221121885019144E+02
 0.278990527421065622E+02
 0.119093885981035914E+02
 0.294725443768697914E+03
 0.100060249653044835E+03
 0.685538665279413362E+01
 0.119275793092334155E+02
 0.346817468065599055E+01
 0.372441380953197809E+01
 0.103292192202773396E+02
 0.376504785713021706E+01
 0.211834214234818408E+01
 0.230121871957874147E+01
 0.305337185448628823E+01
-0.870840300211917828E+00
-0.432790117409234232E+00
 0.294540287161899261E+01
-0.577967221666478403E+00
-0.596507676936097297E+00
 0.758977841030018863E+00
 0.470409523033016475E+00
-0.295292618906496052E+00
 0.120432134883337527E+01
 0.248779127511216558E+01
-0.580619546583046250E-01
-0.405616360983911198E-01
 0.107510878536052257E+01
 0.187174145536795900E+00
 0.516992186804604570E+00
 0.834507794634308138E-02
 0.683679850418199200E-02
 0.503687751640833903E+00
 0.394857758842862561E-01
-0.716672494985619579E+00
 0.211050348744015459E+00
 0.186478604693490702E+00
 0.278906594403534047E+00
 0.138826467955691008E+00
 0.701434642401631558E+00
-0.166753451881094666E+00
-0.131241446452197125E+00
 0.714591076012805193E-01
-0.907818272521317693E-01
 0.630275904225097938E+00
 0.368403929023240553E-01
 0.375745789359994836E-01
 0.383654341201810578E+00
 0.617605729245275376E-01
-0.722667605403274349E+00
 0.336127844009551577E-01
 0.415651041156689868E-01
 0.681599585593485435E+00
 0.150748601924228731E+00
-0.926567237617814343E+00
 0.390894933935587441E+00
 0.536434337610509293E+00
 0.526812845783298012E+00
 0.250318049412768084E+00
 0.366596638959097165E+00
 0.118763957909556864E+00
 0.171639664598697339E+00
 0.933401729225505350E+00
 0.733733385253641401E+00
 0.126348118515575569E+01
 0.499207887618310253E+00
 0.881167170743054062E+00
-0.575397795258290948E-01
 0.498405390317418429E+00
 0.397794140103662341E+01
 0.131149565178680505E+01
 0.317973841541877267E+01
 0.227649975055375320E+01
 0.146839351641196880E+01
-0.442553273894238774E+01
 0.219106706671766505E+01
 0.512644666274143912E+01
-0.325140333454125852E+01
-0.237361012133508442E+01
 0.210410081191184410E+02
 0.570725366552833879E+01
 0.166772771981355561E+02
 0.104895613807135355E+02
 0.641454724109011920E+01
 0.569009092773157974E+02
 0.141691037318019646E+02
 0.352615078377175539E+01
 0.392885511423361922E+00
 0.411826809334850363E+01
 0.522949142420888524E+01
-0.396251884761701256E+00
-0.139324401506137396E+00
 0.194283229898640863E+01
-0.206895458036618657E+00
 0.864956612844327211E+01
-0.200410079728637780E+00
-0.920542344245958710E-01
 0.185065252484127640E+01
 0.125060076091611161E+01
 0.484194331155098412E+00
 0.428165446366348068E+00
 0.218606012142307571E+00
 0.739700692800519866E+00
 0.877525407387491629E+00
-0.449568274701392712E+00
-0.816924239848173667E-01
-0.421652798842085466E-01
 0.557081383421527909E+00
 0.404468388414564339E+00
 0.415048607448164408E+00
-0.550593668470282724E-01
-0.328055619536423357E-01
 0.301722961718050076E+00
 0.158621153452302543E+00
 0.347702957669583756E+00
 0.781475058206415885E-01
 0.574823556827524715E-01
-0.755430010600792734E-01
 0.151565028304037008E+00
 0.250849929854026932E+00
 0.132513568506447715E+00
 0.110919730259236293E+00
 0.126202975212625662E+00
 0.751201600079678261E-01
 0.621743204752060914E-02
 0.531519891335072020E-01
 0.509926003282014720E-01
 0.153212302650440835E+00
 0.283178111355252143E-01
 0.655531655039824634E-01
 0.670286511752079261E-01
 0.790259597362598376E-01
 0.381532151409499434E-01
-0.161270077265127203E-01
 0.288265493560477315E+00
 0.592348623025768309E-01
 0.787138401170197483E-01
 0.246728722462514011E+00
 0.622148767582830636E-01
 0.164704482439006789E+00
 0.303994217886836282E-01
 0.501763969139521621E-01
 0.362492111533333494E+00
 0.661352025055588905E-01
 0.486372708896473438E+00
 0.200723771020161978E+00
 0.343083908269970650E+00
 0.283632614633046121E+00
 0.733679592246283957E-01
 0.984141501806972685E+00
-0.103797896539813431E+00
-0.220064713048507249E+00
 0.120097594650263151E+01
 0.676303286017644334E+00
 0.247680242849942056E+00
-0.160953320911722791E+00
-0.357107418632267581E+00
 0.298706854155019252E+01
-0.293328601115713683E+00
 0.182614301357814779E+01
-0.879280702491009092E+00
-0.239525604759387001E+01
 0.414570443091331953E+01
-0.720829576806523042E+00
 0.113931134748121128E+02
 0.226835745217640605E+01
