     48 -    30 -    30 -     1 
rmse=  52.7287meV
  5.196468090904570E-002
 -3.515639387058838E-002
  -1.66343844679859     
  0.900706208764616     
  0.195717260038313     
 -0.136065356654102     
 -3.120493454192241E-002
 -1.611428763479015E-002
 -9.257967952942225E-002
 -0.118609167707901     
 -9.928556935101944E-002
  0.515356268980507     
 -8.054342425915960E-002
  0.105584938777844     
  3.749403542921700E-002
 -0.337438400085254     
 -1.171568041966615E-002
  0.283194390401468     
  0.313997405453962     
 -0.366442247927373     
 -0.593956565903602     
  0.295954448045579     
 -2.702052441129427E-002
  0.574235571811743     
  9.965940608116533E-002
 -6.846629165308514E-002
 -7.478049980096141E-002
 -0.126290579424493     
  0.185092874558066     
 -0.131305645037340     
 -0.386505500068428     
  0.423180524008854     
 -0.414083510305619     
   1.20336840675409     
 -0.160052481349785     
 -0.591655758546483     
  0.778441068890598     
  0.302603861708222     
  0.234219451196689     
 -0.256771078739806     
  0.272656123248783     
  0.793718123961652     
 -0.322622411941378     
 -0.104829501608949     
  3.106884015857691E-002
 -0.239591222233530     
  0.253485894257252     
  0.164776763412276     
 -0.105986806039472     
   2.42646221108869     
  -1.75570997607972     
  3.502294634406765E-002
  0.659802003617343     
  0.301397656957405     
 -0.382445748196871     
  7.490723162802831E-003
  4.728288897435512E-002
  5.730496030655657E-002
 -0.343753659404696     
  0.495421378809431     
 -0.802895267515978     
 -8.056975861577772E-003
  0.611320309488611     
 -0.303661215003002     
 -0.243065998990455     
 -0.221565077815809     
  0.475336118059014     
  0.507650109014637     
  0.337420254254466     
 -0.337563024496210     
  0.460883563296801     
  0.184171439765949     
 -7.088301771061785E-002
  0.177672687544388     
 -0.111568455376606     
  0.766092549830925     
 -0.241877383175011     
  2.251880923324800E-002
 -8.074666808843449E-002
  0.387207870358774     
  -1.21619865245182     
  0.934482004620440     
 -0.306604325984322     
 -0.989537827329693     
  2.431389201015158E-002
 -0.667551276219956     
  0.203599877501327     
 -0.508008416024754     
  0.197171084361029     
  0.391434554317851     
 -0.212382446609894     
  5.884067914276298E-002
  0.549859463149329     
  0.415873557890555     
 -0.705460928741403     
  0.234403940460728     
  4.117863191521768E-002
 -0.528623360010376     
   1.00643894519029     
 -0.233304620287133     
 -0.109670451888614     
 -1.642522457756180E-002
  0.194339019027352     
 -8.497852828289806E-002
 -0.102725750470916     
  0.171009631585115     
 -8.284361218577201E-002
  5.944110351533223E-002
 -1.042399345900767E-002
  8.433185612014271E-002
 -8.479960927635367E-002
  0.256234829724652     
  1.010253286480710E-002
  2.360997896805983E-002
 -2.989510967453281E-002
 -0.129850909017258     
 -5.875764525232099E-003
 -0.262421724975587     
  0.327818082817514     
  0.150416135394692     
  3.537282145057585E-002
 -1.330717835155585E-002
  4.847376104913361E-002
 -5.594553572660140E-002
  4.889712994515105E-002
 -7.284328452182136E-002
 -0.109541270957956     
  2.773922317789053E-002
  0.166926002511898     
 -0.642813285558778     
  4.800222195187575E-002
  0.146986710534813     
 -5.011829181574202E-002
 -0.150567595889095     
 -5.420589290003660E-004
 -0.181193939988473     
  0.155796879250281     
  0.132209351278375     
 -0.110073905032979     
  4.894849278210860E-002
 -5.076795303626788E-002
  2.183811731351035E-002
 -0.101364380386568     
  6.987027526806838E-002
  8.616088823236824E-002
  0.531365685575778     
  0.231654338737818     
 -0.117877901036900     
  9.077467995706330E-002
  -1.11954066579025     
  0.777856141024233     
 -0.804282272869472     
 -0.421186902254017     
   1.53764280970988     
 -0.795918162479979     
   1.20025184672640     
  -1.21772027107237     
  0.542183163374442     
 -0.243513179061205     
   1.08018087102492     
 -0.923934819955292     
 -0.855822854610470     
  -1.12379291134179     
   2.85383975693064     
  0.827793231913709     
  0.214124646718461     
  0.547925169677682     
 -0.129451967602753     
 -0.390292824775340     
 -0.682335951116072     
  0.483426616262206     
 -0.782062615601491     
  0.540602528426329     
 -0.674224638911393     
  -1.00627871448014     
 -6.289071933433375E-002
   1.05638693984702     
 -6.856454879070378E-002
 -0.720739222867314     
  0.141473302381951     
  0.479115206564502     
  -1.97621246619614     
   1.26272227306221     
  -1.64517593591453     
  0.617257835615166     
  0.524758562182992     
  -1.05996318653403     
  0.105764551708349     
  0.270326591448642     
  0.297524950498356     
 -0.583750838127801     
  0.103501275836108     
  0.917572596789417     
   1.33025366561430     
  -2.57788462611793     
   1.78521032966422     
 -0.244227101186689     
 -0.963321955865867     
  0.417616124748232     
 -0.359067107362938     
 -0.550412869988258     
 -0.876432647741743     
 -0.190791502898093     
 -0.202239694545362     
 -0.349369880888468     
  0.285472479683926     
   1.31368097844692     
 -0.974967928193771     
  -1.15914335289357     
 -0.191171754686950     
 -0.471719689575025     
   1.04224076796296     
 -0.208539632180661     
  0.668824857912089     
  0.618200903961347     
 -0.213824912620018     
  0.456039680615998     
 -0.303727332063227     
  0.420256908494289     
 -0.278228283975755     
 -1.273235422111001E-002
 -0.436333796722008     
  3.215156188422542E-002
  -1.00047056730629     
 -9.488229563696898E-002
  0.492650875090817     
  0.721700687746055     
 -0.957786270442716     
  -1.12181341181735     
  4.605395896320285E-002
 -0.315832883783446     
  2.697435461641448E-002
  0.530221300065173     
  0.663124537843112     
  0.428252670077777     
  0.284514015579233     
  0.426109106530140     
 -0.351955697706449     
  0.160134453640497     
  0.199935629596762     
 -0.374886320753676     
 -0.707298599660904     
 -0.953301510016267     
 -0.834368990757104     
  0.111752556264217     
 -0.285030841681539     
 -0.191188844978673     
  0.702422631994530     
 -0.302259890315449     
  8.022858678116797E-002
  1.861975704345867E-002
 -9.796594563747454E-002
 -0.414977800492951     
  0.912740453977468     
 -0.233797084158932     
  0.736532719736569     
 -0.888345142845069     
  0.219155234219865     
 -0.419368749115244     
 -0.363620506954531     
  0.374462834059542     
  0.920443955921945     
 -0.884538173859006     
  0.445972988544305     
  4.390790333312287E-002
 -1.656483775043434E-002
  0.264792418204745     
 -0.215303775060836     
  6.653049825758085E-002
  4.429994566423603E-002
 -0.403946564565829     
  0.261871439209105     
   1.43137678857537     
   1.59821205531055     
  -1.24094785751399     
  0.243745674993301     
  0.217746680021631     
 -0.513398741510594     
  0.471275488193041     
 -1.880571226204639E-002
 -0.201945922622333     
 -2.982847196284553E-002
  0.460887191481610     
  4.343887872678005E-002
 -0.491374197331797     
  0.439521054852441     
 -0.769007618701180     
  0.195658300825456     
 -0.530972657924052     
  0.347756912385017     
 -0.329116846515733     
   1.05683218494995     
 -0.641604991771994     
 -0.426698056885267     
  0.815699243316959     
 -0.587228148031449     
 -0.825903204366178     
  0.521959616959149     
 -0.496212207143074     
 -0.137543479986875     
  0.655910229320391     
  0.262769547454962     
  0.152413715871893     
  0.317201191984696     
   1.93200464559304     
  -1.67308502039568     
 -0.190178125263867     
   1.33351579632657     
  5.233665005603032E-003
 -0.611805558183104     
 -0.329300782808186     
   1.59056797553676     
 -0.129826073042189     
  0.688354243894360     
  0.907169941937251     
  0.127845093111127     
  -1.23454264765714     
   1.59092935475663     
   1.54620834759129     
  0.192792753401606     
 -2.758588091720148E-002
 -0.700053503277372     
 -0.979354519320968     
   1.00611623569109     
  0.222317820430828     
 -0.116342778192951     
  -1.59257120340718     
  0.647412229791438     
  0.620522777615820     
  -1.12376483496066     
  0.132539887258764     
  0.299157233088633     
  0.743121268895704     
 -0.717234359539733     
 -0.781104702763451     
  0.363746877097143     
  0.314423025917830     
 -0.297247832004328     
 -0.170520334361058     
  -1.16874083546597     
   1.58743505597259     
   1.53592049954937     
 -0.395120320970847     
  0.686630809408468     
  0.314615932040457     
  0.408822588789110     
  0.172870489357034     
 -0.190076297110274     
 -0.142818373593971     
  4.679435453561687E-002
 -2.036744177211352E-002
 -0.763267849615823     
 -0.755382981068176     
  0.246735352088722     
  0.213276321738931     
 -0.150000740945894     
 -0.555612798643499     
 -0.476246443648094     
  1.950727723371973E-002
   1.03258920240865     
  0.613509431297082     
 -0.730598091819050     
  0.380382380702155     
  0.712213402985323     
  0.391430123175090     
 -0.883871488790565     
 -0.208538054741938     
  0.433106085978026     
 -0.139558192879019     
   1.04787227244366     
  0.785503737801249     
  -1.69919246709183     
  -1.37273085180220     
  8.301463601376176E-002
  -1.58180678263139     
 -0.369130414423559     
  0.457007612396782     
 -0.729018400870749     
 -0.303054647979170     
  4.399014345513020E-002
 -0.425467565839944     
 -0.124004759342696     
  0.582230497804427     
  0.577341095654621     
  0.267693362552403     
 -0.181101820347688     
  -1.29111873056629     
  -1.16188301891417     
  -1.17675608799185     
   2.09468477067751     
  -2.79625691943113     
   1.34802061414919     
  0.453283877016463     
   1.17606093550964     
 -0.462450069736688     
  2.338903850934575E-003
  0.264610380085675     
  1.311139444120566E-002
 -0.773976103073782     
  -1.08499309661003     
 -0.888191421089075     
  0.330826638428020     
 -9.520662251025178E-002
  0.820359576653263     
 -0.251665205793046     
   2.44389241666044     
 -0.435774478172173     
 -0.151109030803249     
 -0.617739235790010     
 -0.498982975469917     
  0.821334870299799     
 -3.042834373890694E-002
 -0.383367193904112     
 -0.113556321078771     
 -7.622885611245117E-002
  0.790673686017663     
  0.583857828573543     
   1.97959134980190     
 -0.318149573989583     
   1.38149817772798     
 -0.638769115957382     
 -0.527329041301692     
  0.544818258636444     
  0.184910788635954     
 -0.935900696840906     
  0.843334155509117     
  1.800379202582595E-002
 -0.139685995477765     
 -0.249426409753651     
 -0.359689137627178     
   1.22750560631917     
  1.800438831752618E-002
 -0.137491925917767     
 -0.402115273753436     
  0.802049159273887     
  0.216202744444266     
 -0.349510391940157     
 -0.108130281632834     
 -0.882160751845639     
 -0.738966945845988     
  4.855706670276128E-002
 -0.403128827233205     
  0.210383103878327     
  0.549573974357595     
  0.979205954894657     
 -0.377373023459681     
 -0.862759771093004     
 -0.493826286331846     
  0.641856033010339     
  0.274940779272290     
  0.186724727020667     
 -0.381103947166796     
 -0.314135247362781     
 -0.759691435519853     
   1.22481994442083     
 -0.194374286656965     
  0.225442737908304     
  0.299447630841190     
 -0.403572654874594     
 -0.499114533350771     
 -0.229280109470278     
  0.340620533120839     
  6.081618943614354E-002
 -0.143109257216396     
  7.688879594857682E-002
  -1.58894181002833     
  0.614513464552612     
  0.864775519880712     
 -5.903760858242364E-002
 -0.235277962172734     
  0.160669080686572     
 -0.383833461056295     
  0.144155459172094     
  8.927156146276960E-002
  -1.16737271222388     
 -0.501619404529469     
 -0.944405823473816     
 -0.451993398161579     
  0.962872499030665     
  0.150061629535259     
 -0.222694960510093     
 -0.229788586861023     
  0.783727294674898     
  -1.50863504253083     
  0.587175795033265     
  1.789413123243337E-002
 -0.284956449160192     
 -4.625793896497425E-002
 -0.797641806604074     
   1.12238716221514     
 -0.335140220754970     
  0.330229377222456     
  0.143881841523638     
 -0.203574566340810     
  -1.07056854477949     
  0.719049295674126     
  0.381944897368882     
 -0.872752244578072     
   2.04633172013515     
  0.140227075339402     
 -0.689371040330118     
  0.436833249872929     
  0.569413324611591     
 -0.716128630034345     
  0.219583928927565     
  -1.01790252715637     
 -0.305936939894816     
 -0.682501072659185     
 -0.155857504999408     
  0.354497704564698     
  -1.50535333505796     
   2.10923859675639     
  -1.17068231025529     
  0.740807306262939     
  0.807916161168194     
 -0.172068804458040     
 -0.685375326258534     
  0.104161395284355     
  0.353351157506383     
  0.416516292302833     
   1.33609712130473     
  0.998112807486865     
 -0.181928915626125     
  0.225278645214690     
   1.14436601614727     
  0.799276749479192     
 -0.517928503454928     
   1.19943978573336     
 -0.815861363551099     
 -0.343159054388435     
   1.03053057400092     
 -0.162694557583204     
  0.435233823639621     
 -0.953166187768389     
 -0.502404288047818     
  -1.47977565922734     
 -0.397336869436513     
  0.621577457569034     
 -0.627925407643132     
  0.323742136987930     
 -0.517474356194048     
 -0.625824840194676     
 -0.276869848670298     
  0.969318780301859     
 -0.533431609475785     
  0.819362852449556     
  -1.52378827032600     
  0.348164880327996     
  -1.12338828346252     
   2.58674452066555     
  0.363968588419556     
 -0.796220197906098     
 -0.878836826611448     
 -0.631936596857738     
  0.270827303038287     
 -0.368831889591480     
 -0.296351524688294     
  1.878553709702602E-002
  0.204557445209323     
  0.358735781110759     
  0.625370891006652     
  0.956103422021142     
 -0.258604445536103     
  0.712402653481984     
  -2.21072587136832     
  0.455404154177701     
 -0.301013755159515     
  0.634036458277492     
  0.767387281077073     
  2.205173515673158E-003
 -0.264871526023382     
  0.473399231281745     
  0.200142940959257     
  0.977063143652517     
  -1.04089768527313     
  0.270624717608758     
  8.867120567051273E-002
 -0.408076829550454     
   1.05409808529020     
  0.713229760236979     
  0.229075694934387     
  0.724831031480288     
  0.235374223765009     
 -0.605496224816685     
  0.417183433665096     
 -4.978929033543399E-002
 -0.202396834066194     
  0.317863220119572     
 -0.205689255601155     
  0.459809634713969     
 -0.318445679328776     
  0.731093354657245     
  0.304478871439090     
  0.351646059184569     
  0.541453047915857     
 -0.196508402002673     
  5.677718134196300E-002
  3.350017872144046E-002
  0.812409377299593     
  -1.04406801984335     
  0.118923374850990     
  0.118025916861632     
 -5.014344014190712E-002
  0.113307541631623     
  0.197220615379274     
 -0.302815833249941     
 -0.732315170411664     
  0.222155593201475     
 -0.382877581194041     
  -1.12594790133978     
 -0.507923695884729     
 -0.643374709978907     
 -8.887888127424345E-002
  0.202573854854550     
  3.766525059321622E-003
  0.544893165270787     
 -0.406153521065374     
  0.699579740634451     
 -0.355904714852313     
  0.143873310822546     
  0.261514772614090     
  0.168474227283624     
 -0.279139583586057     
 -0.107990769605691     
  -1.36322120257755     
  0.365357243401079     
 -0.333914113349240     
   1.40837553164373     
  0.256953940737559     
  0.478620044888623     
 -0.765683618828798     
 -0.198379172574984     
  0.464531989042544     
  0.242708447294141     
 -0.220243241859578     
  0.404950461210029     
 -0.267644181400790     
  0.285562722754580     
  8.951173922316452E-002
 -0.658401500251210     
   1.57617237619534     
 -1.112407480297272E-002
  0.376358996403168     
  0.532994518914103     
 -3.260334711366401E-002
 -0.168430842748996     
  0.134152716776051     
 -0.105238277919731     
 -0.134080581707024     
 -0.335010060099785     
  0.222773779275031     
  8.309496473907330E-003
 -0.197343897824059     
  0.190480212300351     
 -0.459503741757861     
  0.634383495643015     
  0.163409621783997     
 -0.910026726001606     
 -0.815547604442791     
 -0.523655799390809     
  5.933805858601224E-002
  0.333811933799540     
 -4.848983963230252E-002
  0.289033234666895     
 -0.272134483335065     
  0.121894075307366     
 -8.028786220951117E-002
  1.676440145794087E-002
  0.145514499273692     
  7.381653746536801E-002
  0.158646443987214     
  0.518162316672210     
  -1.70787669398151     
 -0.680989434957599     
   2.08958382720613     
   1.17748349277308     
  0.342380011987590     
  9.487763116808950E-002
 -0.329644443347493     
 -0.167976132037002     
  0.475849005444176     
  0.179361821058611     
 -0.393739204842485     
  0.555157300104658     
 -3.138929405276897E-002
 -0.169457470873278     
  2.956979841649355E-002
  0.466380011121814     
   1.59122743282265     
  0.343437139459908     
  2.485369456973340E-002
  8.283452218904618E-002
 -0.613778401362927     
  5.554318083246722E-002
 -0.166185098371048     
 -5.192251491249068E-002
 -0.126258772403785     
 -1.670925034297584E-002
 -1.148264039751633E-002
 -0.184536465699373     
 -0.132263085393634     
 -3.697921013908511E-002
  0.205604515845171     
 -0.273651937733225     
   1.28442983766903     
  -2.40336419136835     
  0.821033352397075     
 -0.522095022393286     
  0.123288274364857     
  0.220778811999028     
 -4.304051981642383E-003
 -1.787623490247531E-002
 -0.112217225895035     
 -0.136590034082938     
 -0.518562502984909     
  0.345305197024189     
  0.369167619523871     
 -0.474056666551320     
  0.110888930539494     
 -0.475397692175522     
 -0.462084384781765     
 -0.847030969495197     
  0.943944005230841     
 -0.894234271132281     
  -1.55104344380741     
  0.394049923521766     
  0.144047578929426     
 -0.115038096014823     
  0.214485906907261     
  5.428207343509323E-002
  0.158349138352955     
 -0.907670013291278     
  0.169901505368640     
 -0.414317777507583     
 -0.181347328811940     
 -0.195297753681498     
 -0.222452603635369     
 -0.328798393325283     
 -0.464286867354391     
 -0.854118742542016     
  0.130296182155319     
 -1.880914408917258E-003
 -0.298720416241668     
  0.294683025476839     
 -0.346015247308314     
  0.116590368215529     
 -6.760996937290221E-002
  2.035562965354667E-003
 -6.170048597329873E-002
  0.131976143583955     
  0.583506647777414     
 -0.349228816226596     
   1.48345002325462     
  0.477636991436692     
  -1.35730919738422     
   2.55403067461858     
  -1.24440480678603     
  0.590142056256720     
 -0.253320438439162     
  0.406624499626667     
 -0.665429897997053     
 -0.848850487084037     
  0.766012836842306     
  0.238036658869495     
  0.112064491268043     
 -7.168281208955039E-002
  0.410758871803902     
 -0.477045575455527     
   1.61707093841392     
  0.153991257841683     
   2.10543282296517     
 -0.698277754314749     
 -0.748868186382629     
 -0.382573994510784     
  0.105432280524530     
 -0.107460282583282     
  0.719858940509630     
   1.44551561422614     
  -1.46178957983238     
   1.80212332148682     
  -1.33765496934315     
   1.32273825145379     
  -1.18562413313287     
 -0.604020143463042     
 -0.207257545549383     
  0.128553322786125     
  0.427802935744352     
  -1.11949119823506     
   1.35545677970047     
  0.620359182594237     
  0.542999512934432     
  -1.41781926861454     
 -0.237270938933136     
  0.350430017559747     
  0.574499189640050     
  -1.10289144839902     
 -0.517695685890236     
  0.667766335542752     
 -0.543931549749748     
 -0.268432785160086     
  -1.44911980231122     
  -1.17098767738583     
   1.24247419910752     
  0.730282816521150     
 -0.211976413667240     
 -0.532389854450357     
 -0.509786236516050     
 -0.960051143864969     
  0.499369561564965     
   1.33609422828523     
  -1.71700401833612     
  0.647761398470695     
 -0.841557703111356     
  0.337650733034363     
  6.003929839270543E-002
  0.528353802416314     
 -0.451561694183366     
  -1.58452466856588     
  -1.02491121719134     
  0.678069183093739     
  0.396878746040761     
  0.149702597172456     
 -0.529196036619682     
  -2.27292384336308     
 -0.329219542811067     
 -0.307893235835491     
 -0.225898771540742     
  0.223232217363503     
  0.122636852872956     
 -0.326944236274796     
  4.248377321201031E-002
 -0.237056473366014     
  0.753011723238222     
 -0.500454974208882     
 -0.589974993832828     
 -0.490467085980765     
 -0.263469048340924     
   1.79308341269783     
  0.694567263627965     
 -0.820005403344894     
  -1.40241082452533     
   1.52544523326443     
 -0.681584778676822     
 -0.180130115123229     
  0.182105742628567     
  0.511236274447285     
  0.453472030795677     
  6.333480861827866E-002
   1.53585900122357     
  0.128084620320059     
  -1.15151138038307     
 -0.743349504187150     
  0.933121189542434     
  -1.65742139184017     
   1.75569907402189     
 -1.736240170486773E-002
 -0.340308443260188     
  0.621518052963034     
 -0.189677491867146     
 -0.328735049972740     
 -0.128455675838610     
 -0.518319874916119     
 -0.114291213914926     
  0.448338984103847     
 -0.430367090859538     
  0.161435031752091     
  0.992684618211072     
  -1.56727538286519     
 -0.520233013232469     
  -2.79263296650973     
  0.154944735166246     
  -1.28626806073263     
  -1.37845500428070     
  0.115194288659967     
 -6.861287221901685E-002
  0.532058463854246     
 -0.634051230432933     
 -0.329793583383282     
  0.883822502555304     
  0.422195597995485     
  8.708135939616214E-002
 -0.254392124325927     
 -0.192131388411499     
  0.476909522003146     
   1.13086468701978     
  0.826900506087154     
 -0.846390470193908     
   1.41214868735256     
 -4.805434255572690E-002
 -0.348176802134188     
  0.210606992029402     
 -0.210779259730497     
  0.298994609349733     
 -0.330800559974508     
  0.326996787076346     
 -0.244557321831357     
 -5.091123377463500E-002
  0.537892006613490     
  0.206764680326683     
  0.689347364117896     
   1.23870043249537     
 -0.209797091634097     
  0.681043963901109     
  9.395015783652771E-002
   1.25619318598390     
 -0.449442725541396     
 -0.610791077345387     
 -0.233718845083202     
  0.649330593089790     
  0.473798021020694     
 -0.480844517673934     
 -0.469830522956545     
  -1.23841825144532     
  0.578996431387471     
  -1.91020208209342     
 -7.056821061569836E-003
 -6.838858407897536E-002
  -1.16278351234258     
  0.174204134909559     
   1.09800862479365     
 -0.557962866008666     
 -0.844341778360798     
  0.256824174906941     
  5.033758694956691E-002
 -0.689997903809834     
  0.706187902651979     
  0.171797086441789     
  0.223964177525013     
  0.543067008237452     
  0.226901132089446     
 -0.318548962361215     
 -0.436600602481001     
  0.598827522336822     
  0.868801998010559     
  -1.17123658238281     
  0.300125084558142     
  0.533200162605030     
 -0.370644921642938     
  0.305020163764999     
 -0.483023055793333     
  0.250308706225328     
 -7.752489030091574E-002
 -0.330981322084863     
 -0.111005509987262     
   1.93330772766040     
 -0.706585906347168     
  0.643237165971606     
 -0.156137454937242     
 -3.093481705224295E-002
 -3.080836707049804E-002
  0.772720864856118     
 -0.585541401577609     
  0.189673519053701     
  0.324290477345511     
  0.440113446516041     
 -0.340390501506257     
 -0.279739507929455     
  0.741868190530266     
 -0.945924145221165     
  1.583427944280040E-002
 -0.167899403766189     
 -0.305260691398182     
 -0.291579194674513     
 -0.315580312186072     
  0.770584039697635     
  0.698588945097187     
  -1.56849504020086     
  0.630401769853790     
 -0.324309121354255     
  -1.17812688479585     
  0.397537687063450     
 -0.349470643227136     
 -0.590253659931974     
  0.455349341954763     
  1.345840639415209E-002
 -0.880842017124376     
  0.300395320006005     
 -1.086467278514939E-003
 -0.448107913540574     
  0.116268844323819     
  0.341164255913360     
  0.627521008259760     
  0.919345082988744     
 -0.368125411066520     
 -0.451747345727055     
   1.24847517234644     
 -0.590766664705839     
  0.434351012000616     
  0.272415579811081     
 -0.228635812629647     
 -0.446812834639491     
   1.22480392292172     
 -0.922797746900718     
   2.11215263549886     
 -6.579944584183613E-002
  -1.83221973380737     
   1.28186792548586     
 -0.684796166706080     
  0.696792056569814     
   1.26514156017658     
  -1.25000767156946     
  6.408754581774413E-002
  0.733308144050823     
 -3.039223882266492E-002
  0.811860178766412     
  6.203491591895022E-002
  0.352140780478046     
 -0.471649817381227     
  0.322956205174990     
 -0.451527027351019     
 -8.758637565131466E-003
   1.59885595175840     
  0.431795720904032     
  0.565467501058056     
 -0.334788147989448     
  4.908918288250123E-002
  0.825380473513388     
 -0.663455605958351     
 -0.359084864621480     
  0.306888840756998     
  0.324355758490095     
  -1.03135058523296     
  0.716755672727787     
  0.682556562034674     
 -0.258871743064728     
   1.16202432377240     
  0.877417004491845     
 -0.555059508288161     
  -1.06513508776110     
 -0.361465000637926     
 -0.875775349553525     
 -0.164120128778435     
  0.980076089677071     
  -1.40649028374744     
  0.294699598459259     
 -0.272188707774899     
  9.612107516954136E-003
 -0.632211438665246     
  0.398800778228687     
 -3.985023258688660E-002
 -0.607650264036524     
 -0.110283574657839     
  0.556653327218672     
   1.39578411685741     
 -0.643898493234800     
   2.49173339826679     
  0.407635544513937     
  0.220421377386080     
 -0.498552600726310     
  0.377503268645573     
 -0.440954765331338     
  0.603134240787132     
  0.615410641043516     
 -0.247348480999925     
 -0.137156295518402     
 -0.256284861892469     
  0.451663100440457     
  0.843168005603011     
 -0.833621042469883     
 -0.263020990641480     
  0.340262964145830     
 -0.388941470623338     
  0.147865510561956     
 -0.402783230393902     
  0.283982005844917     
 -7.996783555218527E-002
 -0.358140798831490     
  0.539971318329076     
  0.154916254079344     
 -0.159651721521601     
  7.454984411493117E-002
  0.257621316335397     
 -0.255683089051490     
  0.122879971003032     
  3.778153673795565E-002
  0.531193567672732     
  0.236855606094949     
  -1.49009291443962     
   1.12399276284135     
 -0.122791553524041     
  0.142194636899835     
 -0.612505241513787     
  0.347086567885429     
 -0.321779962634839     
  5.066030566169296E-002
 -0.299149816428518     
 -8.512097493211807E-002
 -0.347416364424085     
 -0.440952245785273     
 -0.199980513629481     
  0.671806890567700     
  0.113480490822682     
 -0.105920062072483     
  0.292653491407220     
 -0.167019284728372     
  -1.07831426488500     
  0.681694666117333     
  0.195048740412843     
 -0.762934774909179     
 -0.134867979695387     
 -0.360635283582315     
  0.228010373532077     
 -5.142079099292265E-002
 -0.153371360407002     
 -0.863018944230108     
   1.07993905454501     
   2.40238363763990     
 -0.457891882988421     
  -2.37867509982596     
 -0.323503825699928     
 -6.084451893018817E-002
  0.697641773780003     
 -0.107224318101723     
  0.180376954557440     
 -6.025546113586781E-002
 -5.241406350044949E-002
   1.17459240468442     
 -0.427649722104111     
 -0.511322935347305     
  0.374276681867315     
  0.664832001242234     
  0.514411748063215     
  -1.23880023844423     
 -0.118339472517304     
   2.66434592954658     
 -0.794226034040773     
  -1.39608205494057     
  0.208591348494815     
  0.457123541268085     
 -0.322323603582782     
  0.972386876893521     
 -0.582197205384727     
 -0.545728958196048     
   1.09678801421816     
  0.438339156967721     
  0.108697920086898     
 -5.244263212394370E-002
  -1.14122346141073     
  -1.75694015501760     
   1.36619809032676     
 -0.743595705644793     
  -1.73763971002695     
  0.703187805620729     
  -1.34322447037091     
  0.919044776224961     
 -0.119473848221298     
  0.138498697369330     
  -1.08085435627380     
 -0.637206438425460     
  0.580209839770709     
 -0.947946961719652     
  0.812712915590160     
 -0.572426754499345     
 -0.402292111707947     
  0.838675827936543     
   1.11132212870148     
  0.620481595792060     
 -0.248302597501222     
 -3.564156208341744E-002
 -8.960439641578202E-002
 -0.205576865299924     
 -0.388001459374065     
  0.287408512071564     
 -0.172686146323767     
 -4.813638307833785E-002
  0.156941805996900     
 -7.362875827612134E-002
 -0.130695827092344     
   1.41681531183625     
  0.245154031029584     
  0.101736562513176     
 -0.240634992322055     
  0.249924524551033     
  0.229511507993140     
 -4.819213388076005E-002
 -4.686517050185532E-002
  0.153662618934701     
  0.226257330718812     
 -0.110711045362928     
  0.116596197190172     
  0.186027522945513     
 -2.438334326109809E-002
 -4.680835091807007E-002
  4.640957860953941E-002
  7.828898740431801E-002
  -1.05013399465183     
  0.230501831460817     
 -0.560226519697729     
  4.963393206094403E-002
  4.567677017165074E-002
  0.209058904216668     
  7.276386509391806E-002
  0.105128389780613     
  0.179659839841542     
  0.117463680790993     
 -0.178840288391339     
 -0.240531949191955     
  0.207874407144380     
  1.213538956659909E-002
  9.553659507429665E-002
  0.809777924536424     
  0.516954120050282     
  0.396514312140265     
   1.08108284754813     
   1.24183435941912     
   1.34981308195588     
  0.789605198563154     
 -0.839466214422955     
   1.00317723571866     
 -0.219427007813532     
   1.63842533282442     
   1.55343401906558     
 -0.475397516889797     
 -0.323162828556241     
  0.794009921236192     
   1.28217552237343     
  0.595025541188398     
  -1.57053795350992     
 -0.951076529525992     
  -1.10021840563288     
  0.276981854666132     
 -0.620388713582563     
  -1.21756004058350     
  0.551446126644522     
 -0.492697670168957     
  0.484171199491645     
  -1.45805069875556     
   1.04614399411364     
  0.349264125847586     
 -0.703237177949773     
  0.334841302359207     
 -0.923594705840960     
 -0.678302392367516     
 -0.321491070405975     
  0.431388635209051     
 -4.057584223355849E-003
  0.858868366134364     
  4.456329131807813E-002
 -0.963626716134626     
 -0.692507587577795     
 -7.955456937825861E-002
  -1.55377461737511     
  0.600253301271911     
 -0.581351713610837     
  0.805963773663083     
 -0.135090829469042     
 -0.296490012608534     
  0.323843879936480     
  7.389060194153206E-002
  -1.09545642591625     
 -0.328145448871528     
 -0.280324891581508     
  -1.09331515078298     
  0.390238728352776     
  0.580819797513694     
 -5.518545745947116E-002
  0.514255382285660     
 -6.966389527057958E-002
 -0.468221478392681     
  0.428219103865514     
  0.737324009880280     
 -0.248205665958459     
  0.131624299892843     
  4.487394826858718E-002
  0.876846170489569     
  -1.15785420052367     
  0.585167809156689     
  0.609313960088221     
 -0.813551282484282     
 -0.539446487723803     
  0.524147725038847     
 -0.664599885948306     
 -0.106192419335435     
 -0.249786462418106     
  0.146605410397185     
 -0.190268823094063     
 -0.376771463950128     
  5.649830991433546E-002
 -0.629768617604095     
  0.287887847663007     
 -0.308088310906232     
   1.49092005860026     
  0.912498625526423     
  4.696756682070216E-002
  1.808387126397803E-002
  0.446157664222973     
 -0.757092953263345     
 -0.338618980443518     
 -3.695127087200745E-002
  0.310844963165279     
 -0.345466650049661     
 -5.705241507723146E-002
  0.174325459863102     
 -0.567550349738595     
 -6.620719622323673E-002
  0.213866887221759     
  0.316268634672289     
   2.08870063438242     
 -0.877302278563074     
  -1.60527957416907     
  0.745006553574693     
  0.699363831217914     
 -0.630724438320416     
  0.716787990548026     
  0.282561298461745     
  0.819026848636121     
 -7.397518351326286E-002
 -0.105674378796280     
  0.549503977864984     
  -1.29426822917204     
 -0.626902059059703     
  0.256081738482389     
  -1.08012229388592     
 -0.811136171263879     
   1.35174116425681     
  0.235506372751945     
  -1.52798646328660     
  0.890553646273781     
 -0.415616151536935     
 -0.182963694867069     
 -0.536039062650026     
  0.328982680502713     
  5.885432511835154E-003
  0.339883099461652     
 -8.544852251453188E-003
  6.246629413040027E-002
  0.622588248581088     
  7.616529017796474E-002
 -0.126767913988142     
 -0.366207010338008     
  0.285243003295680     
   1.69498544724896     
  -1.15871854529639     
 -0.134741743232934     
  2.916404527675735E-002
  0.235509475251893     
 -0.344547875471668     
 -0.547654814432277     
 -0.538204303333856     
 -5.294045072399154E-004
  0.849021541531664     
 -0.279408158374034     
  0.733317829331746     
 -0.499840415630058     
 -0.960970483653263     
 -0.333344075238296     
  0.548529225570102     
  -1.02745023424828     
  -1.04958088237815     
  0.430108880871553     
  0.245439108090791     
  -1.16271695437739     
  0.255009217041683     
 -0.423198282527163     
  1.957150656459361E-002
 -0.212476461246843     
 -0.318450544892289     
  0.265448900833898     
  4.956652968559086E-002
 -0.937508900995319     
   1.40279960899424     
 -8.316609578975054E-002
 -5.113539226373716E-002
 -0.205960236175811     
  0.159888946714790     
 -0.287048941335557     
  0.196670251879358     
  0.705224011759512     
  0.212914450147300     
 -0.264846551156742     
  0.114703712992706     
 -2.501027155984084E-002
  0.134517886891768     
 -0.162950960269947     
 -0.148856157306339     
 -0.277707886153925     
  0.475926934405745     
  0.276240807885592     
  0.255289778497199     
   1.70013450334588     
  -1.26560425083471     
  0.814370717921934     
 -0.601714474836829     
  0.775910860424389     
 -0.442745356380048     
  8.855145849703497E-003
  0.244683706886372     
  0.182952225038469     
 -0.298600921948537     
 -2.013358072721864E-002
  0.773913655055544     
  0.106212637512910     
  9.915782471121590E-002
  0.478165969176823     
  0.476940880097048     
  0.948322533940257     
  0.941050363515575     
 -0.244220422929027     
  -1.71228819007741     
   1.47228302424304     
   1.11019299624971     
  0.709807464550680     
   1.82112300506822     
  0.122973974213653     
  0.343258946303888     
 -4.061944843770627E-002
  0.145414431436223     
  -1.01326524501030     
 -0.590676960687431     
  0.736710752482257     
 -0.659998210481930     
  0.240025297254374     
 -0.346418696157607     
  -1.22041427236935     
   1.02755926537098     
  0.967086966281094     
   1.56596242874324     
 -0.754094952474711     
  -1.36941107735244     
   2.35565944391953     
   2.12150446458593     
 -0.505552824220955     
   1.18282343411678     
 -4.222342146429565E-003
 -0.181540306846549     
  0.171406352695912     
 -0.553271369359746     
  0.122633610581672     
 -0.512104926314746     
  -1.51287219283194     
  0.623596216808734     
  -1.98766182940787     
 -4.143983802543291E-002
   1.00729960572078     
  0.397826916423317     
  -1.39745721158079     
 -0.638074303624452     
   1.12652647344336     
  0.316170002786143     
  0.568826335698535     
 
 -0.277643758009212     
   1.68042203030103     
  8.742689483449488E-002
 -0.615921163157031     
  0.790310724518432     
 -0.412991553885149     
  0.146258291098022     
   1.65884218578026     
 -0.169726569847195     
  0.784644094337294     
 -9.146198770919055E-002
   1.83428648657307     
 -0.176808712034969     
 -0.219143635845949     
  0.689977534941786     
 -0.296989330140335     
   1.71251183120156     
 -8.423522952371580E-002
 -0.640437961170418     
 -0.377445366818376     
 -0.898810712558099     
 -0.401049548545368     
 -0.101241702982159     
  -1.01303207452871     
  0.353524656582962     
 -8.708484214990937E-003
 -5.832081809085678E-002
  8.995185272376137E-002
 -0.381010325457021     
 -0.231841796873864     
 
  -1.43094498284824     
  4.864072131120850E-002
  -2.27925297013287     
  0.429515321366721     
  0.802077501602873     
  -1.23242041232431     
   1.54629287963541     
  0.700319767352143     
   2.10567031242645     
 -0.674699900648334     
   1.04238978004569     
  -1.98773758545060     
  0.435444807882707     
   2.33986669229661     
 -0.264731499348967     
  0.984573190700066     
   1.12963711321754     
  9.930687324356303E-005
  0.515687383314473     
  0.573173016202970     
   2.09417733379263     
 -0.190243332928192     
  0.704300226013663     
  -1.32061741595826     
  0.273512325205782     
 -0.699316725767640     
  0.165229454447931     
   1.43297288901321     
  -1.31417744846898     
   1.92533839856111     
   1.97698789807678     
  0.520098589282899     
  -1.85046028338499     
  0.416365375305464     
 -0.537207726929980     
  0.351314478925418     
   1.00050233161567     
  0.451379169713264     
 -0.173157244715507     
  0.106079120822571     
 -0.530761911047778     
  6.063946273691404E-002
 -0.113316963404311     
 -0.324529718652281     
 -0.181090882776706     
  0.807137348974453     
 -0.684866115908170     
 -0.766145703378924     
 -0.667310207689061     
  0.747973684189762     
  0.185252446955910     
 -0.181653766514925     
   1.81350012527998     
  0.737332697965529     
 -0.272832168947369     
 -0.495003998577042     
 -3.152372640699235E-002
   1.65388463882107     
  0.797112368775360     
  0.412302729075020     
  0.393030713803853     
 -0.198350559585880     
   2.31932199525534     
 -0.104222175639304     
 -4.053900267000551E-002
  -1.21751011999267     
 -0.166098063043089     
 -0.173601763248297     
  0.405912578953809     
 -0.379070410208264     
 -8.278244277351592E-002
  0.241362386826529     
 -0.581346216936787     
  0.578800816739164     
  3.371135730422685E-003
  0.324349713692158     
  0.359596439335398     
 -0.149006187391813     
 -0.107132278614065     
  0.589498967338240     
  6.249756587330252E-002
 -0.349223747620883     
 -7.722455186846075E-002
 -8.959372841252775E-002
   1.47138520446704     
  0.258283619693626     
 -0.284475365578107     
 -8.998702667284561E-002
 -8.977178802873442E-002
  0.450969426420166     
  0.225119777787465     
 -0.109893776550119     
   1.41859918495084     
  0.165383585325018     
 -0.613361490518834     
 -0.766766435689421     
   1.17941900040900     
  -1.06298450730453     
   1.01643650880338     
  -1.29164720591740     
  0.992934812017544     
 -0.420197331899181     
  0.504393016801172     
  -2.41226113056445     
   3.08919749128940     
 -0.131130108238499     
  0.632400496469884     
 -0.886113742408468     
 -0.352048974589000     
  9.676690899549650E-002
  0.895346333912968     
 -0.469436976700811     
   3.16401403028863     
   1.25831089100398     
   1.74862740032079     
  0.147184578864457     
 -0.651157867678390     
  0.286077806340616     
   1.46045561900641     
 -0.365585882508348     
  0.404931370130784     
  0.305407678112729     
 -0.787493308558340     
 -0.664987375469177     
 -0.348768633702799     
  0.229392499203992     
   2.68398787357967     
  4.982967643967759E-002
 -6.356925444042728E-002
  0.647229604622720     
  -2.22715848676508     
 -0.656142741376020     
   1.51452498248276     
 -0.596006665182163     
  0.217726665569316     
 -0.772450612126982     
 -0.324508802669810     
  0.826581676617421     
  7.444650937522956E-002
   2.23427616593406     
  0.790809259964467     
  0.894618930265226     
  -2.02617433041331     
 -0.248151790184368     
  0.366675381584403     
   1.80155062024919     
 -0.895288242584860     
  6.475348536877544E-002
  0.992599985571273     
  0.823931226924285     
 -8.868154652204080E-002
 -0.834599337476953     
 -0.718096302221918     
   2.16072877166936     
  0.189408165245020     
 -0.846257024278831     
  8.613032011283935E-002
  0.184317625298482     
   1.31817486087999     
  -3.63697600710479     
 -0.136942175801401     
 -0.162118832645989     
  -1.30185684588303     
  0.773254174081263     
 -0.805077476342206     
  -1.33044197419738     
  -1.55408726814743     
  -1.21141336501890     
  0.418750598720579     
   1.82879545444013     
  0.216293976975430     
  -3.95659279921139     
  -1.40000110352775     
  0.367918633194201     
 -6.930036519400702E-002
  0.538839335177878     
   1.30565483804275     
  0.739003116774457     
   2.00191046755894     
   4.75196347826482     
   2.42688709907725     
  0.621956625254095     
  -2.90328384169332     
  0.440107524066153     
  0.602020106795965     
   2.63637460770068     
 -0.449777480847846     
 -0.381861975747757     
 -0.121699128149876     
   1.23176501316356     
 -0.359029076166870     
  7.973397920057083E-002
  0.557911129911415     
   1.53558529825412     
  -3.62530915566730     
  8.405301747381451E-002
  0.194904006985392     
 -6.084332272458813E-002
  0.636715887068842     
  0.326479445548463     
  -2.22131147443225     
  2.060297128763950E-002
 -0.430871327994904     
 -0.210139903221368     
  -1.53020278171770     
  0.548898001981408     
  0.524226367200314     
   1.24977421400054     
  0.352545614456706     
  0.404998323106995     
   1.04689595018036     
  0.643475118701786     
 -0.242643720570601     
 -0.468944414232424     
  0.733532899379998     
   2.47742986558755     
  5.786769357544950E-002
   1.48339480310301     
  0.149361771247894     
 -1.029225783439180E-002
  -2.02740122172852     
  9.875282809726760E-003
   1.09034150316361     
  0.224534325860613     
  -1.33361616650296     
  0.439804223018323     
  -1.15225100682252     
  0.834905057364173     
   1.00123687625424     
 -0.798976834449340     
 -0.575442776180463     
  0.160036240689983     
 -0.413601638350266     
   1.44223384454521     
 -0.455582513703977     
  9.740227984306049E-002
 -0.151367765087823     
   1.49504896068166     
 -0.215544477764158     
  0.564560593395481     
 -0.430820297367159     
 -0.272357508139346     
  0.377553650319846     
  0.192255110785310     
  0.737292083216170     
  0.223712494050901     
  0.249691604892845     
 -0.749509297030491     
  0.591873368288566     
  0.721898491067164     
  0.927985423048579     
 -0.909772913674498     
  0.786586661128403     
  2.163926831683341E-002
  0.848391646193943     
 -0.343816636903011     
 -0.601498816301769     
 -4.327061267523851E-002
 -0.212255900764444     
 -0.764963877269422     
  -1.56033294937384     
 -0.343156097524791     
   1.18412021957560     
 -0.483681026628298     
  0.128752594079196     
 -0.702105772061852     
  0.250412046975470     
 -0.262059798597935     
 -0.160779832090470     
  2.395089958486382E-002
  -3.25005624518523     
   1.03128043549825     
   1.12714703841862     
  -1.18728689853341     
 -0.489180699513577     
  -1.46348507197272     
 -0.273364402675093     
  -1.18283741086839     
 -0.764850615408453     
   1.00157812161104     
 -0.596833348996865     
  -1.07067058930915     
 -0.503828904560385     
   1.23290483636065     
   1.58269196679499     
  0.733250025667798     
 -0.996304559399101     
 -0.613857569984476     
  -1.05711897300030     
  0.425272415155978     
 -0.593030309769878     
  0.271745899264752     
  0.619963464045332     
  -1.06995606279836     
 -0.992571655573671     
   1.07058139537060     
   2.87218023596821     
  0.859281300885772     
  -2.48043546227020     
  -2.69126906430043     
   1.86689859291989     
  -1.16353911602698     
   2.91666309592395     
  0.991166466682410     
 -0.238268448388139     
   3.19568897909320     
 -0.407770681476154     
 -0.426937863365388     
  -2.88018113118874     
   1.47589548620923     
 -0.743478940194143     
  0.658870624177187     
  0.196589865131438     
   1.57892908640216     
  -2.13634221519685     
   1.85641354957585     
 -0.746082796086014     
  -1.77970997979349     
 -0.753307480591384     
  -1.83931692999087     
   1.08923169788131     
 -0.815662755980742     
 -0.760525042646724     
  0.316611888384119     
  0.489573513018006     
  0.719282749186143     
 -0.321252797406544     
  -1.22646663057836     
  -1.85012889088716     
  0.450968535108489     
  0.766121830535672     
   1.45717417250497     
  -3.63584640274391     
  0.877992948162519     
   1.38092966765795     
   4.34938624913763     
  0.471584822842440     
  0.670175575247107     
  -3.44184562182163     
  0.763670713596082     
   1.88399242706639     
 -0.911488878646842     
  -2.47041560172836     
  -1.45296994467876     
 -0.262900828095372     
 -0.796783704361957     
 -0.247417497428126     
   1.23858001343630     
  -3.25255564614892     
  -2.35439214723594     
  0.291262298112459     
  0.667932014313854     
   1.19307581652091     
 -9.685453092686801E-002
  -1.96044584159961     
 -0.475481141749395     
   1.23856210506909     
   2.65491844672611     
   1.17377923610498     
  -1.31880221175409     
 -0.320395314722258     
  0.192287996880374     
  -1.99125880485396     
 -0.428805042980326     
 -0.391496173463047     
 -0.260992373389635     
  0.523510751806774     
   1.14534247543229     
 -0.306712596464483     
 -5.385172568450347E-002
 -0.808360826710832     
   1.31980631014724     
   1.16290513316252     
 -0.705156100773721     
  -2.51893669097743     
  -1.25325378249692     
 -0.429373500887865     
 -0.357144468823897     
 -0.396020502569236     
  0.516256625301181     
 -0.242772321299586     
 -0.896305202989352     
  0.670187819197490     
  -1.63337907107516     
  0.113969550251024     
  0.554838542379832     
   1.00285157731972     
  0.938341111618372     
  0.126934402768194     
  0.516828161844490     
  0.881401940774200     
  0.923589494648362     
  -1.33223223253445     
 -0.554772791446734     
   1.21820754780621     
   2.86996887948262     
   1.29853440617113     
 -0.613016331586287     
  -1.12606134553640     
  0.833229988519148     
 -0.604231401320671     
   1.52628555902015     
   1.85517004916524     
   1.65238679225372     
  -2.48097747621257     
  -1.40746280694179     
  0.949691508081475     
 -0.329319442343918     
  0.762490430031235     
 -0.590713267433554     
   1.62812177821312     
 -0.618895492424253     
   1.24416709053208     
  9.625182032095428E-003
  0.424624098520104     
  -1.48177543049500     
  0.116714400658469     
   1.38762418209800     
   1.76279383955311     
  -1.12139720936142     
  0.531758674598684     
 -0.562542679129338     
  -1.00491149345878     
 -0.215101203623888     
 -0.370626498237414     
  0.381668173637128     
  0.159107393679725     
 -0.249956585078271     
 -0.330460615197264     
  0.184043607414335     
  1.165786758383905E-003
  9.884183585081804E-002
 -0.604528324444906     
  -1.08306077033053     
  -1.19043762438530     
 -0.887793588338903     
 -3.318949992692781E-002
 -0.181215227306097     
 -0.248479792170273     
  0.217546958050494     
 -0.405638852309738     
 -0.155331733281676     
  0.109193532001666     
 -0.350280117004144     
  -3.29462254111766     
 -2.284111512415556E-002
  0.125584170463092     
  0.320606908899096     
  0.548280806140199     
 -0.168485535650424     
  -1.38804098938582     
  -1.45705669696455     
  0.108713367421237     
 -0.374782513027752     
 -0.468263122299158     
   1.38967562675671     
 -0.679468129590371     
  0.164152042043817     
  0.288716594522302     
 -0.153784837738913     
 -0.365802926106645     
  3.236727830606512E-002
  0.269573807241509     
  0.320567481798971     
  -1.04340321200333     
  0.688499213809891     
   1.43539745644567     
  0.596973090867095     
 -0.588041827132853     
  8.668594874614804E-002
  0.562144663347103     
 -0.633348726756063     
   1.74129884074047     
  6.733844951448190E-003
   1.04097180675425     
   1.00345103110949     
   1.70107547685415     
 -0.274748118388050     
  -2.52530297471691     
 -7.364379486379963E-002
  0.166994354686164     
   2.07572894660793     
   1.09939103750496     
  5.490819060931907E-002
  0.158773606226723     
  7.664093771015612E-002
   1.21420803876110     
  0.124941015878742     
 -0.549954229775050     
 -0.136450625380233     
  0.510887714164775     
 -0.752853431668405     
  -2.34222849863834     
   2.02479775472436     
  -1.68637389081643     
 -0.591538666511125     
 -0.446817942407378     
  0.642117450465527     
  -1.59200263905600     
   1.57137733242244     
 -0.400115326325120     
  -1.00915083535602     
   2.35034200626798     
  -1.25336181438048     
  0.159145158497468     
 -0.116220941097755     
  -1.19870295070776     
   1.10879903514143     
 -0.209458596088592     
 -0.415512603189977     
  0.973611553268392     
  0.940548945539057     
  -2.66955520343591     
 -5.628098065689265E-002
  0.240700263699526     
  0.154119526819111     
  4.982184280422379E-002
  5.768876129174573E-002
  0.757021721296917     
 -0.234230834023473     
  9.763604527443074E-003
 -3.631093763376345E-002
  0.737177740309491     
 -0.285063212080432     
 -0.242209156157557     
   1.03296926235650     
  0.152689155731727     
 -0.176044115225779     
  0.170710623259606     
 -0.550997395521438     
 -0.279478938865156     
 -0.205861674806824     
  0.758952885293064     
  0.290263778732916     
 -0.730392209064999     
  0.175853163248367     
 -0.857419374333943     
 -0.149035978076161     
 -0.665024033207176     
  0.305246491960255     
   1.00500448160996     
 -0.798535975823073     
   2.25484371788733     
 -0.107077758193715     
  0.274171495299821     
   2.06535155425901     
 -0.970916796199374     
 -2.932789288336694E-002
  0.158428008282091     
 -0.291639162763674     
 -0.569872906572177     
   1.86151159016651     
  0.343426788968157     
 -0.724896852851731     
   1.16491043408409     
  -1.25755856427189     
  0.422183146680546     
  7.879346249848149E-002
 -0.135650296153964     
  -1.38236844806206     
   1.62884299232144     
  0.251603736708773     
  -1.13310981544173     
   1.24770900048262     
 -0.316496207676786     
  0.984964593362503     
  0.728556870176049     
 -0.285459004353349     
  0.446982109158690     
 -0.331997775722227     
  3.488868069661770E-002
  0.878138994124862     
  0.102395104431455     
  0.260731222962982     
 -0.373317290219141     
 -0.372784729633522     
 -7.769385180875590E-002
 -0.829578116774575     
  0.164749734802083     
 -0.599683221886023     
  0.946624238904894     
  -1.08176708625054     
 -0.949192914623892     
 -0.176650456365217     
  0.197137732057712     
 -0.162241418467163     
 -0.606137267261505     
  0.341603357107528     
 -0.893732946540897     
 -0.143861938018224     
  1.316740251566327E-002
  0.329245893393501     
   1.02569374521889     
 -0.693079673587108     
 -0.675565789211949     
  0.358750161448895     
 -0.352943980377496     
  0.401474323341768     
  0.453169978868569     
 -0.208246219137653     
  0.408829497505446     
   1.78417521824126     
  0.236969503616593     
  0.130721751620872     
  0.853960773692879     
 -0.249496657417856     
  0.763268429602085     
 -3.091614457635564E-002
  -1.64151996453407     
  0.221143290982818     
  0.920622830866227     
 -0.460833925468961     
   1.25765085955803     
  0.241022423506655     
  -1.92420039748630     
   1.41891404727407     
 -0.443511837138497     
   1.28089500038281     
 -0.136381306890425     
  0.340363986930916     
  0.346185631986379     
  0.199277035907862     
  0.895292898592173     
  -1.98743686276381     
 -0.547889566248900     
  -1.21786767915479     
  0.419626546754697     
  4.777249869924165E-002
  -2.03739410745123     
 -0.394941943152962     
  0.957607409391281     
   2.30237954372479     
 -5.046172866492239E-003
  0.214283391671093     
 -0.261641052990577     
   1.35432823661501     
  0.395965415195843     
 -0.298719863899600     
  -2.02607268659200     
  0.754653016911954     
  0.463799122508672     
 -0.159361151944222     
   1.22240877991795     
  -2.33750307962192     
   2.01830032533773     
  0.598621912414000     
  0.302083112429633     
 -0.410468965845445     
 -0.455956690210419     
  0.907880521474929     
  6.367096200345555E-002
  0.948167857940658     
   1.66348759642951     
  0.831663006966520     
 -0.972207928232990     
  0.439395256663624     
   1.66533785606459     
   2.40414472404438     
  0.155559998967333     
 -0.955053807140979     
 -0.860824373537064     
 -0.600402209504605     
  0.202105064373404     
  0.213463928397023     
   1.03432045310109     
  0.155537718469998     
 -5.814468175058390E-002
 -0.571954226529889     
  0.774304008111144     
  0.160760487160004     
  0.225128710487302     
 -0.615395685462739     
  -1.16821094479966     
 -0.429911809639321     
 -0.809940281368899     
  0.674707987666513     
 -0.533632505766798     
  0.528917096621200     
  0.651460092806061     
 -0.466127597606421     
  0.433976020101208     
  -1.03215404263975     
 -0.372504096863984     
   1.11155861407947     
  0.563453162427493     
 -0.126590402581828     
 -0.277816039665953     
 -0.737246797668597     
  0.514611671738628     
 -0.647745179033390     
  -1.57369079906966     
  0.347166153837252     
  -1.00082323919930     
 -0.808660549311209     
  0.212421770378226     
  -4.71398004531071     
 -0.588017006875632     
  -1.26894763944658     
 -0.457813133041040     
  -1.77888904080079     
  0.576892273668224     
 -0.236477510650981     
  -1.05600122958019     
   1.80565403260945     
 -0.764243754469296     
  0.961739485455498     
 -0.259323748547316     
 -0.274287020151709     
 -0.646500828618001     
   1.07415543513320     
   1.15461218803537     
  0.946684471816087     
  0.346968047021778     
 -0.285294450717412     
   1.11292216486815     
   1.68707922464340     
  0.313091582212053     
   1.28005454913047     
  -1.58534814255814     
 -0.167848577430954     
 -0.631925313466477     
 -0.155569909483610     
 -0.270988323074200     
 -6.256343427419402E-002
  0.887827704045602     
  0.162739098057176     
  0.305642996575883     
   1.56285583925909     
  -1.62765167612523     
  0.604209676498104     
 -0.250509684178969     
   1.40636294412164     
  0.196879341657208     
  0.886643618971092     
  0.840865065731190     
 -0.483935473165733     
  0.458100173220084     
   1.49238366192950     
 -0.387672528816105     
 -0.102772316679757     
   1.67806233792596     
  2.400017489546579E-002
 -4.894644914142647E-002
   1.83311785530855     
  0.226084681895724     
  -1.13572960105852     
   1.23632095615535     
   1.73188244956792     
   2.14264873113437     
 -0.579691249021675     
  -1.29295156092290     
 -1.042739323914304E-002
  -1.10304089212758     
 -0.957968624233291     
  0.308292580962985     
  5.522236866800734E-002
 -0.675918070818396     
  -1.86352230370934     
 -0.465142771297882     
  0.147560835309304     
   1.34094518168600     
  0.879214380763557     
  0.535746553699948     
  -1.67243963364736     
  0.560191698968639     
  0.347840539240024     
   1.87065715010997     
  0.704196408668664     
  0.835145963332576     
  -2.01790652240758     
  0.654251397915905     
 -0.412167262326941     
 -0.704509985756946     
  -1.39925658535974     
  -1.03642289640086     
  -1.22757921982659     
  0.258370380192552     
  -2.80476165437936     
   1.37427708264115     
 -0.417719506376155     
  0.333999131803187     
  -1.90635303159461     
  0.877031747335798     
  7.426497938968685E-002
 -0.417766841663574     
  0.345977879501635     
 -0.266941674257336     
  0.738464110483600     
  0.607170683344383     
  0.902709126817351     
  0.892633551536663     
  7.088407252323076E-002
  -1.79626288403926     
   1.11716132945549     
  0.539982766232252     
 -0.411826013228322     
   1.16245537340038     
 -0.369450890739318     
 -0.190563136496959     
   2.18382050624803     
  0.432298728107720     
  0.821786460897491     
 -0.111192997366132     
  0.139020319229624     
 -0.731092965145123     
  0.963999594412683     
  0.489773872783363     
  0.926355843007981     
  0.363500671612257     
  4.725783136289539E-002
   1.53496440782468     
  0.206820526101228     
  -2.83419142228680     
  0.320553091947113     
 -0.231454634826281     
  0.507993994443865     
 -0.205739532256538     
 -0.346911544663918     
 -0.503139912568122     
 -0.138936395911502     
  0.884691079946262     
  0.243805716611292     
   1.99499894578624     
  -1.86400108972462     
 -0.235129806113600     
 -0.360236161395176     
  0.931145014134503     
 -0.776809425701056     
  0.765174775410693     
 -0.699156926566292     
  -1.13626450229086     
  -1.79584155904522     
  0.612910816240999     
  0.606315620839035     
  -2.42274472051026     
 -0.294158596145388     
 -0.283930973185446     
 -0.216808926379325     
   1.39124965672613     
 -0.199872872189693     
  -1.50622081307015     
  -1.00273760693432     
 -2.382082212941603E-002
 -0.242950076559933     
   2.26360339806896     
   1.06913955178568     
  -1.51061614905551     
  -1.37153723192795     
   1.14420835184081     
  0.461352677829671     
  0.515200569424495     
  -1.97448745059637     
 -1.924326103883797E-002
   1.04505098359012     
   3.01598154412178     
   2.71905384365699     
  0.756033287399710     
  0.596439114783614     
 -0.929743132135550     
 -0.632188327439745     
  -1.97612520672065     
  -1.00201308940493     
   1.21485539332493     
   1.09301845789747     
   1.40627167701681     
   1.61951816785054     
 -0.282729500601302     
  0.884844894092506     
 -0.862317389341263     
  0.903377950321722     
  0.704805115531040     
 -0.306455171309659     
  -2.04332250814904     
 -0.210238005727754     
  2.923154453427596E-002
 -0.512746127463065     
  0.436263571596391     
 -1.551767150957745E-002
  0.849941027354764     
 -0.105041686788812     
 -0.466206236514067     
 -0.257722751303899     
  0.249120582987859     
 -0.647972997501564     
   1.09425304875475     
   1.26084606913801     
  9.633162644101786E-002
   1.28351173328796     
  0.739952554691552     
 -0.806688712114376     
  -1.11106525442261     
  -1.02691771831180     
 -0.374438417419810     
  -2.52707015516762     
  0.275707072841094     
  -1.60554303413758     
  0.157819761435468     
  0.428925920373139     
  -1.26064996391634     
  0.479347710577602     
 
   1.28289938325031     
  0.773012562926113     
  -1.90140586802487     
 -8.354621093204280E-002
   1.04531486999748     
  9.568833426314820E-002
   1.62895400696419     
   1.57327459229778     
  0.710978934505579     
  7.353034305519747E-002
  0.973168458615435     
  -1.31081722218698     
  -3.41923221316101     
  0.190353878599094     
  0.827694531641842     
   1.33918313805328     
  -1.34464893271647     
  9.660878018808772E-002
  0.177813920131788     
 -0.135097719640307     
 -0.579232423613199     
 -0.962436870309574     
  0.158658159020307     
  2.611131639352822E-002
  0.456177380160629     
 -0.100426656116246     
  -2.25802555835308     
 -0.325115912286980     
   1.06960363753144     
 -0.407018911242601     
 
 -5.567763993974649E-002
 -0.193258584891435     
  -1.28092574387421     
 -0.167754171692308     
  6.896128166264127E-002
  0.400059634829957     
  0.330840481925495     
  0.106813237223264     
 -0.180058061814075     
 -6.187482288895350E-002
  0.158687941876685     
  0.248450764669459     
  0.281798037457496     
 -0.109824121484479     
   9.06467042799360     
 -0.194554182739905     
 -0.173885049449403     
   3.29879898302650     
 -0.168992948001253     
  0.307615340547823     
  0.273289274445095     
 -0.130390970936091     
 -0.409091733845730     
 -8.998172677016822E-002
  0.230816622544060     
  9.265454483249586E-002
  0.572100252657489     
  0.549888049310301     
 -0.628086172232907     
 -0.101149565415533     
 
 -5.867917611500750E-002
 
  tansig  tansig 
