Ensemble
NVT
Number of steps
10000
Output steps
1
Time step(ps)
0.001
Temperature(K)
50.0
Couple frequency(cm-1)
1700
Lattice constant
50.0
Super Cell
1    1
Number of atoms (adsorption)
404
Element   Mass(au)        X         Y        Z
Ag  107.8682      2.3857830       1.9780930      -1.2244860 
Ag  107.8682      2.7235550      -0.8810930       0.1109310 
Ag  107.8682      1.3668210      -1.0145990      -2.7573580 
Ag  107.8682     -2.1826280      -1.8929380       1.3735700 
Ag  107.8682     -2.6694670       0.7811430      -0.5424450 
Ag  107.8682     -0.8160050       0.8491540       2.4559310 
Ag  107.8682     -0.5502730       2.7925070       0.3261740 
Ag  107.8682      1.5155340       1.3813680       1.9320090 
Ag  107.8682      0.8930940       0.4317830       4.9145840 
Ag  107.8682      0.9942130      -1.4500970       2.3683120 
Ag  107.8682     -0.0198500       3.3151930       3.4417510 
Ag  107.8682      0.1546800      -3.5760030      -3.7906730 
Ag  107.8682      1.5204570       1.9035330      -4.2263940 
Ag  107.8682     -1.7973280      -1.6738500      -2.0924820 
Ag  107.8682     -1.7055710      -2.0323410       4.2453420 
Ag  107.8682     -2.5773850       4.0877830      -1.1559640 
Ag  107.8682     -1.1154110      -4.3790660       2.2134300 
Ag  107.8682     -3.6150230       0.4622020      -3.3912170 
Ag  107.8682      0.2558930      -3.0209780      -0.4915440 
Ag  107.8682     -3.0729160       3.0442280       1.9714490 
Ag  107.8682      4.0048220      -0.5459780       2.9697160 
Ag  107.8682     -4.8292210      -1.6340700      -0.8286390 
Ag  107.8682      2.3293970       4.0789760       0.4254300 
Ag  107.8682     -1.0235920       1.6117620      -2.5940780 
Ag  107.8682     -4.4389140       0.0262280       2.3765690 
Ag  107.8682     -0.6835020      -0.2603660      -4.6155020 
Ag  107.8682     -2.6576210      -4.1834250      -0.6423380 
Ag  107.8682      3.4882260      -3.1861310       3.9229340 
Ag  107.8682      5.4986750      -2.8449840       1.9842990 
Ag  107.8682      3.3080660      -3.3030730      -2.0071180 
Ag  107.8682      4.5064590       1.3386910       0.8605930 
Ag  107.8682      0.8594300       4.1415650      -2.0947340 
Ag  107.8682      2.5373820      -4.2097150       0.8037410 
Ag  107.8682      4.2823080      -0.3693050      -2.3924010 
Ag  107.8682     -2.8528460      -4.4667700      -3.7274960 
Ag  107.8682      4.4037810       2.0397880      -3.9337230 
Ag  107.8682      0.3655800       5.9007950       2.1290560 
Ag  107.8682     -4.3974360      -2.4802310       3.8849380 
Ag  107.8682     -0.7580430      -5.8368400      -2.3620760 
Ag  107.8682     -3.4762750       3.1021100      -4.0628470 
Ag  107.8682     -5.1465470       3.2733460      -2.0197740 
Ag  107.8682     -3.2588470      -0.1160540       5.3128500 
Ag  107.8682      2.6577180       4.5999100       3.8071030 
Ag  107.8682      3.9348930      -0.3797720      -5.7356640 
H     1.0079      3.3078110      -5.2913880       4.8412000 
H     1.0079     -0.7802960      -6.2765800       3.6802700 
H     1.0079      3.5456670      -7.8759260       5.9381580 
H     1.0079     -0.3903370      -8.7392330       4.5547980 
C    12.0110      1.3654110      -5.9438080       4.1544750 
C    12.0110      2.6310170      -6.2709220       4.7885060 
C    12.0110      0.1779410      -6.7579350       3.9828800 
C    12.0110      2.7931580      -7.5136730       5.3098270 
C    12.0110      0.3288930      -8.0315610       4.6340140 
C    12.0110      1.5903740      -8.3309940       5.1007010 
F    18.9980      1.9376310      -9.5958700       5.3216040 
S    32.0600      1.4816650      -4.3843990       3.4826730 
H     1.0079     -6.2874520       2.6505090       2.2173820 
H     1.0079     -5.6074960       2.9540830       6.2371680 
H     1.0079     -8.7830700       3.9224190       2.5620920 
H     1.0079     -7.9110310       3.7731800       6.7672070 
C    12.0110     -6.0331900       2.5944370       4.1490650 
C    12.0110     -6.7713840       2.8801880       3.0453100 
C    12.0110     -6.3848100       3.0548270       5.4048820 
C    12.0110     -7.9775280       3.6192370       3.2520850 
C    12.0110     -7.6871800       3.6452600       5.6341830 
C    12.0110     -8.4935790       3.7782860       4.4749940 
F    18.9980     -9.6161690       4.6235450       4.6790600 
S    32.0600     -4.5008260       1.8563280       3.8859960 
H     1.0079      1.0580670      -2.7278160      -6.0139550 
H     1.0079     -1.8709530      -5.0837370      -7.7521820 
H     1.0079      2.6017680      -3.3450400      -7.7742150 
H     1.0079     -0.3934470      -5.4914950      -9.7571030 
C    12.0110     -0.5928940      -3.7767570      -6.6834450 
C    12.0110      0.7558080      -3.3983030      -6.6701520 
C    12.0110     -0.9423530      -4.6878870      -7.7295270 
C    12.0110      1.5896660      -3.8753000      -7.7487050 
C    12.0110     -0.0369070      -5.0672480      -8.7346020 
C    12.0110      1.2250350      -4.7629880      -8.7949340 
F    18.9980      2.0991350      -4.8320740      -9.9100990 
S    32.0600     -1.6444410      -3.0949730      -5.3143880 
H     1.0079      6.0090210       5.5176300       3.7089950 
H     1.0079      5.6887630       4.8733960      -0.5233210 
H     1.0079      7.8247890       7.1695780       3.1589530 
H     1.0079      7.4939270       6.6997880      -0.8717120 
C    12.0110      5.6064350       5.1599650       1.5855640 
C    12.0110      6.2760540       5.8658090       2.6089700 
C    12.0110      5.9606340       5.6417430       0.2596400 
C    12.0110      7.2564430       6.7524770       2.4264310 
C    12.0110      7.0816970       6.7040440       0.0581860 
C    12.0110      7.7161300       7.2277490       1.1895700 
F    18.9980      8.7815350       8.0346950       1.1240740 
S    32.0600      4.3121490       3.8914220       2.1507920 
H     1.0079     -6.1239620      -4.7556820      -4.6726120 
H     1.0079     -6.6957220      -4.6372190      -0.4393330 
H     1.0079     -8.0181930      -6.9906900      -5.1099660 
H     1.0079     -8.2442910      -6.7787760      -0.6484960 
C    12.0110     -6.2320340      -4.7412850      -2.5491710 
C    12.0110     -6.6681430      -5.2599120      -3.8237040 
C    12.0110     -6.9416270      -5.2706620      -1.4184230 
C    12.0110     -7.7389910      -6.4475250      -3.9808040 
C    12.0110     -7.7868490      -6.4532340      -1.5332180 
C    12.0110     -8.2303070      -6.9360720      -2.7534180 
F    18.9980     -8.9547800      -8.1568730      -2.6878630 
S    32.0600     -4.8086920      -3.4404450      -2.4635560 
H     1.0079     -2.8568350      -1.1641560       8.8171600 
H     1.0079      0.3679490      -2.8109080       6.0061720 
H     1.0079     -2.4459380      -3.5875610      10.5253380 
H     1.0079      0.7133280      -4.8741770       7.6239170 
C    12.0110     -1.1808760      -2.0980280       7.5633720 
C    12.0110     -1.9981910      -1.9487700       8.7796920 
C    12.0110     -0.1958130      -3.0610600       6.9899580 
C    12.0110     -1.8250630      -3.2094110       9.5675890 
C    12.0110     -0.0018170      -3.9987800       7.8637530 
C    12.0110     -0.7292900      -3.9796510       9.1130520 
F    18.9980     -0.5110570      -5.0515720       9.7931010 
S    32.0600     -1.0748690      -0.9978750       6.3037870 
H     1.0079      0.5995780       2.5377160      -6.3983510 
H     1.0079      2.1784370      -0.6027020      -8.8528760 
H     1.0079     -0.3823450       3.4159550      -8.4348840 
H     1.0079      1.0351650       0.1837730     -10.9408670 
C    12.0110      1.4191850       0.7233490      -7.5005470 
C    12.0110      0.6599750       1.9478410      -7.2855580 
C    12.0110      1.6304140       0.1737690      -8.7157960 
C    12.0110      0.1713050       2.4886440      -8.5273300 
C    12.0110      1.1279320       0.6013610      -9.9507780 
C    12.0110      0.4255110       1.7999900      -9.7649030 
F    18.9980     -0.2656470       2.3051540     -10.8936760 
S    32.0600      2.0491030       0.0320650      -6.1963210 
H     1.0079      0.0342590       4.4719910       5.9407740 
H     1.0079      3.5314540       3.3206960       8.5588960 
H     1.0079     -0.4517300       6.4216230       7.7629230 
H     1.0079      3.4325050       5.3271870       9.9094650 
C    12.0110      1.7626790       3.7658520       6.9988360 
C    12.0110      0.7286520       4.6891430       6.8882130 
C    12.0110      2.6702630       3.8667320       8.2016840 
C    12.0110      0.4366040       5.7236940       7.9142090 
C    12.0110      2.4038140       4.9936760       9.1151200 
C    12.0110      1.3267640       5.9133890       9.0723550 
F    18.9980      1.0742060       6.7381470      10.1799500 
S    32.0600      1.6427210       2.7937610       5.4339320 
H     1.0079      0.9633820       8.9544640       0.5468100 
H     1.0079      3.5029240       6.3339520      -1.2267240 
H     1.0079      2.3821050      11.0124160       0.4150940 
H     1.0079      5.3790860       7.9898370      -1.2543620 
C    12.0110      2.0583350       7.4232820      -0.4039810 
C    12.0110      1.9133990       8.7709790      -0.0657300 
C    12.0110      3.4094330       7.2819460      -1.0167930 
C    12.0110      2.7533690      10.0289100      -0.1579450 
C    12.0110      4.3705370       8.3395520      -1.0341130 
C    12.0110      4.0707780       9.7366100      -0.7097040 
F    18.9980      5.2866650      10.5903620      -0.5193350 
S    32.0600      0.9292570       6.0883970      -0.1964250 
H     1.0079     -3.1502740      -7.7569730       4.4475860 
H     1.0079     -3.3388410      -3.5784370       6.4742500 
H     1.0079     -2.7977130      -8.4282300       6.7781960 
H     1.0079     -3.4283570      -4.5259950       8.4903350 
C    12.0110     -3.1964720      -5.4392900       5.1952840 
C    12.0110     -3.1679140      -6.9204300       5.3584650 
C    12.0110     -3.2471180      -4.7298840       6.3552960 
C    12.0110     -3.0902000      -7.4184680       6.6302350 
C    12.0110     -3.3960750      -5.2597120       7.7486490 
C    12.0110     -3.2393500      -6.6955900       7.7956470 
F    18.9980     -2.9572870      -7.3157760       8.9870950 
S    32.0600     -2.7621100      -4.4072030       3.6696260 
H     1.0079      4.1522290      -6.4152770      -4.1201830 
H     1.0079     -0.1479190      -6.0391630      -5.2157680 
H     1.0079      4.4019050      -7.6635920      -6.6704490 
H     1.0079      0.1416330      -7.7413830      -7.2126940 
C    12.0110      2.0093030      -6.2611790      -4.6361430 
C    12.0110      3.3459820      -6.6026750      -4.8921340 
C    12.0110      0.8817730      -6.5807060      -5.3629720 
C    12.0110      3.4690700      -7.2915390      -6.1124240 
C    12.0110      1.1060210      -7.4298640      -6.5204280 
C    12.0110      2.3319440      -7.7681340      -6.8876920 
F    18.9980      2.7205590      -8.6061890      -7.9910150 
S    32.0600      1.7726810      -5.1146870      -3.2472400 
H     1.0079     -7.6617190       5.2581390       0.9629610 
H     1.0079     -3.5808490       6.5178430       0.2982020 
H     1.0079     -8.2475950       7.6157440       1.2904420 
H     1.0079     -4.4126880       9.1254490       1.0119040 
C    12.0110     -5.5701380       5.7762000       0.5668800 
C    12.0110     -6.9131030       6.1005230       0.7146590 
C    12.0110     -4.5137340       6.7421710       0.6615180 
C    12.0110     -7.2552170       7.4306890       1.0534970 
C    12.0110     -4.9179480       8.0938070       0.8998250 
C    12.0110     -6.2875990       8.3736720       1.0731310 
F    18.9980     -6.5560630       9.5972350       1.3820340 
S    32.0600     -4.8662750       4.1679020       0.2143970 
H     1.0079      7.3616310       1.7700960       0.0363050 
H     1.0079      7.2179300       0.3681470      -3.8366890 
H     1.0079      9.8154390       1.0292620       0.3579510 
H     1.0079      9.5383150      -0.4488710      -3.8208640 
C    12.0110      7.0722840       1.0192510      -1.8840490 
C    12.0110      7.8064330       1.2115850      -0.7162400 
C    12.0110      7.7522910       0.3545570      -2.9021210 
C    12.0110      9.2214940       0.8981450      -0.5713750 
C    12.0110      9.0767010      -0.1381640      -2.7792640 
C    12.0110      9.7809140       0.1369770      -1.6593000 
F    18.9980     11.2014500      -0.0236900      -1.4808170 
S    32.0600      5.4668880       1.8681640      -1.7040260 
H     1.0079     -7.9319960      -3.0770940       2.2447070 
H     1.0079     -7.0013800       0.9830510       0.8590700 
H     1.0079    -10.5987010      -2.6277520       2.2849430 
H     1.0079     -9.4631090       1.4288490       0.9334290 
C    12.0110     -7.2887580      -1.0721620       1.8180710 
C    12.0110     -8.2909520      -2.0736790       2.0687370 
C    12.0110     -7.8161690       0.1202640       1.1831830 
C    12.0110     -9.7540450      -1.7819600       1.9740470 
C    12.0110     -9.2054080       0.3374770       1.2004360 
C    12.0110    -10.2441170      -0.5709280       1.5659140 
F    18.9980    -11.6778890      -0.3473770       1.4337010 
S    32.0600     -5.6924400      -1.8055150       1.9290080 
H     1.0079     -4.7764780       2.1079960      -7.3823350 
H     1.0079     -3.4109620      -1.3792280      -4.9252280 
H     1.0079     -6.8439630       1.0723920      -7.8571790 
H     1.0079     -5.3503680      -2.6242310      -6.0758230 
C    12.0110     -3.8846310       0.6046810      -6.0528520 
C    12.0110     -4.8694240       1.0217650      -7.0010380 
C    12.0110     -4.0875040      -0.7394850      -5.5708560 
C    12.0110     -5.9594760       0.3750370      -7.4893220 
C    12.0110     -5.1856900      -1.5324790      -6.0681410 
C    12.0110     -6.0869840      -0.9956000      -7.1065540 
F    18.9980     -6.9593550      -1.9582490      -7.4766650 
S    32.0600     -2.5093280       1.8776940      -5.8604060 
H     1.0079     -7.9525070      -2.2489050       7.3865450 
H     1.0079     -7.0005170       0.0973740       3.8548620 
H     1.0079    -10.0838430      -1.2176310       7.3539980 
H     1.0079     -9.2334530       1.0833630       3.8173290 
C    12.0110     -6.9568320      -1.0866420       5.6296360 
C    12.0110     -8.1685020      -1.5274290       6.4459590 
C    12.0110     -7.5674230      -0.1963680       4.6540940 
C    12.0110     -9.3821550      -0.9197280       6.4579900 
C    12.0110     -8.9493140       0.3451150       4.6823750 
C    12.0110     -9.9079510      -0.0044500       5.5461000 
F    18.9980    -11.2189210       0.6593890       5.4216300 
S    32.0600     -5.2358950      -1.6952020       5.9254140 
H     1.0079     -4.4921010       5.2553670       3.6545440 
H     1.0079     -0.4743800       7.1146580       4.3868200 
H     1.0079     -5.3887600       6.6793910       5.7072620 
H     1.0079     -1.3561290       8.2447270       6.2368440 
C    12.0110     -2.4641930       6.0517800       3.9179380 
C    12.0110     -3.8340890       5.8746360       4.1416830 
C    12.0110     -1.5441690       6.9092390       4.5216870 
C    12.0110     -4.3604240       6.6764660       5.2250620 
C    12.0110     -2.0069560       7.7180450       5.5087430 
C    12.0110     -3.3771080       7.6157270       5.8119140 
F    18.9980     -3.6786130       7.9147160       7.2063200 
S    32.0600     -1.8510630       5.1273310       2.7494500 
H     1.0079      1.2369770       5.5858580      -3.6610090 
H     1.0079      3.6742830       3.6506110      -6.8067480 
H     1.0079     -0.2482250       6.8471980      -5.7020080 
H     1.0079      2.3777860       4.7039630      -8.7568810 
C    12.0110      2.5391460       4.7167600      -5.1715200 
C    12.0110      1.4848980       5.5747130      -4.9242480 
C    12.0110      2.8548210       4.2771650      -6.5464980 
C    12.0110      0.7224140       6.3176340      -5.8762720 
C    12.0110      2.1856630       4.9896320      -7.6368770 
C    12.0110      1.1765010       5.8989000      -7.2585230 
F    18.9980      0.4996500       6.3681140      -8.4268390 
S    32.0600      3.0674220       4.1726870      -3.5609810 
H     1.0079      4.4923200      -6.0423980       2.2311590 
H     1.0079      6.4361220      -5.6714300      -1.7408390 
H     1.0079      5.0270440      -8.2869240       2.3479530 
H     1.0079      6.8479230      -8.0158930      -1.7334050 
C    12.0110      5.4544740      -5.6911810       0.2569990 
C    12.0110      4.9951290      -6.3976470       1.3756050 
C    12.0110      6.2000160      -6.2096240      -0.7576320 
C    12.0110      5.4142700      -7.7522860       1.4526610 
C    12.0110      6.4352400      -7.6001170      -0.7493590 
C    12.0110      6.1544250      -8.2622140       0.4553990 
F    18.9980      6.6070740      -9.4805700       0.4098300 
S    32.0600      5.0768230      -4.0376480      -0.0292800 
H     1.0079      7.3584980       3.7864500      -5.3400490 
H     1.0079      6.1472460      -0.3514370      -7.3940080 
H     1.0079      9.8575680       2.9450520      -5.5515900 
H     1.0079      8.5922430      -1.1433390      -6.9814430 
C    12.0110      6.8257660       1.6872930      -6.3594040 
C    12.0110      7.7082820       2.7511310      -5.7614030 
C    12.0110      7.0521130       0.2943530      -6.6545010 
C    12.0110      9.0635640       2.3479610      -5.7288190 
C    12.0110      8.3249030      -0.1213130      -6.6001870 
C    12.0110      9.3273060       1.0555620      -6.0617860 
F    18.9980     10.6379250       0.7154040      -6.5240620 
S    32.0600      4.9251600       1.4236640      -6.3913530 
H     1.0079      3.3032810       7.3457060       1.6975480 
H     1.0079      2.9030750       9.2430840       5.6366390 
H     1.0079      4.7750410       8.7484490       1.3544570 
H     1.0079      5.1116310      10.8356150       5.1031930 
C    12.0110      3.0411960       8.0462090       3.8863490 
C    12.0110      3.5914250       7.8807690       2.5643550 
C    12.0110      3.5363890       9.0098530       4.7575580 
C    12.0110      4.5376660       8.8334560       2.2775170 
C    12.0110      4.5415050      10.0224520       4.4226360 
C    12.0110      4.9681350       9.8766750       3.1487220 
F    18.9980      6.0728570      10.4971660       2.3694480 
S    32.0600      1.8567950       6.6676140       3.9917110 
H     1.0079      4.5146090       1.1249490       5.2635030 
H     1.0079      4.3650950      -2.2545240       7.8187050 
H     1.0079      5.8616530       2.3205930       6.7145380 
H     1.0079      6.1128340      -1.2017140       9.4791170 
C    12.0110      4.2419670      -0.6617800       6.4955630 
C    12.0110      4.6358090       0.6686040       6.1769500 
C    12.0110      4.5922390      -1.2822260       7.6513250 
C    12.0110      5.4458290       1.3693910       7.1009810 
C    12.0110      5.6441900      -0.6611270       8.5117300 
C    12.0110      6.1189500       0.7036660       8.2290490 
F    18.9980      7.1660150       1.0067280       9.0164720 
S    32.0600      3.0287640      -1.2056300       5.3168880 
H     1.0079     -4.3877520      -6.7304760      -1.4714250 
H     1.0079     -3.5890170      -9.1893040      -4.6444370 
H     1.0079     -5.9643680      -8.2474530      -0.4581150 
H     1.0079     -5.3946060     -10.9145630      -3.9629010 
C    12.0110     -3.6927440      -7.8657480      -3.1307090 
C    12.0110     -4.4759970      -7.6567230      -1.9233990 
C    12.0110     -4.2183450      -8.9809840      -3.7982380 
C    12.0110     -5.4878600      -8.6160360      -1.3882770 
C    12.0110     -5.2791420      -9.8477980      -3.3197180 
C    12.0110     -5.9542760      -9.6535250      -2.1260180 
F    18.9980     -6.7861770     -10.7488190      -1.6710160 
S    32.0600     -2.4255990      -6.9517880      -3.9155910 
H     1.0079      8.8305780      -1.2457690       2.9629300 
H     1.0079      5.6411250       1.6751900       3.1740800 
H     1.0079      9.9153140      -0.0859130       4.8492380 
H     1.0079      6.8352530       2.9527850       4.8068210 
C    12.0110      7.1262020       0.1225210       2.7963240 
C    12.0110      8.4327910      -0.3421520       3.2791510 
C    12.0110      6.7170660       1.3308880       3.3183830 
C    12.0110      9.1225910       0.4395270       4.3550200 
C    12.0110      7.4073610       2.1435970       4.3195880 
C    12.0110      8.6361960       1.6507950       4.8782400 
F    18.9980      9.2557050       2.1757860       5.9944210 
S    32.0600      5.8213110      -0.4167530       1.7030810 
H     1.0079     -6.6889300      -2.1746360      -2.1285400 
H     1.0079     -6.7752390       1.6722570      -4.1542750 
H     1.0079     -8.3830720      -3.1572810      -3.5490630 
H     1.0079     -8.6797450       0.9580190      -5.5461800 
C    12.0110     -6.7263360      -0.1876810      -3.0858870 
C    12.0110     -7.1460850      -1.5130360      -2.8991760 
C    12.0110     -7.2604690       0.6080880      -4.0445230 
C    12.0110     -8.0013470      -2.0308970      -3.8390330 
C    12.0110     -8.2441190       0.1594080      -4.9200050 
C    12.0110     -8.6356620      -1.2235050      -4.8070650 
F    18.9980     -9.9037360      -1.7316750      -5.3336380 
S    32.0600     -5.6725900       0.6461140      -1.9927930 
H     1.0079      6.2088370      -3.0491500      -2.3123000 
H     1.0079      5.0385410      -2.8596060      -6.4840140 
H     1.0079      8.0223220      -4.6283070      -2.8222530 
H     1.0079      7.0962260      -4.4832250      -7.1560450 
C    12.0110      5.6489310      -3.0569860      -4.5663610 
C    12.0110      6.3689700      -3.4621100      -3.3992650 
C    12.0110      5.8424440      -3.4796120      -5.8474000 
C    12.0110      7.4460150      -4.2032980      -3.6667660 
C    12.0110      6.9804480      -4.2302600      -6.1092250 
C    12.0110      7.7474950      -4.6809570      -4.9210750 
F    18.9980      9.1367400      -5.1700660      -4.9682950 
S    32.0600      4.0175320      -2.4153440      -4.3866110 
H     1.0079     -4.0001620      -6.5309780       1.4167910 
H     1.0079     -0.6428300      -8.8482700      -0.0151030 
H     1.0079     -4.7989980      -8.5306970       2.4620430 
H     1.0079     -1.6099510     -10.8972600       0.8213650 
C    12.0110     -2.2951530      -7.5816420       0.5471620 
C    12.0110     -3.4650160      -7.4972000       1.2913620 
C    12.0110     -1.6441580      -8.8329350       0.4308650 
C    12.0110     -4.0003550      -8.7451180       1.9507690 
C    12.0110     -2.0716580     -10.0807190       1.0417770 
C    12.0110     -3.3709060      -9.9571790       1.7916000 
F    18.9980     -3.9563040     -11.0812470       2.2785090 
S    32.0600     -1.4337440      -6.2047620       0.0977220 
H     1.0079     -1.2194340       7.2732630      -1.6117120 
H     1.0079     -1.7797520       5.8826360      -5.6250210 
H     1.0079     -1.8409240       9.6434280      -2.4128160 
H     1.0079     -2.7838670       8.2180470      -6.5867110 
C    12.0110     -1.6251660       6.3310440      -3.5592510 
C    12.0110     -1.4712820       7.4564720      -2.6823230 
C    12.0110     -2.0091300       6.7734610      -4.9596850 
C    12.0110     -1.8981050       8.8723640      -3.0728410 
C    12.0110     -2.3851890       8.1429950      -5.3417530 
C    12.0110     -2.3367740       9.1641880      -4.3449720 
F    18.9980     -2.5632000      10.5719620      -4.7305810 
S    32.0600     -1.3090670       4.4892570      -3.5087810 
H     1.0079      6.3264090      -4.4546650       6.9094720 
H     1.0079      8.3927830      -3.2419430       3.0762500 
H     1.0079      8.5017330      -3.5989670       8.1768700 
H     1.0079     10.3617990      -2.8347430       4.4087740 
C    12.0110      7.2752680      -3.7168300       4.9795870 
C    12.0110      7.2532300      -3.8605850       6.3608000 
C    12.0110      8.4148980      -3.3375640       4.1715740 
C    12.0110      8.3773640      -3.6386860       7.0495660 
C    12.0110      9.5167060      -3.1592940       4.9954810 
C    12.0110      9.5828230      -3.4276510       6.3545500 
F    18.9980     10.6723570      -2.7329850       7.0583100 
S    32.0600      5.8123540      -4.1317130       3.9159130 
H     1.0079     -4.7297100       5.8025360      -2.0272210 
H     1.0079     -7.1079380       6.6949920      -5.6219890 
H     1.0079     -4.7270150       8.1384080      -1.2740320 
H     1.0079     -7.1474760       9.1321110      -4.7412140 
C    12.0110     -5.8955640       6.0456460      -3.8505030 
C    12.0110     -5.2505380       6.6026510      -2.6592490 
C    12.0110     -6.5928940       6.9835650      -4.6095180 
C    12.0110     -5.3737830       7.9442360      -2.1712460 
C    12.0110     -6.6576340       8.3014900      -4.1659150 
C    12.0110     -6.0130100       8.8355210      -3.0939630 
F    18.9980     -6.6351140      10.0911460      -2.6278760 
S    32.0600     -5.6893620       4.2313990      -4.3456720 
Upper bound of z-direction
   1000
Louer bound of potential energy(eV)
  -500.0
