 0.228214157222866110E+01
 0.782055685153695546E+01
-0.336359614488922695E-01
-0.779402857108542624E+00
 0.560961877724251057E+01
 0.226538225758049139E+01
 0.237154146670554233E+01
-0.873089295606157140E-01
 0.355383505518567233E+01
 0.158131206020538900E+00
 0.815878858289129649E-01
 0.787437756130682676E+00
-0.417082559811773501E+00
 0.245179027627903778E+01
-0.148415893845331409E+00
-0.104520675461858628E+00
 0.233560142893432854E+00
 0.178227137945422021E+01
 0.698375433774044097E+00
 0.126850004148155258E-01
 0.109377282539802126E-01
 0.460890851184231232E+00
 0.186505755714001964E+00
 0.155379053316995641E+01
 0.477403086356354145E-01
 0.418473812669947903E-01
 0.158815374969818124E+00
 0.910928180843490809E+00
 0.867173565481725084E+00
 0.322670311756641237E-01
 0.294992473989781033E-01
 0.463135774539413680E+00
 0.477838189014560044E+00
-0.558788147750123088E+00
-0.380297402398690337E-01
-0.395566554326266806E-01
 0.535832846063702184E+00
 0.263070515519273185E+00
 0.154091738636508135E+01
 0.627042719313727764E-01
 0.855610040692292434E-01
 0.190502097484556321E+00
 0.656342802393082181E+00
 0.186874806873136290E+01
 0.745586198280097506E-01
 0.122232972731860484E+00
 0.478051718883076904E+00
 0.859411088179287463E+00
 0.253308211571252651E+01
 0.186217782089570572E+00
 0.329174197222263321E+00
 0.655177847339814989E+00
 0.264399622483646013E+01
 0.241525346990243195E+01
 0.142639648836604793E+00
 0.277259709913300567E+00
 0.226492375328499751E+01
 0.363114145797733956E+01
 0.563998905135704742E+01
 0.835934922675412861E-01
 0.167362721181663621E+00
-0.177290782468488262E+01
 0.427156409572546281E+01
 0.181286592650367346E+02
-0.439629160807031683E+00
-0.965857480097726762E+00
 0.287058841328375447E+01
 0.177885278499088813E+02
 0.320084464029167890E+02
 0.247471524858883285E+01
 0.615963013298780382E+01
 0.221265826852043261E+02
 0.229882608737976177E+02
 0.948607365903129534E+02
-0.990537277465683985E+01
-0.294072082849212499E+02
 0.136620431118768920E+03
 0.106588894278318719E+03
 0.100520696507116554E+03
 0.759842400703495571E+02
 0.431411121004009779E+01
-0.261427016171312099E+01
 0.261530479999897381E+01
 0.724172914894367548E+01
 0.196229130996128820E+01
 0.806685283170959999E+00
 0.832014673328790422E+00
 0.137388237319821882E+01
-0.894504112762466796E+01
 0.101114714860092519E+00
 0.505944224812564652E-01
 0.680738324447440091E+00
 0.194821358889226870E+01
 0.157156197451954704E+01
-0.469144076996961465E-01
-0.294136816154117360E-01
 0.452030764362644832E+00
-0.544857836018169603E-01
 0.214022817984184366E+01
 0.104264415004630351E+00
 0.682699782353134998E-01
-0.517188054227174399E+00
 0.143156002425754103E+00
 0.874904888685865356E+00
 0.901438892708657930E-01
 0.711661648212123382E-01
 0.385019667876954463E+00
-0.447303779423103898E+00
-0.469966634270380101E+00
 0.134831255026983537E-01
 0.112957375851793270E-01
 0.257091067270630136E+00
-0.117496328211359913E+00
 0.779504388097153833E+00
-0.279332652466092305E-03
-0.220464957515628061E-03
 0.236403223827868519E+00
 0.731569041691600488E-02
 0.739865683843042188E+00
 0.627820517631960257E-01
 0.694258668632136006E-01
-0.341650060567728203E-01
 0.378776200921279893E+00
 0.697542225383627756E+00
 0.675512349711800547E-01
 0.928760963923344479E-01
 0.275352423681597736E+00
 0.158882586469584752E+00
 0.919532215620640470E+00
 0.112105757565329908E+00
 0.158953841760192116E+00
-0.929926081281090694E-01
 0.914831211630871888E+00
 0.135615468055954680E+01
 0.327849447274740302E+00
 0.536215237425655578E+00
-0.189364037597807844E+00
 0.155107777177077200E+01
-0.857858871330480555E+00
 0.221702149896988526E+00
 0.400389583983714714E+00
 0.661738694996179433E+00
-0.196876300072184085E+01
 0.360542427962628942E+01
 0.247282649014640366E+00
 0.507039618786276902E+00
 0.493829520634223973E+00
-0.459411428133312483E+00
 0.794482394458137708E+01
-0.167425647367689778E+00
-0.388019920966332643E+00
 0.884977237668867645E+01
 0.808157878885024417E+01
 0.396266048527722825E+01
 0.918992396545720514E+00
 0.262938601838671682E+01
 0.662942681610850659E+01
 0.192805891277976578E+02
 0.410615291522397570E+02
-0.111283869398061377E+02
-0.206007788996651575E+01
 0.247518947492849017E+01
 0.925775462462320869E-01
 0.135134361001833838E+02
 0.145265992977469227E+01
 0.489567408499487822E+00
 0.967425508325489125E+00
-0.411911113552975938E+00
 0.510536369855756256E+01
-0.235248065415491925E+00
-0.110724812010416784E+00
 0.190099437919068526E+00
 0.761636878208088453E+00
 0.163204650690679443E+01
-0.215076847634879153E-02
-0.138021031175067518E-02
 0.438742505196572929E+00
 0.128175856534854832E+00
 0.832153142149388292E+00
-0.244106925704087874E-02
-0.151299619170518337E-02
-0.188248125032721231E+00
-0.277196363795340697E-01
 0.458788055033638675E+00
 0.203183264436360526E-01
 0.119093958342091355E-01
 0.100455875925663171E+00
 0.919538473886746255E-01
 0.419474461143350741E+00
 0.219002477518341447E-01
 0.151210982816087289E-01
-0.299691543359947889E-01
 0.567524285136342330E-01
 0.389742419444557620E+00
-0.143466975360356085E-01
-0.128282779103195410E-01
 0.938737326451961063E-01
-0.562055102940689066E-02
 0.230589195030079352E+00
 0.487813126017700577E-02
 0.507416618465754421E-02
-0.540423984887373685E-01
 0.160098614102790499E+00
 0.191473865982851044E+00
 0.301601527229297455E-02
 0.371260626374292921E-02
-0.193716526080245782E-01
 0.233541603755391708E+00
 0.327542295351978985E+00
-0.185604588237463439E-01
-0.260535431380795220E-01
 0.167851105190679417E+00
 0.167597255492400593E+00
 0.150810687254207154E+00
 0.538433435194599769E-01
 0.771316641802233666E-01
-0.361682049549509402E-01
-0.118397384720055093E+00
 0.680927353655298218E+00
 0.162685035479078789E-01
 0.277578039340753667E-01
 0.447596297758601144E-01
 0.439052658392556694E+00
 0.102189914292871920E+01
 0.286006717060587716E-01
 0.538018092768393005E-01
 0.621841807582112938E+00
 0.924760776299711207E+00
 0.138966533946792348E+01
 0.280370288070826978E+00
 0.617108237693693717E+00
 0.433195376549402933E+00
 0.699754710228792098E-01
 0.427453638660676560E+01
-0.628135073219872164E+00
-0.171098520624516026E+01
 0.542656980339354433E+01
 0.451694789205065650E+01
 0.358928812357282645E+01
 0.364042348529275417E+01
