     48 -    30 -    30 -     1 
rmse=  38.7021meV
 -0.129576885420165     
 -5.750792517347777E-003
  7.943627238154551E-002
  8.252583020438230E-002
 -8.552548725097221E-002
 -0.188077132830220     
 -0.627409337233796     
  0.206223827184877     
 -0.110846227428260     
   1.19908993711822     
 -0.860195886994033     
  0.692561888607333     
  1.085921626100071E-003
 -0.575953395370007     
  0.677885556187566     
  0.217457468393999     
  0.148283875875019     
  4.326085060484488E-002
  0.171781393337066     
  7.913181464092388E-002
 -0.287589829469557     
  0.466523954909785     
 -0.224861931081803     
 -0.197795731432584     
 -0.834361518299586     
 -0.677603693221355     
  0.891465834445848     
  6.154692935764016E-002
 -0.531812120169342     
  0.265583521226204     
 -0.241231100294139     
 -0.654050133029025     
 -0.229583075336172     
  6.710077989298439E-002
 -0.273449816998877     
  0.379623852656964     
 -6.915577873951972E-002
 -8.807165189004937E-002
 -1.874664418889253E-002
 -0.614006298775605     
  0.677875587509144     
  -1.05584762871316     
 -0.449275310132509     
 -0.380010722670022     
  0.145682411214167     
 -0.217466350163901     
 -0.762866616929607     
 -0.202518655339180     
  0.137066697689576     
 -7.061640117659405E-002
 -0.227098582707228     
 -0.189690512488840     
 -0.956414656700753     
  0.491956469698837     
  0.312099634741433     
 -0.110705948903307     
  0.221052935458467     
 -7.103340975472555E-002
  0.405471194682926     
 -4.789325418582785E-002
 -0.173231325665838     
  0.461660606991485     
 -8.780187216956108E-002
  6.137295740429982E-003
  6.946421236650882E-002
  0.136186732097944     
 -0.639021879256398     
  0.937710634947450     
  0.276265756019846     
 -0.458774989859707     
  0.617118025682485     
 -0.508792902353251     
 -0.648588906331207     
  0.208264660507504     
 -0.473086820964343     
  5.651243405967597E-002
  8.625167366940936E-002
 -4.823215658838222E-002
  8.019357208243678E-002
  0.222317155991293     
  0.182315145180846     
 -0.243402026319794     
 -0.508356999545085     
  0.442223588182797     
 -0.294114720632676     
  0.317777248262768     
 -0.680420860673196     
  0.112164284106585     
  0.135755319462507     
 -4.333547308586016E-002
 -0.162821753566382     
  0.326258194055479     
 -0.341137583903299     
 -0.118527420856393     
  0.171611478781250     
 -4.843250020407058E-002
  9.689526744927331E-002
 -1.881326015322400E-002
 -0.196343885611541     
 -0.480164557990405     
 -0.240356081975420     
   1.00662162717058     
 -0.154030994503433     
  6.270354597732131E-002
  0.166681870732084     
  8.139055974874029E-002
  0.287489596559902     
 -6.468997278468666E-002
 -0.361133657895254     
  0.262914133969296     
 -0.198198226350665     
  0.225049657184615     
 -5.594359183621729E-002
  0.120389222370042     
 -0.127086072178427     
  4.460069601933395E-002
  0.251010023696226     
 -0.217313092160664     
  0.107172696441958     
 -0.317658700459105     
 -3.444725674176159E-003
  2.766581773928747E-003
 -0.388042518339968     
  1.821451704373106E-002
  0.231114163955627     
  0.202520942640477     
 -0.101613055664246     
  0.378100543926614     
 -0.595146078040856     
  0.429163221026611     
 -0.319491707623887     
  6.580891721141387E-002
 -0.103532057638122     
 -4.644962519393137E-002
  0.174722216116658     
  5.561818400710573E-002
 -0.279083577194618     
  0.210254440187407     
 -5.919000805272483E-002
  0.399124224953421     
 -0.154564690160664     
  1.552493753037294E-003
 -4.032385488193883E-002
 -0.204962868800696     
  0.102047652584099     
 -0.461161548518889     
 -3.104649936772365E-002
  0.509729790285862     
  0.210890672372069     
 -0.551582011865467     
  -1.27018835364628     
 -0.522971461072751     
 -0.313211426572470     
 -0.396959000906709     
  3.206703356732373E-002
  2.681822076942314E-002
 -8.676576426268741E-002
 -0.444813959826491     
  0.412103386342542     
 -0.392278293332227     
   1.19088692354144     
 -0.604192233698947     
  9.414408018826609E-002
 -0.148656036504278     
 -0.560862687374509     
   1.26077510602997     
  0.183336133773261     
  0.113432098362161     
 -0.620059627126229     
  0.239321409987208     
  0.208805351781347     
 -0.520125201504923     
 -0.136615319515226     
  8.644791236076509E-002
  2.618073649068912E-002
  0.120615681072984     
  0.865754298892958     
  0.265427176935122     
 -6.995527625482578E-002
  0.147347557273753     
  0.322013338866088     
 -0.917987294581258     
  0.319040101954838     
   1.17730439760783     
  9.069708638179869E-003
 -0.119084390531456     
  3.770066889011543E-002
 -0.462885772703531     
  0.735572585606108     
 -9.176901225704924E-002
 -0.506937571740536     
  0.415875865074219     
  2.734327637881499E-002
  0.101665488301600     
  0.524630260786480     
  0.792174564968411     
 -0.965714579021303     
 -0.463656124368793     
  0.600511235206885     
  4.425859975815735E-002
 -0.753272031826925     
  0.221418030487986     
 -4.464273109431097E-002
 -0.396776236000680     
 -0.304893327873465     
  0.450584095433772     
  0.137200579633034     
 -0.252449619865273     
 -0.304802579537189     
  0.480933554362638     
 -0.798551013137246     
  0.527160301920173     
  0.357374575475109     
 -0.441864464485218     
 -3.602401036699597E-002
 -0.754713393138892     
  0.511064871513173     
 -0.162505386992568     
 -0.371420712334595     
  0.472392770168336     
  8.137963822489774E-002
 -0.818332487986033     
  0.156367887676136     
 -0.368864761347807     
 -0.640646202848252     
 -0.480027046443372     
 -1.928464287496033E-002
  0.134212073412394     
  0.487224929241760     
  0.654839450785173     
  0.540434532164502     
  0.587282205909666     
  0.183203167287315     
  0.387288343639056     
  0.164923032479194     
  0.208426581688541     
 -1.442917725698047E-002
 -0.165015309343937     
  0.236905326169877     
  0.251724696801530     
 -1.254654496546335E-002
 -5.692831948294641E-002
 -0.121092946304916     
 -0.562965942843458     
  0.302214146222979     
  0.559557892805090     
  0.346830481362847     
  0.320908234827516     
  0.822632529668526     
 -0.200612427046850     
 -0.183866652979675     
  0.307671600490962     
 -9.850797127865021E-002
 -9.748544800723030E-002
  0.300051139586562     
  0.101294860216699     
  0.204100226699456     
 -0.315441580533750     
  0.669253839252018     
 -0.656029079907978     
  0.237532128642167     
 -7.183492637510365E-002
  0.123097975437241     
 -0.873683821877921     
 -0.363132564461201     
  4.422011252034571E-002
  7.820036126453830E-002
 -0.373666903089804     
 -7.963239562424458E-003
  3.806707437527422E-002
  3.767269592218574E-003
 -0.118970920574157     
  0.394832393285534     
  9.996837523689070E-002
  0.676675615040346     
 -0.409696209316859     
 -0.376269610094861     
 -0.573695363719137     
  -1.01386769760525     
  1.304709369834649E-002
  0.125752318212239     
 -0.217787683862700     
 -0.173442267267455     
  0.225730261238505     
  2.773756185782532E-002
 -0.276071239450787     
 -0.166865689382760     
 -0.147716716474678     
 -5.889287952293645E-002
 -5.847992514895961E-002
  0.341289471655877     
  2.436924292105564E-002
  1.907043043597808E-002
  5.407516751656061E-002
  0.185557498273178     
 -0.140462329184548     
  0.507150384486158     
 -8.179904027008968E-002
 -0.263201126791675     
  0.233334558800302     
  0.347314531763748     
 -9.231506077580205E-002
  1.074812757169255E-002
  9.311630481259912E-002
  0.262435551239818     
 -0.786958681555385     
 -0.189070680452383     
  0.209260236544675     
 -0.156673959238538     
  7.638719056490731E-002
 -4.749289773168910E-002
  0.268714987231221     
  4.977907528427874E-002
 -1.899160325841562E-002
  0.349255810779707     
 -0.197033637020085     
 -2.628964840830609E-002
  4.034656547853652E-002
 -6.731885401384793E-002
  6.450774434709287E-002
  0.617523167547760     
  0.210653696111743     
  1.758462202445779E-002
 -0.153627688446020     
 -0.169187736612657     
  0.226817739669020     
 -7.535213639470016E-002
 -5.426881439873389E-002
  0.181464139086942     
 -0.151679922813685     
 -5.262634252889861E-002
 -0.163904877962874     
 -0.261903931453790     
  4.042809359552767E-002
  5.988688834985044E-002
 -0.105806604604919     
 -0.168735574396950     
  0.187441574914425     
 -0.621192332795667     
  -1.59403854229813     
  0.353638819759206     
  0.611597910011706     
  0.433348745695206     
 -3.957844779695029E-002
 -0.439758963859599     
 -4.856043497222898E-002
  0.352634037220497     
 -0.437384446373821     
 -0.919696232590446     
  2.209452053328839E-002
 -0.968046602033735     
 -0.494015135642260     
 -0.296733782388327     
  2.803511045204427E-002
   1.86623490977988     
  -1.37793124841107     
  0.208237296929432     
 -9.039926910782187E-002
   1.11911726260928     
  -1.00227524492995     
  0.380284735260354     
  0.260484028045127     
 -0.445923552733075     
  0.127227619215940     
  0.178191210984926     
   1.00721107359952     
  0.234543387243140     
  0.568821321835411     
 -0.759022011771437     
  0.397821110934075     
   2.36448415119978     
  -1.20263894754630     
 -0.195350250505570     
 -0.118968743923891     
  0.132269149570779     
  0.242145759524087     
  0.664156061739839     
  2.501955501259714E-002
  0.199669445209716     
  0.614538128113820     
 -0.240999501680786     
  0.615965297822658     
  0.671252402604735     
  0.415760266515392     
  0.106237501987279     
 -0.227395793351893     
 -0.150846377308483     
 -0.610495762169001     
  0.128136865321508     
 -4.078147894678617E-003
  0.283178648077688     
 -0.696175591984107     
 -0.467768413298442     
  0.687126779886133     
  0.184785612720828     
 -0.790635621701057     
 -0.723914835393177     
  0.613298286790374     
 -0.750528462305833     
  0.692495570607975     
  0.416943742207054     
  0.159138667712510     
  0.691535684994971     
  4.437681452040176E-002
 -0.655107758149712     
  0.592693760850368     
  2.651249101833403E-003
  0.714852507397554     
   1.38404381836978     
 -0.350150646219638     
 -0.805299757732704     
  0.548252258230885     
  5.922061637868775E-002
  0.636965029062240     
 -0.245760868069233     
  0.505217101254147     
 -0.719640047234283     
  0.140934781648266     
  0.439032163245166     
 -8.690541143405001E-002
 -4.874733402266640E-002
  0.821843042750787     
 -0.898568226388498     
 -0.366264188169156     
  0.647488373674365     
 -0.817394653266985     
  0.598490849014096     
  0.757023257563352     
 -0.220558885389760     
  0.220222847334729     
  0.299835178639839     
 -0.682404874232364     
 -2.495385926154840E-002
 -4.072845137942099E-003
  0.240589522081927     
  0.109220580041329     
 -0.153400072495284     
  0.135228759858632     
 -0.315476137276595     
  0.478964898014887     
  0.301771637117424     
  7.601668205661857E-002
 -0.351296947899162     
  0.328899834961712     
  0.359413642804474     
 -0.339436463356799     
  0.132278532154036     
 -5.642482518914009E-002
  4.435856245626474E-002
 -8.507680426753499E-002
  7.090193321717850E-002
 -8.340089122460366E-002
  8.833585000315046E-003
  0.112867290444453     
 -0.343896856933323     
  0.168888232826658     
  0.319683015278668     
 -1.896984265582310E-002
  0.432986027092688     
 -0.204420606731416     
 -1.550214675618214E-002
 -5.440375826217127E-002
  1.529344281820687E-002
 -7.245443165450986E-002
 -0.128895087752547     
  0.105279391826985     
  5.350953977055755E-002
  9.935717793839566E-002
 -3.311271828410039E-002
 -0.183835259601848     
  8.595672921888751E-002
 -0.454827657479467     
 -4.099823642083708E-002
 -8.518865729675608E-002
 -0.102245929371007     
 -0.292600638484582     
  0.224462319315352     
 -2.476910921725556E-003
 -5.582826109732598E-002
  4.477721678623831E-002
  5.423154439584248E-002
 -0.170996298442908     
  0.747531844387221     
 -0.756015143341463     
 -0.232610230553562     
  0.111416731148089     
 -0.626789154779593     
 -0.291878373625460     
   1.27670973102116     
 -0.341943850270161     
 -0.341822568071987     
  0.159446619964517     
 -0.137463987654313     
  0.427032464030381     
 -0.417775541924275     
  0.141109187064167     
  0.215114486512153     
  8.858592824104117E-002
  0.929081249153087     
  6.095953050616293E-002
 -0.421809524154882     
  0.409170151755567     
  0.878814769430089     
 -0.903137502645969     
 -0.686451966269978     
  0.652443913661983     
  0.317690390137447     
  4.776198203469105E-002
  0.517329531972254     
  0.941413275046548     
  0.342470118435122     
  5.042194911007786E-002
  0.348313643209930     
 -0.886979172289329     
  0.513262094199653     
  0.150579996752137     
  0.264293846237579     
  7.993136202698062E-002
 -0.610922826753730     
  0.120404532887004     
  0.758674040770142     
 -0.899380371865055     
 -0.178567978556622     
 -0.330558717046050     
 -0.550049667070745     
 -0.670714728243122     
  0.333792358208186     
 -0.166567851043246     
 -0.108153998951892     
 -9.054264225354756E-002
   1.62229443499709     
  0.384827495690190     
 -0.460753691608253     
 -0.738313047802241     
  0.404762024542906     
  2.728160833289037E-002
 -0.801812306937099     
 -0.134658274166717     
  0.576649015939148     
 -0.429799491972665     
  0.508836270549453     
  0.712387837826250     
 -0.215834064737701     
 -0.171134224819231     
  0.370021903225931     
  0.195016455690516     
 -0.363021203723058     
  0.606061767741701     
 -0.438611867457340     
  0.807186117617982     
 -0.929462433025319     
  0.671753945678388     
   1.25026194914222     
 -0.438341561222792     
  -1.00379268910645     
  0.921307964121666     
 -6.011155592495777E-002
 -1.580328127835166E-002
  0.123043075664984     
  0.269698182073779     
 -0.259260587976393     
 -0.461194642917131     
  9.647086668313899E-002
 -0.133808447607044     
  0.338303564846802     
  0.699556122923489     
 -0.117854589290503     
  0.301785259931114     
 -0.508727540752319     
  0.315630807938163     
  0.206582574146249     
  7.527265692370331E-003
  -1.20040514708102     
  0.261074506596405     
  0.139240779783768     
  6.084261925712255E-002
 -4.711390569861995E-002
 -6.396742845767432E-002
  0.212248082501446     
  6.806671870702086E-002
 -0.165254555441378     
 -0.177481519195260     
  0.810790417138046     
  -1.01854019991465     
  6.821057402521845E-002
 -0.354654928632628     
  0.411458058857543     
 -0.193311241503392     
 -0.331926971334187     
  0.532170569258681     
 -0.277350684460507     
  0.378210057082774     
  0.229047479616166     
 -0.449249110246909     
  0.234484629357575     
  0.260139830643103     
 -0.167321852030896     
  0.225228063092349     
  0.680927734093920     
 -0.217724622533913     
 -6.935857819740313E-002
  0.251668616643024     
 -0.670136319567513     
  0.127514408490560     
  6.479312639445553E-002
  0.134942157370582     
 -0.166092447349896     
  0.155244759634611     
  0.610428535351535     
  0.189767902055031     
 -0.611402271170670     
  0.159864015912065     
 -0.551337118286482     
  0.165985452870085     
  7.378611885620785E-002
   1.06434228588686     
 -0.383933937620232     
  0.269441803002613     
 -5.021875726340035E-002
  0.318941262962134     
 -0.352894143084852     
  4.193967205995840E-002
  0.117833384471838     
 -0.353255587630717     
   2.48708509232975     
  -3.25455884750638     
  -2.25076410428504     
  -2.02574378321038     
   2.49232440262308     
 -0.705294282204491     
  0.428908828265553     
  -1.55991124039800     
  2.279410876867079E-002
 -0.527123815994039     
 -0.254450734404049     
  0.202862132248907     
 -0.293650218520625     
  0.985869032304878     
 -0.595832855597257     
  0.832231827834209     
   1.63471938012671     
  -1.10225349562365     
 -0.879380479183323     
 -0.572489647277465     
  0.140522889474476     
  0.503017703392036     
  -1.34900576648856     
  0.914367469682867     
  6.058673474857479E-002
   1.00041092705122     
  -1.92531841094325     
 -0.974607919024005     
   2.06375531216093     
 -0.287388931381742     
 -0.226815181367072     
  0.779049782212493     
   1.52643324227643     
   3.28139455621220     
  1.062624299065447E-002
  -1.34784613248571     
 -0.727221507743161     
  0.113705165495392     
  0.966280580135640     
  0.881183066176207     
 -0.815664327570077     
  0.734825279618143     
 -0.356209842165141     
  -1.15326709137930     
  0.532909528624643     
 -0.741040647848603     
 -0.686027648102442     
 -0.239608594336519     
  9.245581731020218E-002
 -7.707559428741805E-003
 -0.308029406293106     
 -0.121327088958683     
  0.239075745807273     
 -0.231765331158035     
 -8.140718428137743E-002
 -0.128890481382263     
  0.605101564198535     
 -0.421569352543988     
  4.078117087805550E-002
 -5.430587992354467E-002
 -0.260741415442365     
 -4.256960273804521E-002
 -2.090242532757852E-002
 -0.143945450287855     
 -6.319521261319397E-002
  8.394120868238111E-002
 -5.231000322774074E-003
 -0.117734750327929     
 -0.199032510132818     
  9.194988075481809E-002
  8.655073105273926E-002
  9.890712428601288E-002
 -0.715341140098281     
  0.169006526570251     
  0.273626951418764     
 -2.763186205804106E-002
 -0.198474787923430     
  0.205718820707404     
  0.175358203088551     
 -0.169702356233938     
  0.111389533261087     
 -3.371633955095043E-002
  0.184954689730119     
 -7.625077030404191E-003
  0.221165069562794     
 -3.052022349052020E-002
 -0.484198508283088     
 -0.126428135669157     
  0.210322988212624     
 -0.334051410025178     
  1.099836873141719E-002
  5.948065793945358E-002
  0.216388700099902     
 -0.153973020393384     
  0.136873916088503     
  0.101543860875763     
 -0.131888444517334     
  0.326870119344782     
   1.04325288154874     
  0.847445677935975     
 -0.175581622533410     
  0.711905000829634     
 -0.458096295484891     
  0.832492046745469     
  0.676344269409188     
  0.292953028008573     
 -0.141969829761534     
  0.228762177667421     
 -7.782934916149513E-002
 -0.123104512119031     
  0.304804607014855     
 -9.872748154775550E-002
 -0.831574511154519     
   2.50703670263408     
 -0.406535638555539     
  0.528209721862987     
  0.325143284168064     
  -1.08316485884707     
  0.194780919156900     
 -0.803289349401813     
 -0.336713528283018     
 -0.406031987417058     
  9.686009206286936E-002
 -0.101548196344970     
  0.110862104000085     
 -0.342429530305535     
  0.196694826637983     
 -7.874097171943517E-002
  -2.14602927866688     
 -0.750423075444145     
  -1.13889589595071     
 -3.658832817558331E-002
   1.28492093232243     
  0.572435940427276     
 -0.608750222569407     
 -0.631814330879968     
 -7.179428222453901E-002
  0.170468243852132     
 -0.157769673996575     
  3.134570189322295E-002
  0.314189893099801     
 -0.379369683644071     
 -0.168287664460115     
  2.051576502895480E-003
 -0.280798402625346     
 -0.130346434086720     
  0.575665088526011     
 -0.351319245429111     
 -0.321508586895267     
 -0.181721621750212     
 -5.321383617504701E-002
 -0.186532723479359     
 -1.459718976283402E-002
 -0.425749436945219     
 -0.376865476698484     
 -0.533319225072145     
 -0.986067777949504     
  0.636404724682445     
 -0.556292352394085     
  0.203365978171238     
  0.690214959249901     
  -1.24975237424288     
  0.264337707830782     
 -0.177968895186482     
 -6.732127899097691E-002
  0.404931830266030     
  0.167773114891399     
 -0.210946206780321     
  0.592168732505789     
 -0.240677236624198     
  0.450738762899971     
  0.112334743457266     
  0.116673032075726     
 -3.762468703238506E-002
  8.945660021485642E-002
  0.208583533424062     
  0.853030673241958     
  0.554736675131427     
  0.871680812361966     
 -0.397543929339242     
  7.948933168257302E-004
  5.202053715125508E-002
 -3.084075414670021E-002
 -0.212486523844154     
  0.382587765994505     
  0.351102474667266     
  0.423259138080805     
  0.693940383607069     
 -0.195859531170397     
 -1.622345601635946E-002
  0.675234343909555     
 -0.202476924099521     
  0.206574538229191     
 -0.128572187902533     
 -5.895637310192294E-002
 -7.736554710042191E-002
 -0.209505777493069     
  0.223599398509948     
  0.127513625366583     
 -0.240875523101151     
  0.664873046200849     
  0.180240615172751     
 -0.349349262641942     
  0.356245309789584     
  0.199089671288873     
 -0.428098940756399     
 -0.163509532713994     
  0.133503122386825     
  0.237642527971853     
  1.269572650475154E-002
  0.236144104756918     
  0.278378481321088     
  0.200196018398666     
  2.777682343673997E-002
  0.322183755780289     
 -0.265349237928570     
 -0.239615332908260     
 -0.218697196374145     
  0.206721146702050     
 -0.364127764321175     
  3.066015892534488E-002
  0.191427521044253     
 -0.148371873074807     
  0.104140904089750     
  8.211198222123117E-002
  0.103322059150084     
 -7.955703997953598E-002
  8.628842781410573E-002
  0.317650548935963     
  0.214780091850749     
 -2.254239756554435E-002
  0.160185616671954     
  0.130448780275108     
 -0.254202847280748     
 -0.120893494874200     
 -0.104561307171347     
  8.203017961233278E-002
  0.206101784445609     
  8.444090343873466E-002
 -6.296112641223425E-002
  0.210291950358069     
  5.589659635430588E-002
 -0.693061127088117     
  0.129677840427053     
   3.06173670832270     
   1.87865615946001     
   1.08452167080254     
 -1.070250114818209E-003
  0.677455717934857     
  -1.66800740279103     
  9.576964327485482E-002
 -0.904588858478148     
 -0.619076832073815     
  0.785286517698017     
  5.429126248697419E-002
 -0.290160071254177     
 -0.438114706146527     
  0.844879207377515     
 -0.350660177478240     
  0.335109170646167     
 -0.667821972983781     
 -0.343707706032169     
 -0.136917462262038     
 -0.333050934689846     
  0.391131395905246     
  0.958550571095844     
 -0.221678486615178     
  6.608270327782725E-002
  6.784302416091356E-002
  0.608039285393780     
 -0.770600217091946     
 -3.654086501681336E-002
  -1.10598207595938     
 -0.281041148698540     
  2.911248113330691E-002
  -1.24412524388812     
  0.865330579814635     
 -0.899287905250887     
 -0.371259013109551     
   1.19282061644778     
 -0.759816265580084     
   1.42643438445470     
  0.809104602139132     
   1.22351779766165     
  -1.51736011482658     
  0.921357563406662     
 -0.306399672188167     
  0.666897113598790     
 -0.108434161824196     
 -3.439687548508558E-002
  0.410740846012136     
 -0.678778630635306     
  6.495197710148863E-003
  0.350182821869290     
  0.242536431552707     
 -0.150611990405299     
  0.817669793912413     
  0.622703366842238     
  -1.00990769246866     
  0.885722640835572     
 -1.636062068892104E-002
 -0.414669924905391     
  0.753771934232514     
 -7.148848220753398E-002
  0.230454340362054     
 -0.828634316682999     
  0.744608887893708     
 -0.450434343948208     
 -0.336123633263901     
  1.544748208854009E-002
  0.686043162337868     
 -0.567512643015232     
 -0.523212482828436     
 -0.226039192543061     
  0.931543169897850     
 -0.676440556957720     
 -0.501212859591788     
  0.363140589129312     
  0.250924502681284     
 -0.786538966140818     
  0.562214585016183     
  0.252148445319793     
   1.45292460281226     
 -0.436949698345259     
 -0.607126100853830     
  0.161166507531981     
 -0.453788541148543     
 -0.147520220755576     
   1.09533126296032     
  -1.20372706177535     
 -0.433460203770808     
  7.743684161408949E-002
 -3.872237446217494E-002
 -0.821927429874324     
 -0.188071399678824     
 -4.039474753511086E-002
  4.840278888365683E-002
 -4.217454376403024E-002
 -0.452671327700938     
  0.774376539033893     
 -0.125953078141737     
 -6.076391721837568E-003
 -0.728540258727606     
  0.125025474537737     
  0.306575472841124     
  6.897120392123227E-002
 -0.563993866978279     
  0.521026193564331     
  0.497005323787641     
 -0.523525257844360     
  0.743269869388077     
 -0.538189842284960     
  0.118442861461228     
  0.248227438948295     
 -0.917563661134339     
  3.479569573987030E-002
  0.220717640399930     
  0.134295058958674     
 -0.675788659713412     
  0.779196903440656     
 -0.581489483195010     
 -0.188700862791640     
  0.423762012108482     
 -0.111360370198670     
 -0.331022184272457     
 -0.387078083988071     
  0.486738168237056     
 -0.229410757696515     
 -0.429565253801624     
  0.134301462415598     
 -0.246712968955127     
 -0.280683296165288     
   1.28004435725744     
  0.814455514198101     
 -0.395552433225169     
 -0.489032899955717     
  0.585908588746273     
 -0.430420813050259     
 -0.295400122034099     
 -0.628650798267160     
  0.218720557570485     
 -0.539868908651332     
 -0.435649409352438     
  0.259158399566769     
  5.596110912711064E-002
  2.801895593823396E-002
  0.360744181977843     
  7.211818245498341E-002
   1.06626184627590     
   1.10966620277483     
  -1.29444812002650     
  0.964441829921434     
  0.324302528464152     
 -0.432433845432464     
  0.151362641918846     
 -0.458388873515350     
 -0.465508428885324     
 -3.074152852416534E-002
 -8.841321337641403E-002
 -0.259077933971111     
 -0.101269412977704     
  0.343183296123532     
 -0.147743372923661     
  -1.58494634224004     
 -6.698127304742416E-002
 -0.301735309970783     
  0.313156667309989     
 -0.710479915086421     
  0.131535399988334     
 -9.483381401081889E-002
  0.101053880325247     
  0.169672665497328     
  1.015301808152455E-002
  7.045904044489366E-002
  0.288330605447514     
 -0.230251253197700     
 -0.889296306893473     
  0.535522461973828     
  0.652508824836119     
  -1.00101639244719     
   1.81053906688040     
 -0.424239989482985     
 -0.324501798375683     
 -0.325269810110929     
  0.244131512325786     
  0.216609637656566     
  0.431917179029208     
  0.330694598660048     
  0.345618104321671     
 -0.173106047666242     
  0.304860590681895     
  0.214551573614712     
 -0.162646858637107     
  4.215979902979503E-002
  0.304729018488800     
 -0.588107592819398     
   1.24093436230634     
 -0.873736908823265     
  0.200348498668897     
 -0.247360032813051     
   1.13534625927850     
  2.439768588408077E-002
  0.257732069143835     
  0.336699005949572     
  0.472558451257436     
 -0.325977116193718     
  0.842241021809442     
  0.210025570102995     
  0.264023566133468     
 -6.048311575826454E-002
  0.818818594760858     
   3.01310690700355     
  -1.84596613927689     
  0.996184289921924     
  8.801983510197264E-002
 -6.239384802792626E-002
  -1.08267187774461     
   1.01285199424559     
 -0.489429514501486     
 -0.297281247607291     
 -0.375240909701473     
 -0.570010253664374     
 -0.949629983663172     
 -0.455775572479342     
 -0.109821360988042     
  -1.40002176832578     
   1.01484300181539     
   1.19650000176547     
   1.02177143528113     
  0.940858322313287     
  -1.16817466358722     
  0.931027005100515     
  0.793383300084443     
 -0.691022646859333     
 -0.876964008834876     
 -0.659146329079798     
  0.452767691501332     
  0.718611224799174     
 -0.966135122365321     
  3.762591038708286E-002
  2.604334960818693E-002
  3.580332178273093E-002
 -0.280636197064497     
  8.376667654352792E-003
 -0.178423247903804     
  3.440652625801290E-002
 -0.281642312967396     
  0.692626024145892     
  -1.58117142001646     
   1.79541161042747     
 -0.390607131024381     
  0.407092922388390     
   1.14434834186804     
 -0.359348196559527     
   1.16300500747100     
  0.114003420664332     
 -6.846489147609494E-002
  0.520896236395792     
  4.973355694963418E-002
  0.168352607682093     
  0.202825169481766     
 -1.088734554497168E-002
 -0.109792282461722     
 -0.469568386531167     
 -0.167817200704146     
  -1.28255471913804     
 -0.172333805798641     
  0.483330609943402     
 -0.519392631515730     
 -0.178119004868845     
 -0.243287216435717     
 -0.646538603895010     
 -0.172146737156067     
 -0.437763211789724     
 -0.424617910014443     
  0.107805372361072     
  0.252502312701759     
 -0.278984975074172     
 -7.275550919100624E-004
 -0.920529383574986     
  0.964592467868895     
 -0.805522065477675     
 -6.746139042629452E-002
 -0.999198091925825     
 -0.838589152072521     
 -0.275734173998374     
  -1.36148717910865     
 -0.135763630926608     
 -0.275879937067385     
  2.347498406046294E-002
  0.892382966829264     
  0.925223540468651     
 -0.753062531374100     
  0.406387551864265     
 -0.107956900763133     
  0.594569350571012     
 -0.602894233044085     
  0.259016994824328     
  0.621146474329259     
  0.483635913251357     
   1.00397802462097     
 -0.766762620689883     
  2.349530862574376E-002
  0.530264384168741     
  0.148739128444810     
   1.51929040544576     
 -1.226442395878457E-002
   1.07516982974560     
 -5.006487250772806E-002
 -0.363470582457239     
  0.790186110154063     
  -1.24463785895690     
  0.460471355975051     
  7.828612367778404E-002
 -5.183744484097790E-003
 -0.909836324248638     
  0.527651079291336     
 -0.529359287074341     
 -0.498232474447628     
  0.258107728219932     
   1.38202460467773     
  0.762474928468790     
  -1.19942009061027     
  0.369456613093689     
 -0.865134379002818     
  0.356678860554106     
  0.506719162122067     
  0.173510347280629     
 -0.395691744275405     
  0.405986156237797     
 -0.683086334782329     
 -0.611712138887589     
  0.380299360910164     
  0.331368028081618     
 -2.705435694122335E-002
 -0.355665401831436     
  5.259946563200539E-002
 -4.129510773550254E-002
 -0.847419379460873     
 -0.141043803690901     
  0.202176139857910     
  4.525638130213856E-002
  3.534030064851962E-002
  9.058756273382373E-002
 -4.546500228063767E-002
  2.418520786331935E-002
 -0.266550218866819     
  0.109845106367154     
  0.101465567737123     
 -0.173069100295792     
  0.134237337044087     
 -0.227996804720746     
  0.118148484296595     
  0.359256633269451     
 -0.199549502022237     
 -9.818700982096255E-002
  0.191537560828565     
 -0.243811442802296     
 -0.114875240331613     
  0.322135984662631     
 -0.218152618903096     
 -8.636556868002734E-002
  4.808993633611130E-003
 -7.001633436032531E-002
 -0.220568431342274     
  0.411333587692722     
  0.107186776408223     
  4.891566471797072E-002
 -0.305524468035603     
  3.018056230508293E-002
  0.123781720828906     
 -3.359620811445851E-002
  0.148750356854332     
 -3.248546828215161E-002
 -0.206706668179639     
 -9.200830396495492E-002
 -0.100262646358586     
  2.867933307689370E-002
  3.367564777842495E-002
 -2.875948856490010E-002
 -8.558418108229318E-002
 -3.905883605259921E-002
 -0.200441539863936     
  0.173026571474621     
 -0.328990796056940     
 -8.735054959173951E-003
  0.873400704372368     
 -0.588963788290315     
 -0.602658133153954     
  -1.60064930583481     
   1.21632860833217     
  -3.08558390152772     
  0.752555101987313     
 -0.239612900342484     
  0.846726187321890     
 -0.201717720004393     
  -1.21095224342593     
  0.460380612898340     
 -0.915402684686503     
   1.02028515170543     
  0.325772146072137     
  -1.20578144015438     
  0.513078591965700     
  0.369144830289505     
 -0.141526053301152     
  0.772967247582292     
 -0.339606469739108     
   1.19331765109693     
 -0.252103593311921     
  0.945642929423829     
 -0.108630380119288     
  0.109084075032072     
 -0.485322601968313     
  0.954068218660233     
 -0.339633413162585     
 -0.103297633433240     
   1.87505390430643     
 -6.797917992198982E-002
   1.04754503025023     
 -0.571592180452344     
  4.135449302007288E-003
   2.26684574007799     
  -2.82319096921881     
  0.128236521798040     
  0.732920221416892     
  -1.34342235269984     
 -0.422978023534170     
   1.07172220777893     
 -0.224211153353411     
  0.216164457274883     
  0.796304877443621     
 -0.907781040948873     
 -0.123153448331956     
 -7.482793627899956E-003
  0.596201110718957     
 -1.073158575189412E-002
 -0.334295564232286     
  0.470283326241189     
 -0.412892172096121     
  0.453290270909744     
  0.361579183030510     
 -0.280906491253050     
 -0.409187216027148     
  0.281173956059038     
 -2.442349951465281E-002
 -0.480006421901661     
 -0.140510760382190     
  6.240995873038556E-002
  0.159074437938199     
 -0.158250320452036     
  0.332485341911174     
  0.136427651576701     
  0.363145716979361     
  7.518221058062513E-002
 -0.964848991437681     
  0.619840402882543     
  0.308073448257765     
  0.132782707215265     
  0.234337803774165     
 -0.507321143311744     
  3.308270523412138E-002
  0.268005451010649     
 -1.360525470332727E-003
  7.197916399714921E-002
  0.120711747450314     
 -8.206352669586778E-002
  0.354773221496556     
 -0.260310843354105     
  0.370356110604277     
  4.002076726056215E-002
 -7.174433473824542E-002
 -0.491067576108067     
 -0.362531435955291     
  0.128172295143248     
  2.308862003681564E-002
  0.196515001180958     
  0.390692043420899     
  0.123970088015894     
  0.180825852502195     
 -5.598511365753650E-002
 -5.850673918195107E-002
 -6.050102303733371E-002
  0.695691150330643     
 -0.838071484597760     
 -0.229604046486649     
 -7.231388259701290E-004
 -1.121301623422391E-002
  0.305661037682057     
  0.467295102464522     
 -0.128386229090228     
 -0.847369804034085     
  0.936584147621009     
  0.196045326066526     
 -0.370887534670449     
  0.311493196403636     
  0.403834513811479     
  0.212711903074094     
 -0.902152346387781     
  0.803453643024422     
  0.192409594688980     
  -1.01351104319458     
  0.424495372373296     
  0.199478404977746     
  0.241955632210467     
  0.204416482071988     
  0.171050400642550     
  0.844143088667549     
 -0.771437417138627     
 -0.236198084644078     
  0.808012739000457     
 -0.131960035576758     
 -0.680803365856854     
  0.584886935353833     
 -8.413920891141260E-003
   1.46572690556880     
 -0.212610637989448     
   1.05673884558147     
 -0.973359992126853     
 -0.170475523760280     
 -0.332662381598870     
 -0.428528988354831     
 -0.780586114902622     
 -0.368724927879315     
 -0.367135121391193     
 -0.236757857364662     
 -0.609917388062382     
 -0.151820763204915     
 -0.295976066895480     
  3.893960004163043E-002
 -5.494336843252683E-002
  0.183464388036692     
  0.155367866899043     
  5.899045119072029E-002
  0.988313627773150     
 -0.340270662406367     
 -0.406299192034711     
  0.472576644033058     
 -0.348529069336883     
  2.308317654064990E-002
 -0.327231671000872     
 -0.877034393740973     
 -0.937598762696377     
 -0.369782302543511     
 -0.514438006423940     
  4.615748854770767E-002
 -0.584103826164726     
 -7.941112022154650E-003
  6.955525753468492E-002
  2.966520892092881E-002
 -5.334388686811210E-002
  0.989238580051533     
  -1.12136236597557     
 -0.184597961046232     
  0.595248212466281     
 -0.326366370273618     
 -0.424526524254899     
  0.357158355650396     
  0.106813489864197     
  0.256294135182240     
  0.605323206220385     
  0.265164761101541     
  0.736280917021278     
 -0.414805217850586     
 -0.334862298170192     
 -0.812049964393468     
 -0.254781195247740     
  0.264507534825187     
  0.682189984946260     
 -5.202089770599076E-002
 -0.496776899398136     
 -2.514999496940373E-002
  0.571012058028959     
  0.457409436302905     
  0.154801734569058     
  0.543510939902124     
  0.467999583700204     
 
  0.665227429016284     
 -0.284139042160725     
  -1.32653050875094     
 -0.443192080063972     
  0.425473934415903     
 -7.036102657577496E-002
 -0.728226151356271     
  0.184613880492715     
  -1.10595758371047     
  -1.07279276272482     
 -0.925491126883898     
  0.318712139175531     
 -0.116210153770694     
  0.961509701974083     
  0.339892590654639     
  0.217046255348493     
  0.779747372440607     
  -2.12249390034321     
  0.558887029514371     
 -5.643960347190240E-002
   1.15605556458389     
  0.954610108347046     
  -2.10718153166203     
   1.08562783746150     
 -0.705691858766027     
 -0.330146277326559     
 -0.700259879621461     
 -0.869048954778618     
 -0.464745709883657     
 -0.780080543498001     
 
  0.932975790660014     
  0.570004158798362     
  7.233871468481894E-002
  0.183104508817680     
  0.981712191315035     
  -1.04305242603826     
  0.598002323330900     
  0.426228671634099     
  0.279243772142294     
  -1.94649312106015     
 -0.224909620304563     
  0.164364108760849     
  -1.55029081008833     
   1.17533312046282     
  0.506370713008877     
 -0.863400509372984     
  3.463538067333274E-002
 -0.769024283003943     
 -0.448577472598378     
 -0.865394665290291     
 -7.057716924964388E-003
  0.667450326802694     
 -0.679301922996932     
  0.149258701895662     
  0.969693796639950     
 -0.390316297447186     
 -0.460396255354596     
   1.15961923685311     
 -0.286781042412761     
  0.501201707448143     
 -0.677387028682297     
  0.839872413184622     
   1.03457268220150     
   1.77496493872154     
  0.182360561279601     
   1.63322730836612     
   3.12998935912667     
 -0.351403811452868     
   1.03510152936861     
 -0.556598458405497     
  -2.14096996953965     
   1.31262323754636     
  -2.00858287838144     
 -0.648612542482273     
 -0.240263737759052     
   1.29139280342829     
  0.113298274395214     
  -1.33340684034065     
 -0.778266472249371     
  -1.97472754912181     
  0.145900011940203     
  0.443515739922273     
   1.80241705127438     
  0.655440088723777     
 -0.100623520303234     
 -8.176918997153984E-002
   1.56298692919170     
  0.539831363561273     
 -0.226328578446364     
  0.162372895900887     
  0.586409361670035     
  0.315736146206467     
   2.73990029953204     
   1.64317534467969     
  0.343355564958727     
 -0.164537082091933     
  0.838480376989889     
  0.372903416823152     
  -1.20820838335310     
  -2.31536050523139     
 -0.579994538998587     
  -1.13038001047306     
  0.974733126115282     
   1.18670281244995     
   1.52631756075861     
  0.126897272806971     
  0.382916680810187     
 -0.389228270547819     
 -0.236034563609827     
 -0.689145626994919     
  0.753910571876954     
  0.146440307083862     
   1.53091312121224     
 -8.139704325753741E-002
  -1.24631286858188     
 -0.696088454971831     
 -0.220602249286005     
   1.36041226362059     
  1.242245022371368E-002
  0.788791470276222     
  1.552561418693776E-002
  0.333829316796504     
 -0.981827935910208     
 -0.232884543046874     
  0.800046041155798     
 -0.205480696182101     
  0.188985683619989     
  0.334663034128852     
  0.511363195129342     
  -1.04359653076118     
 -0.218023552818435     
 -0.817304461668513     
  0.500093488115023     
 -0.279917718610958     
  -1.03856682517666     
 -0.245251248405593     
 -0.562458859380058     
  0.842665736823574     
  3.560154172634028E-003
   1.47979431418688     
  0.112697684081497     
  0.182145987681953     
  5.199694670399858E-002
 -0.223424636055848     
  0.599448163218097     
  -1.15496662834646     
  0.186115813742675     
 -0.139896925701949     
  0.683795880786686     
 -0.321715661561884     
 -0.544691404694006     
 -0.117613710473892     
  0.484002643103987     
 -6.529143942301839E-002
  0.215279958423441     
  7.739258110961825E-002
  0.166871196863632     
 -0.241291682426207     
  -1.54102758855919     
  0.843852053942599     
 -0.729039530529168     
 -0.178632627686763     
  0.651545473394609     
   1.03548102716383     
   1.23632005884390     
 -2.554388604198880E-002
  0.550083175750272     
  0.203165390373930     
 -3.585014983113310E-003
  0.620046846523701     
 -0.503291610824943     
 -0.762896820170738     
  3.106162661439245E-002
  0.217084164781814     
   1.06564511767941     
 -0.605732069857448     
  0.377512978245208     
 -0.239293873906770     
 -0.173850509544364     
 -0.287670411831636     
  0.582539546648500     
 -0.238035699296614     
  -1.86634967051824     
  -2.04483543081659     
 -4.462174630330228E-002
  -2.35347762890550     
  0.109821771776566     
  0.505609097020321     
  0.526198241726278     
 -0.776086477707565     
  0.913321879874399     
  -2.36002968483548     
   1.37548751044813     
 -0.171311948193048     
  0.709540339772862     
  -2.02464773512200     
  0.110080117653043     
 -0.507088692623758     
 -0.237696655518151     
  7.509928711101047E-002
 -0.242626420107293     
   1.12624815857758     
 -0.942743435982214     
  0.611522095983941     
  0.429390323382512     
  0.174277989707645     
  -1.22750590251264     
   1.92946845337754     
  -3.10040944719416     
   1.86601030065867     
  0.344139473946601     
 -0.787038362890467     
  -1.63980835947585     
  -1.57094915709956     
 -0.870419009748235     
  0.814428907132574     
  -1.12769079863341     
  7.867219926889793E-002
  -1.31320306367912     
  5.261820816487457E-002
  0.185665262154505     
 -0.942098828227098     
   1.03128405220842     
   1.13542016570212     
   1.11481581862327     
 -0.943906785110029     
  0.317689460913448     
 -0.244214685262534     
  0.667059443611887     
 -0.286723571996647     
 -0.778835108246840     
 -0.703292977115601     
  -1.35012198674661     
 -0.403084652379155     
 -0.355760707061696     
  0.235420608123121     
 -0.720445638349906     
  -1.00468743613156     
 -0.383571633046701     
  0.922772536378927     
 -0.529946120109573     
  0.693562750392786     
  -1.21664058822201     
  -1.15340920923435     
  -1.07543351759420     
 -0.327960151405615     
  -2.18779721989480     
  -1.31024945292368     
  0.205627320280937     
   1.77541959716465     
  -1.67503469323507     
 -0.123934670512644     
   1.35654934268190     
  0.279487228870435     
  -1.27963695655516     
 -0.497029304513999     
  0.596294735355269     
  0.249190308262338     
 -0.255423923077275     
  -1.12869643161068     
  -1.81553536097146     
   1.31852909366949     
   1.19716679000649     
   1.49660139829642     
 -0.299113791631752     
  0.773730670167810     
   1.32011610293838     
 -0.267726670807665     
  2.845369999282982E-002
   1.63948876036788     
 -0.582429844095944     
 -0.631342291710836     
 -0.916252536869937     
  0.280283038690260     
 -0.868572070113621     
   1.77951124291743     
 -0.248358616714459     
 -0.241134282120771     
 -0.685165834430526     
  8.726675833176091E-002
 -0.230296376648519     
  0.407377500496377     
 -0.126602900879859     
  -1.02827267002603     
  -1.70988497588786     
  0.341478592428431     
  0.131787300655172     
  5.501630324682462E-004
  0.115557838521223     
  -1.35235755608340     
  0.158122215190391     
  0.301162345329561     
  -1.02729893976117     
  0.268846761880010     
 -0.904438253780548     
 -0.363987165421283     
  0.763868227638161     
 -0.397590111165062     
  1.655228834384818E-002
 -0.416972064888572     
  5.978576319931041E-002
   1.29747101742788     
   1.48965597389278     
  0.153310336962105     
  0.198636332687270     
   2.27809065401791     
  0.479564005843421     
  0.990585174805997     
 -0.269340895381511     
 -0.537473989305969     
 -0.644301963898266     
  0.952141635317459     
   1.68034245171614     
  0.204619958132189     
 -0.777205515209230     
  0.405006963614455     
 -0.580936019949379     
   1.48227843029571     
  -1.32871373860843     
  -1.57310461377857     
  0.750112167362180     
   1.37624560235546     
  0.847895188231282     
  3.360432592920487E-002
 -0.391508056456484     
  0.862562931734824     
 -0.535956014906257     
 -0.669794588240049     
  0.957487285726411     
  -1.71854635087594     
  0.206379538499043     
   1.25244434483470     
  0.566945044164057     
 -0.483700794385177     
  0.434511923416908     
  -1.65526621832712     
  -1.42744731482907     
  0.357545253987693     
   1.04845559640954     
 -0.762998418398376     
   1.20775116598073     
 -0.921577207545719     
 -0.910429436045332     
 -0.934719111293396     
  -2.51273194594342     
 -0.685170830236676     
 -0.634898509595986     
 -0.534820259120939     
  0.433432904737947     
  0.383265635971423     
  0.844029994754085     
  0.573568701977612     
   1.65411172031662     
  0.566705295368856     
 -0.721097800266902     
 -0.817399676859954     
  0.773070614616184     
   1.20290891250407     
  0.594054494104478     
 -0.772638416152653     
  0.196197314037102     
 -0.358485874155213     
 -0.570234309179690     
 -2.170303236479430E-002
  0.271585980849280     
  -1.56553168440337     
 -0.600955192844668     
  0.323120560845689     
   2.02654385057851     
  -2.50627547383915     
  0.289471308945992     
 -0.763669897610629     
 -0.196331739113522     
  -2.73271658897772     
  -1.22923555166536     
 -3.011428103844760E-002
 -0.258029263429314     
  0.659462226360166     
  0.717754521011936     
  0.668402674822390     
   1.34053450354867     
 -0.199774310835080     
  -2.10498170638159     
 -0.193255165031840     
 -0.860413235745877     
  -1.26002891262986     
 -0.869294989864365     
  0.714053387461741     
  0.674143582173731     
 -0.487993219129229     
  0.249506629197502     
 -0.113043572154146     
   1.41763450289928     
  0.534412570297304     
  0.207110227890174     
   1.45681045903567     
 -0.463781100359448     
 -0.168679918315073     
  0.708694988696064     
   1.43996324259030     
 -0.514035810320675     
   1.47515342672181     
 -3.381475929380529E-002
 -0.508965879476044     
   1.44233623009786     
  0.408881725543424     
 -9.104728971663953E-002
 -0.952901459634314     
 -3.836805285080936E-002
 -0.739448993558590     
 -0.679339627528329     
  0.107098785059935     
   2.13715631325821     
 -4.646743360346670E-002
  2.627857170686751E-002
  5.251793026154349E-002
  0.300778373321300     
  0.624530997653981     
 -0.880109499688039     
  1.322219511221411E-002
  5.508400446662035E-002
  -2.04935648759036     
  0.797537133220017     
 -0.134521281606845     
  6.031345748865875E-002
   3.02289026641315     
  0.704949812856523     
  0.422563178801654     
 -0.549884565183933     
   1.16595285556496     
  0.725083538785263     
  0.577405322974147     
  -2.15938739833312     
 -0.771612822499511     
   3.26261503015250     
  8.052109203802738E-002
  0.786440924649974     
 -0.328786032221122     
 -2.793356851721358E-002
  -4.44815475210827     
 -0.349484580912735     
  -1.37664336760451     
  -1.57908405243063     
  -1.39955690703272     
 -0.828693177988074     
  -1.73529335064000     
  8.657402455214014E-002
 -0.533901266624949     
   2.48378683113556     
  0.815643041836288     
 -0.331822112287260     
  -2.85055620403571     
  0.661045077277877     
  0.103911075117066     
  -1.37098636317407     
   1.14315622740032     
   1.35823606354510     
  0.283396695517847     
  -1.58389319493977     
 -0.643985705113394     
   1.82647481030925     
  0.235987800446412     
  -1.50517332157655     
  -1.73712924050240     
   2.68965380044712     
  0.552271495346412     
  0.532768910489915     
  0.353014853952491     
  2.420978933027546E-002
  -1.77980137749407     
 -0.414222565904651     
  -1.75233927257914     
  -1.01928666059897     
  -2.02653940732620     
  -2.34237618161832     
  -1.90669016778712     
  1.521709876647075E-002
 -0.941024402046715     
  0.766895378707182     
  0.544041306983117     
 -0.134402987213450     
 -0.659657857833133     
  -1.98336670323977     
  0.258042746334645     
  0.201161960697040     
  -1.09652783420898     
  -1.36994375440199     
 -0.183628114978278     
 -0.150436275390961     
 -3.533067931235631E-002
  0.759722990702775     
 -0.470965082425078     
  0.941174058081328     
   1.04343481796894     
  -1.23482763973641     
  0.174214221261163     
 -2.418703074797093E-002
   1.37746281042391     
  0.598664808831988     
   1.88284745979707     
  9.471531061169976E-002
 -0.542159701912977     
  0.729306755732148     
 -0.828819613786158     
 -0.424915715181797     
  0.737792873877116     
 -0.454394254307427     
 -0.774950069492114     
  0.105943260899082     
 -0.604423211301492     
  0.589503043259806     
 -0.594598473572211     
  0.679198189056053     
 -0.268340196986695     
   1.20795016029869     
   1.00458355661223     
  0.563161349097351     
 -6.408143711498306E-002
 -0.535793882285955     
  -1.86252389031741     
   1.01223011319730     
  0.276651480632579     
  -1.95765898537455     
  -1.33451783274010     
   1.20167133173599     
  9.579509318303020E-002
 -7.204634775437768E-002
  2.643411729996594E-002
  0.340565953687905     
 -0.866343311297809     
  0.388048351981610     
 -1.675406373586156E-003
 -0.667872397764901     
 -0.977000702233595     
  0.675807109140986     
  0.824281102256016     
  0.407837468036253     
  0.174795835378394     
 -0.115203402326713     
 -0.956618313504738     
  -1.02001123235752     
 -0.329276789484031     
 -0.943884699616164     
  -1.08808962840818     
 -0.767190785278912     
   1.79267795922176     
 -0.568722080645041     
  -1.29902236698311     
  0.725915448065679     
   1.56412018860002     
 -0.272971852032629     
 -0.284092564868821     
  -1.53850015132106     
  -1.32714423387606     
  0.828098993317101     
  0.233430279136125     
  0.243845870934577     
 -0.576031306601433     
 -0.124652151653957     
  -1.19123536347437     
 -7.075909954594500E-002
 -5.404666659359902E-002
   1.12937719071609     
   1.08628035623354     
  0.842200450036633     
  0.695065174105554     
  0.373383516832590     
 -2.572100367841895E-002
 -0.730885891510229     
 -0.132604255402083     
  -1.10267294564954     
   1.07276050549411     
 -4.678704575045872E-002
  6.803441153886186E-002
  6.642309743052405E-002
  -1.22279692875269     
 -0.322929284756814     
  0.326681495580346     
  -2.15925092904790     
  0.267335857605130     
  9.394084843812493E-002
 -0.881039062459158     
 -0.976186837095737     
 -1.461919804606592E-003
  0.216314564789588     
 -0.843677351888294     
  0.837782245714458     
  0.124331242381813     
 -0.865244890921181     
  0.718686043344564     
  0.444083489692926     
 -0.219981352949117     
  0.415746613387416     
   1.61657439940054     
  0.887543885991854     
  -2.20786521554031     
 -0.648934278895403     
  1.748320294556432E-002
   1.27181856541548     
  0.673359695837487     
 -0.257847033756586     
 -0.136285818635475     
  0.567802116927914     
 -0.203055295200721     
  0.581058875072051     
 -0.693650459212794     
  -1.05139360017455     
  9.851153628594132E-002
  -1.48702804529962     
   1.84809649027007     
   1.25532609471249     
  0.241975817024496     
   1.28833425061218     
  0.200262947409167     
  0.913850894972894     
 -0.469298102975806     
  3.676987826474605E-002
 -0.304257839556436     
  0.127160334234895     
   1.13455559887462     
 -0.248073904435895     
 -0.350953828733976     
 -6.992921825988214E-002
  0.333683985596880     
  2.495541751311015E-002
 -0.112642818795652     
 -6.348064912383147E-003
  0.485563523545353     
  -1.41828664252613     
  0.337932539380637     
  0.790285058461058     
 -0.784825384881274     
 -0.842618746415932     
 -0.230765135985091     
 -9.250080764440904E-002
  -1.06346284457086     
  -1.71404529377783     
 -0.303147004193526     
   1.95314112723719     
  -1.41098284382121     
  -1.80791248510494     
  0.980362650913659     
 -0.575858517779215     
   1.89756145319201     
  -1.41047609168330     
 -0.626451725766708     
 -0.288405223730451     
  0.634627815323107     
  0.352107416987622     
   1.48119238568023     
 -0.184831667974665     
 -9.136341678182744E-002
 -0.164048225691360     
 -0.918264541611114     
  0.223661740231706     
  0.922168440533853     
  0.128927047850157     
 -0.233820594347950     
 -0.432038523814357     
 -0.723354662933640     
 -9.080680798015087E-002
 -0.223646963227678     
   1.38410413603770     
   1.02876205815570     
  0.444124256564883     
   1.53379186216581     
  0.731509980011395     
  9.402566319618182E-003
 -0.883419184519666     
  -1.22854060814407     
  -1.15304182522965     
  0.382541981164322     
 -0.541447336395574     
 -0.264453861431284     
  0.592078377330442     
  0.452684577555198     
  0.459186239957150     
  0.264837938168234     
  6.456055392654317E-002
  -1.46876146489874     
  0.457849860225097     
  4.607146337229869E-002
  -2.15698471711063     
  0.632127938437802     
  0.560938127574834     
   1.19981021211090     
  0.134552831388508     
  0.536782731374212     
   1.00531856009142     
 -0.629983243836165     
 -0.575928541897151     
  -1.18414130868336     
   1.30585455019602     
 -0.458064156366241     
  0.255958984768355     
  0.714938833444280     
 -0.320280187197384     
 -0.338465104891002     
 -0.897796383893860     
  -1.26181415637774     
 -0.350408188054314     
  0.827264617027955     
 -0.328890010503134     
 -0.505456404289502     
  0.227869547367230     
 -0.216942279861491     
  0.287201933602259     
  0.156456449136090     
 -0.127742218342677     
  0.346958736196909     
  0.218970781829710     
 -0.194694737613263     
 -4.681361039994536E-002
  0.484537757073585     
 -0.193634969884003     
  0.973759245640010     
  0.570127106036295     
  0.618683228561278     
  0.140329439753120     
  9.564952374551365E-002
  -1.45231541295434     
 -0.965617221951404     
  0.597411078872865     
   1.50259096524823     
   1.16369874187809     
  -1.81871216421558     
  0.913399931606396     
  0.569308996523188     
  0.363805783106490     
  -1.19507042732119     
  0.655578298134388     
 -0.902040054524962     
 -6.698318033881318E-002
  -3.38579509742289     
   1.64293832245440     
   1.26720263309764     
  0.414746756347438     
   1.82723231539127     
 -0.267832823000086     
   2.71441167064769     
  -3.07462243423695     
 -0.711733061966362     
  0.924787640840071     
  0.987080706055563     
  0.629600635190790     
  -1.66876704680857     
  9.702628783676699E-002
  -2.81355943278052     
  -1.97049876278303     
  0.273957041625708     
  -1.50155038879860     
  -1.53971389138782     
  0.857226093463160     
 -0.489593952657492     
  0.716058769815493     
   1.38412173757670     
   1.63696781000362     
 -0.234396987751855     
  0.200782662737354     
  0.345374098779144     
   1.72665097462809     
  -1.74695181221458     
   1.51182097935267     
  -1.70436773119985     
  0.525841296979413     
  0.727237410096528     
 -2.623484215584935E-002
 -0.649356816252681     
  0.415599686543896     
 -0.809630870747192     
  0.209542528843690     
  -1.26804371572139     
 -0.555450019408811     
  0.486887610258747     
  0.172369334075200     
 -0.594213993895247     
 -0.254657524601381     
 -0.554336747269525     
 -0.116528781423470     
 -0.160856551489230     
 -0.138046880501852     
  5.679923701466597E-003
 -0.769868623552729     
  0.423526351302890     
 -0.470082988361488     
 -0.182074497467291     
  0.170834558693857     
 -0.567162523296543     
  0.925950020874388     
  0.558614462452589     
  -1.52593591762695     
  0.570011985015629     
 -0.378068711997805     
  0.510676641568906     
  0.589906561074350     
  0.734225303600352     
  0.643400810150664     
  0.529500380885014     
 -0.305566968167305     
  0.142387613407092     
 -0.548609585380547     
  6.259345870567165E-002
   2.02745633054980     
  8.153652991053874E-002
 -0.676842372264469     
   1.17750402731834     
 -0.224483670221181     
  2.438750004749562E-002
   1.28269637427073     
  0.876396368363898     
  4.778224258741898E-002
 -4.749003323398315E-002
 -0.561026210049356     
 -8.010033171032563E-002
  0.239610965802883     
  0.442317170604572     
  0.375302954072293     
  0.357184681956378     
  -1.35740615199929     
   2.43201698340268     
  -1.32451563856514     
  -1.19442013003044     
   1.30185390282481     
 -0.246859159168496     
  0.299027933388200     
 -0.287417282990622     
   1.15695362296358     
 -0.269870431535919     
  -1.27620461239924     
 -0.684678684981461     
  0.111849855919129     
  5.977690920163859E-002
  0.470123332590392     
  0.199908210284795     
  0.922025835715892     
 -0.186871687004655     
 -0.600532514113347     
   1.40752683195996     
 -0.824867835845150     
 -0.199631108303960     
 -8.828513881833029E-002
   1.58251385587131     
  0.868951154600540     
  0.586816941586642     
  2.614577149750244E-002
  0.621310995577314     
   1.60204877992527     
 -0.110317312474277     
 -0.426965222981649     
   1.20932129580727     
  -1.14111432005024     
   1.13948247327283     
 -0.621586359513472     
   1.01156472577298     
   2.11852634760659     
  0.569082366670519     
  0.323564188899057     
 -0.817548233064142     
 -0.275275518838708     
  0.444306961042548     
  -1.11037327138653     
  7.839096194365763E-002
 -0.235541174888411     
  0.683217828268939     
   2.02932924187196     
  -1.14109165789552     
 -0.211316295005144     
 -0.493274565040140     
  9.000136815899852E-002
   1.27442172280067     
  -1.23456119438397     
 -0.126986046696717     
  0.319723303223474     
 -6.580586067449892E-003
  -1.56295730749718     
  0.364704390218124     
  -1.61637577657296     
 -0.332522537893599     
  -2.49141293472343     
   2.11226489267173     
 -0.643184935976729     
  0.850049954025163     
  0.743191411966766     
  0.889192276860178     
   1.20678366730368     
  0.432975215545946     
  0.342300387006937     
  8.429772665901611E-002
 -0.402134692830263     
   1.56515065487539     
  5.637301526706013E-002
 -0.163360677146321     
   3.33930287080703     
  0.456449112795820     
  -1.65138275013451     
   2.14506305144557     
  0.129875239731311     
 -0.739385204884214     
  -2.00460629660517     
 -0.207268943619445     
  0.215082770290228     
 -0.328854154510905     
  0.569881962596070     
   1.10260258636491     
 -4.204119774922215E-002
  0.994407969860423     
  1.887447161440281E-002
 -0.701946503673577     
   1.15051401590409     
  -1.12458516553234     
 -0.445121874006872     
 -0.908677634338663     
  0.418295921590641     
  0.699792729906716     
  0.982751433210126     
  0.632640868547408     
   1.18409355583394     
 -7.227496755164084E-002
 -0.651298418546089     
  -2.11708683206991     
 -0.122831892668098     
 -0.195013944689896     
  -1.05908981961472     
 -0.245070208573299     
  -1.47432945542374     
   1.04244416827418     
 -0.874139955304038     
   1.39098794751904     
 -0.825980773679610     
 -0.192868526953738     
 
   1.01155929549773     
   1.45458265189124     
  -2.09137230557676     
  0.185102239532638     
   1.76628449149260     
  8.858003008174411E-003
  -2.11781307216126     
   1.12535073703645     
 -0.195057980548467     
   1.54276663801463     
 -0.574136907395707     
  -3.39013594726906     
  -1.17875665680279     
   1.48924981760134     
 -2.616043654718100E-002
 -0.942643137870756     
  -1.69671329437331     
  -1.14108671407410     
  0.562267461104182     
  0.294983344981370     
 -0.301406536782326     
   1.22879713796058     
 -0.412244269049249     
 -0.273984208912524     
 -0.433812680266099     
   1.13520650531506     
  0.240189438253101     
   2.02403703566188     
 -0.375773726881452     
  0.681202452933687     
 
  0.169803682309927     
  0.299860599525515     
  0.310547637154094     
 -0.280755379291902     
   3.13553675588856     
 -4.203423629782954E-002
  0.349134529639449     
 -9.850699250377368E-002
 -0.191923726844504     
  6.716137821803236E-002
 -5.167469628879648E-002
  0.378483794539250     
  0.196979467413518     
 -0.420225236044556     
  0.379433676835261     
  0.177256519642668     
 -9.410702511792367E-002
  8.783391365986272E-002
 -6.748558279636865E-002
 -0.379751389540523     
 -0.136963284018274     
 -0.123291473255268     
  0.273131784034672     
  3.135299704429845E-002
 -8.208275705244630E-002
 -0.214775076310220     
 -0.188312471447148     
  8.832940332919198E-002
 -0.184733915652675     
 -0.115597058728549     
 
 -4.823588598161625E-003
 
  tansig  tansig 
