     48 -    30 -    30 -     1 
rmse=  42.5396meV
  0.422763463896931     
 -1.287174911295054E-002
  0.448416645496563     
 -0.244955811838320     
 -0.423971608107745     
  0.220897323904360     
 -0.710520640171979     
  6.331744465372197E-002
 -0.207953069658546     
 -8.402403916894938E-002
 -0.316911112869334     
  2.663183690429909E-002
 -0.412890773987679     
 -9.828832665254364E-002
 -0.331609664669406     
 -7.679645497441002E-002
 -0.223923760431261     
 -8.675431304232455E-002
  0.247305052731166     
  3.665419008128618E-002
  1.505760026841872E-002
  0.217508118634156     
 -0.474276689456078     
  0.267513276458288     
  0.232891645174316     
  0.266531214659868     
 -0.214578938208114     
  0.357390044177465     
 -0.213670038744441     
  0.270294997972910     
 -0.174045264640764     
  0.122806641940284     
  9.801344847355557E-002
 -5.864666403799017E-002
 -9.147961419176051E-002
 -0.401450319238620     
  0.410850199952598     
 -0.172079997894782     
  0.121535057123604     
  2.112263251627879E-002
 -0.178196651434749     
  0.168342019597267     
 -0.170559507108287     
  0.249558283674518     
  0.185587173674481     
  0.228032186685742     
  0.259347853679098     
 -0.174815209977562     
  0.148060110907303     
 -0.672575527114156     
  0.914167370685225     
 -0.261891366515006     
  0.477114160682629     
 -0.131873875375789     
  0.286165933097543     
 -0.413967354011885     
   1.72106117775888     
 -0.478217921764869     
  0.685188313595629     
  -1.05857938281724     
  0.190848781311132     
  0.162614743852537     
 -0.599978883307582     
 -0.984846909141651     
 -0.351096869316255     
  3.627307169092464E-002
 -0.161793677746179     
 -0.417672270909236     
  0.393704220997813     
 -0.160512412196265     
  0.870799777055643     
 -0.705250389970340     
 -1.503472678416537E-003
 -0.754450723615253     
  0.267533340082517     
  0.136568361970292     
 -0.444075480935380     
  0.723745091394173     
  0.158692781283386     
 -0.797816426167622     
  0.130599035590588     
 -5.923221504834295E-002
 -0.160628420443490     
 -0.159096097313692     
 -0.269606658928236     
 -0.525781145953562     
  4.400924834739634E-002
 -0.913906071082775     
 -0.403760935581614     
 -0.258375415951729     
  0.569034254778692     
 -0.301067954037049     
  0.320638450723747     
  0.421506017625528     
  0.120167996373707     
  0.431771591550684     
 -5.104110749524166E-002
 -0.271290914915309     
 -0.562157353037477     
 -0.145722063999855     
  0.225589399067478     
 -0.564039530736610     
 -0.250595882236560     
 -5.256732036929486E-002
  6.117048807233981E-002
  0.407980402883877     
  0.201883954716710     
 -0.233970297170148     
 -3.663876018525610E-002
 -6.380455393617757E-002
 -0.166232796378393     
 -0.270191224778588     
  0.311594417215202     
 -0.254626614854448     
  0.464135239227831     
 -0.178168561313544     
 -0.185819650221247     
 -4.451093894266189E-002
  0.247173960166088     
 -0.250572393208719     
 -0.269057983278827     
  8.569238932935361E-002
 -6.841157497597512E-002
  8.263250552550128E-002
  8.501629555467582E-002
  1.247216513345547E-002
  0.232249891294853     
  6.307991242937316E-002
  0.191371572822013     
 -0.140279452247796     
  0.727079315426369     
 -0.243327128228142     
  0.452641860916423     
  8.853825702137980E-002
 -5.721973573137422E-002
 -6.848940197236268E-002
  0.153773175685331     
 -0.341861155442959     
  0.148393068652590     
  4.171003187441975E-002
 -7.926122330219250E-002
  0.131797038356440     
  4.591254506974644E-002
  0.217365481833434     
 -0.135563220771767     
 -0.440215256179343     
  0.143362585069032     
  0.578335703638645     
  0.321047213802672     
 -0.548563535225900     
  0.501504012739351     
 -0.388529707423891     
  0.336581775383558     
  6.511109631347871E-002
  0.939524975018832     
 -0.498951230799786     
  0.326873580882165     
 -0.304197754438297     
 -0.384922479602453     
 -0.570495492642814     
 -0.284200105151268     
 -0.106964043589214     
  0.691134094167454     
 -0.816647481644851     
  0.580684297472329     
  0.302895162385072     
  0.146770196002899     
  4.972755739999599E-003
 -0.238236670844904     
 -0.316319615759231     
  6.993182776678296E-002
 -0.478390058575107     
  0.232742207942187     
  0.468831025384216     
 -0.213952347142699     
  5.948573296465343E-002
  0.352510230246751     
 -0.917656872630135     
  0.148210733882510     
 -0.324239868740313     
 -0.282450962622922     
  0.137211042236252     
  0.139813530164739     
  5.671530517132822E-002
  0.204792379601382     
 -0.748715218510195     
  0.140895305719849     
 -8.592633510811749E-002
 -0.145008405303994     
  0.301792626966359     
  0.136865635599336     
  0.254823077950665     
  0.284018069913911     
  0.122253230085080     
  0.546188302661253     
 -0.352790495140731     
  0.422124627181129     
 -0.601358466533881     
  0.200269822059985     
 -0.116395413009719     
  0.628480589550122     
 -0.309130095946764     
 -0.402255514863908     
  0.109618175686373     
  4.374824140395134E-002
 -5.463258810974125E-002
 -0.253468249948685     
  0.240905658634800     
 -0.365028793907847     
  0.150381632795743     
  6.619442299039495E-002
 -0.107729118752141     
  0.202626684858788     
 -3.830153750005460E-002
 -0.148461317477336     
 -0.139343667148354     
  0.167860961499284     
 -3.758242559410045E-002
 -2.688155227519812E-002
  0.374575464177859     
  7.623491551519544E-002
  8.635391863688913E-002
 -0.166645015126029     
 -5.614865053008640E-002
 -0.115351465438427     
  0.102729265212217     
 -0.285563491734347     
  5.272884285973092E-002
  0.149276612240412     
 -3.288342090555559E-002
 -0.111566957776458     
 -0.234362588716183     
 -7.572382209153475E-002
  0.320660334210066     
 -9.239098519031680E-002
 -4.721906038022337E-002
 -0.338276829846480     
  5.906188474916571E-002
  0.222638703037676     
 -0.257936253710557     
  0.424031572872574     
  0.568452176214937     
 -0.397350555234377     
  3.558739357421718E-002
 -5.033642492407484E-002
 -0.126732260683579     
  8.093056874677122E-002
 -3.947373247070287E-002
 -0.172118791191610     
  3.275312126214536E-002
 -0.210968469276463     
  0.133610702120106     
  0.323892110027520     
 -2.994919656472573E-002
 -0.117253889207049     
 -4.242661939374243E-002
 -0.305683451271416     
  0.152086614961081     
  4.679315360018364E-002
  0.128348755470738     
 -3.033457092593025E-002
  0.195897699312397     
 -0.220325162346465     
 -0.367098001663532     
  0.103174562149267     
  0.181101179683219     
  5.553397061763230E-002
 -0.241771783829087     
 -0.424625408463519     
 -8.948657186241245E-003
  0.165724318514732     
  0.611509262782562     
  6.114224562736331E-002
 -0.112482492774182     
  6.975738425317149E-002
  0.396892813332782     
 -0.231814097616702     
 -4.249034082217804E-002
  1.087570618662397E-003
 -0.418765585235312     
  0.370727422123606     
 -0.197286882119661     
  8.118144983192712E-003
  0.136051216069118     
 -0.502002040807956     
 -0.138829130571990     
  0.218444651698362     
  4.896311798274210E-002
  0.406230271998018     
 -0.675511249589203     
   1.07355203649155     
 -0.433318864465624     
  0.269195658801799     
  0.473349984311516     
 -9.551718220206271E-003
 -0.378339088205289     
  0.581052720655731     
  0.366059115257690     
 -0.135950982982896     
 -0.121741416859179     
  3.743543615066369E-002
  3.890454589472963E-002
 -0.369350503069020     
 -0.161714745001008     
 -0.481952017720185     
  0.347088738408835     
 -0.203597215128541     
 -1.474909078087337E-002
 -8.913240347498910E-002
  4.483425703804268E-003
 -0.131725817793513     
  0.200308028232500     
 -0.191686406642100     
 -0.106450385430318     
  0.129357890862857     
  0.164918848680065     
 -0.311173299197213     
  0.299044500263071     
 -0.753948402886239     
  0.292983437099426     
 -0.268364245114744     
  0.350579585903716     
 -0.825272337028446     
  2.218842955209686E-002
 -5.313577719301900E-002
 -5.780791291700905E-002
 -0.187368537081665     
 -0.562593333363500     
  0.272140106172576     
 -0.512664780897011     
  3.017823230729132E-002
  0.211898584610408     
 -0.124921624381206     
  0.140830211610163     
  0.427382626260166     
 -0.250102407586044     
 -0.517038623694702     
  0.321141338739955     
  0.112208810310327     
  0.215723883061260     
  0.413522541084388     
 -0.209517001966328     
 -0.175830153485220     
  0.126516452660192     
  0.535355043314261     
 -0.231929381753496     
  6.108135222912340E-002
  5.099861998963508E-002
  9.695171724564994E-002
 -7.630856147031988E-002
 -0.279089620405582     
  0.240928929995325     
 -0.100469452165091     
  0.279125694091776     
 -0.125885324233757     
  4.697070801798266E-002
  0.285530477584660     
 -0.137960284194807     
 -0.211953121142527     
  0.190054437314241     
  0.508363137010905     
 -0.127999457382994     
 -2.725556487164897E-002
 -0.126839188190818     
  0.209600089854173     
  2.359100187058692E-002
 -0.212253143772715     
 -4.172278295436777E-002
 -0.116215265900451     
  4.627205681074401E-003
 -0.503045152094031     
  2.935587600628202E-002
  0.161439468298750     
 -0.128606164909485     
 -0.123879275653459     
 -0.143806665655355     
 -0.424708105370276     
  0.292755750586286     
 -3.822735007778159E-002
 -5.043937232543642E-002
 -0.471052993736985     
  0.123501087894472     
  0.317017091009523     
 -0.372755731008190     
  0.242614782879591     
  0.385989318670980     
 -0.790915015747271     
  0.660871536831410     
 -0.737477085596676     
 -0.328692281982284     
 -0.998294483463789     
  0.222274427194841     
 -0.272700383898797     
  0.499109770772885     
  0.747711761793024     
 -0.122799406873450     
  0.417317302404076     
 -0.395587923593017     
 -0.246203440923396     
  0.140023889956607     
 -0.355221063567137     
  0.479128534843144     
 -0.884076865374306     
  0.201193175345525     
  0.311105626628188     
 -3.785203049105823E-002
  1.667908731157574E-002
  0.321090125063691     
 -0.264919532594630     
 -0.183876045370496     
  3.563422860550718E-003
 -0.326007218366005     
  0.688629053310912     
  0.127432112972119     
 -0.304992011431496     
 -8.452660053842520E-002
 -8.103216948354929E-002
  0.378038809280887     
 -0.362622433173390     
 -0.127499981508982     
  0.426603873120581     
  0.807092525129767     
 -3.495225942420699E-002
  0.447751660730027     
 -0.124255504736298     
 -0.530592550317591     
  0.109470760478096     
 -0.116699497567737     
 -0.689273936045032     
  0.381025253731370     
  0.229427488013978     
 -0.369957456988478     
 -0.174540169215491     
 -0.248100849671574     
  0.918870567800429     
  0.193163563352515     
  0.195946712086106     
 -0.507876674448297     
  0.202451270679472     
 -2.412474240527825E-003
  0.466310679375342     
 -0.614303695964623     
  0.516116932677922     
 -0.322476569383167     
 -3.713373856612957E-003
  0.117077531770124     
 -6.433365516373420E-002
 -0.183190126952062     
 -0.281919188122372     
 -0.349978898202258     
 -0.345315074819649     
  0.518830365877520     
  0.189667479371176     
  0.346397441643769     
 -0.348062292774407     
 -0.408598173039327     
  0.125453465868664     
 -0.117249111558755     
  0.123279959823438     
 -0.343370117773447     
 -0.148283698549358     
 -7.037288568981870E-002
  0.426191864883859     
  0.232537605618041     
  0.790073385997043     
 -0.909402007012649     
 -0.361128515644544     
 -0.120350269955183     
 -0.117536001500802     
  0.401693173503883     
  0.400775556048333     
 -0.329551872369011     
 -6.490095472044200E-003
 -8.838285855528753E-002
  3.159779365180022E-002
  6.698672814040846E-002
  0.288137667826976     
 -0.185752832327778     
  8.655291911954544E-002
  0.438966480062351     
  6.463982216420266E-002
  0.408756448025134     
  0.453703469102939     
  0.419447759566969     
  2.466380027985113E-002
 -0.114847543715002     
  0.253808684919455     
  1.947782752528912E-003
 -0.357283257731771     
  0.447491886790609     
  0.649495196241438     
 -0.174142317639230     
 -0.250053498037843     
  0.176252250519513     
  5.631303731336867E-002
 -0.117568487634661     
 -0.733676265192829     
 -0.222470664631938     
  0.167173873385951     
 -9.303248179570438E-002
 -0.483467192897109     
 -7.427919621846718E-002
  0.252512016796036     
  0.273778451245924     
 -0.319115859297705     
  7.651569459849730E-002
 -2.017673108035444E-002
 -9.523333111313384E-002
 -0.158706648656611     
 -4.647772080893069E-002
 -0.264692280268713     
 -2.209144092305095E-002
  0.611034333272192     
 -0.701363596128550     
  1.861053356568446E-002
 -0.143783880424534     
  0.406617887059723     
 -0.202822688788488     
  7.784642013127886E-002
 -0.188927740221685     
  5.757748478098321E-002
 -0.505657924227079     
  0.273621294948995     
 -2.065544411204984E-002
  0.372509713072521     
 -2.220627905887047E-002
  1.179310423661292E-002
 -9.604072701624312E-002
 -0.315609133477375     
  1.956146827914430E-002
  2.725777086521276E-002
  0.548348689880702     
 -0.536594761345498     
 -0.139659158846234     
 -0.375907039622754     
  0.660585782434490     
 -0.324106148215449     
  0.521223059267254     
 -0.298793566769431     
  0.318280405901715     
  0.169084596297976     
 -0.280073479627587     
  0.476390208101036     
  0.335758200704462     
  0.337397789393401     
 -0.151366702558925     
 -0.372848324879165     
  0.504283429092256     
  0.309292101948431     
  0.185185914066945     
 -0.647965109594924     
 -0.346699760752222     
  0.121524020322032     
  0.800143181454603     
 -0.307826368208841     
 -0.319350421014612     
  0.354527492156009     
 -0.659253318074815     
 -5.092918785268036E-002
  0.647059454538543     
 -0.106718985245550     
  0.375827246122586     
 -0.335776888746452     
 -0.567889336823730     
  0.169840803565251     
  4.320306613992621E-002
   1.19896929991187     
  0.965557902505079     
 -0.256272144415147     
  0.130576037493294     
 -8.449226995787126E-002
  0.494038377711430     
 -0.366333756838521     
 -1.010721691037696E-002
 -1.904423013694731E-002
 -0.287274261138008     
 -0.229172636670973     
 -9.539979068552400E-002
 -0.105787644571135     
  0.122386897719017     
  0.460080186551402     
  0.176370287280870     
 -0.281696735392358     
  0.330090805263629     
 -0.273943798597216     
 -0.132269141498728     
 -0.325301271615894     
 -0.323079050098308     
 -0.337328046608503     
 -0.341818137957173     
  0.128115729780789     
  0.850298712889253     
 -0.592491762747953     
  3.618267730572486E-002
  -1.21427200840542     
 -0.443785724903042     
  0.612124647397470     
 -0.736656862843839     
  0.148502279224003     
 -0.121603979001235     
  0.337171011144927     
  0.118501299588107     
  0.898693967288128     
  0.906780555555546     
 -0.172579421927535     
 -0.728206883719658     
 -0.458450856322817     
  0.653636322718615     
  0.960795086384563     
  0.509187423551231     
 -0.610733939908360     
   1.56943188932877     
  0.540037177432318     
  0.167669436306762     
  2.200185305499024E-002
  0.154820935281004     
 -0.388571145384622     
 -4.846650359943556E-002
 -8.125853674022084E-002
   1.42372966785807     
  4.308385539765592E-002
  0.134091932907402     
  0.342625282502772     
 -0.542830437397857     
 -0.176566605676361     
  0.594286212085241     
 -0.578777527363099     
  9.851849883991727E-002
 -0.530166651320781     
  0.727084158769204     
 -0.238227640716920     
 -0.273474865680786     
  0.121652582817342     
 -0.559928144386195     
  6.578927443087086E-004
  6.625810291958818E-002
 -0.192264062270779     
  0.122087313413293     
  0.220307697720913     
  9.564701512316465E-002
  8.772700311395941E-002
  8.987371692730946E-003
 -1.999295993935929E-002
 -0.306930811021603     
  5.375569672654346E-002
  0.121414356285645     
 -0.105686650048010     
  6.508504988470275E-002
 -0.226711326001890     
  9.715374355724976E-002
 -1.219863878402891E-002
  0.392518814341797     
 -0.191747291769117     
  5.474764164453756E-002
 -0.162877973016311     
 -2.754661464524388E-002
  2.765669000946166E-002
  9.759105860511172E-002
  0.172192069116420     
 -0.103985549933209     
 -0.151836190184463     
  9.388860287714998E-002
  0.260626478245608     
  0.148721506258660     
  0.122672956458898     
  4.933201553086158E-003
 -0.143581844919484     
  0.122630232732934     
  0.624281926399123     
 -0.192187868039317     
 -0.226342371065174     
  0.184102250931809     
 -0.103007172205808     
  9.693452743140051E-002
  -1.60215356818228     
  6.600106570081917E-003
 -8.861994007396143E-002
   1.11329637791828     
 -7.721288086424821E-002
  6.049734973842293E-004
  0.416267792622397     
  0.351277133768687     
 -0.142282465479560     
 -0.209751072487072     
  8.740473773296492E-002
 -9.333107230068634E-002
  9.427053381218140E-002
 -0.524969812383041     
  0.378583049869791     
  0.120340922456429     
  0.735809230487844     
 -0.412626164391577     
 -0.287380410414892     
 -3.366990404253290E-002
  0.185544676704730     
 -0.126599031584160     
 -0.217666456554243     
 -7.580185287339376E-002
  9.448659656152600E-002
 -0.329457019580493     
 -0.153799366658013     
 -4.247514538916505E-002
  0.322706666075813     
  0.295821128942392     
 -0.176000308907037     
 -0.269454312308625     
  0.517112255784827     
  0.417917783966723     
 -0.600306687269916     
 -0.282611008082736     
 -0.257389695141113     
 -0.745197756191673     
  0.241682684342279     
 -0.173080123005392     
  0.124953593161962     
  8.966597821289486E-002
  0.187116406023814     
  1.044864658622666E-002
 -0.118797555754530     
  0.445983389136453     
 -5.529563695574157E-002
  0.379528490596522     
 -0.134932256958261     
 -0.115390848514311     
  -1.06480902141183     
  8.525748637878432E-002
 -0.119653114129850     
  6.448579778836135E-002
 -0.477670636501049     
  0.118223724490421     
  0.472168817219770     
 -0.560929916541283     
  0.345100440294935     
 -0.220563911948590     
  6.129486192316728E-002
 -0.471895968199265     
  0.162515291299277     
 -5.852159618297394E-002
 -7.922135683718422E-002
  0.363447981931405     
 -0.108324522070102     
 -0.209811287501383     
  5.095583015516096E-002
  6.907342843675217E-002
 -3.913346045648131E-002
  8.750155699872837E-002
  0.110245865734089     
 -0.508967726198370     
  0.464992544409513     
  0.154168169621707     
 -2.177917002865147E-002
  0.312743564907629     
 -0.100717663074953     
  0.368117522411427     
 -0.222753386642316     
  1.949466445305888E-002
  0.405905934019596     
 -0.969699643777509     
 -0.137241825469041     
  0.275698932955433     
  0.201075935741347     
 -0.303978787604285     
  0.151937563617274     
  0.229719195584392     
 -0.375109661239102     
  0.170226216444758     
 -0.238104189397244     
  0.338035080629680     
  7.248185847019448E-002
 -0.736351821139527     
 -0.207074988224266     
  0.102711750018308     
  7.545671945492105E-002
  0.435958470126037     
  0.427203616192463     
  0.253736645191638     
  0.274770531708522     
  0.109609947168144     
  0.202953662715468     
  0.571874604953037     
 -7.140397282440282E-002
 -0.288420206953371     
 -6.488353093149052E-002
  0.588669716627933     
  0.146587549670778     
  2.881198897154219E-002
 -6.113919969535180E-002
 -0.197601639611711     
  6.604469097258465E-003
 -8.288416302874156E-002
 -0.322555901757038     
  0.483662778058015     
  0.214860940721432     
  0.547997280506937     
 -0.516201553814560     
  0.174344131449707     
 -0.243860304913740     
  0.113756019707542     
 -0.296895420971281     
 -0.453180498570992     
 -9.640169660351121E-002
  0.212571655009892     
  0.505867014520527     
 -0.517039930574525     
 -0.159260229477076     
  0.183835805268029     
  0.759281614081291     
  0.725164106814549     
 -0.581799386311458     
 -0.216473046552451     
 -0.115392663289840     
 -0.304832918397773     
 -0.427366111474278     
  0.271089887982950     
  0.100842471068028     
 -0.761614903473337     
  0.524240129492071     
  -1.05645074186209     
  0.359855230480869     
 -0.218925312078324     
  7.241780577265591E-002
  0.192294967626706     
 -6.853888809515549E-002
  0.157519663958045     
 -0.403720483503245     
  0.153650179871317     
  0.269589655193091     
  7.302649431085764E-002
  4.330422883919444E-002
  6.412607440753416E-002
 -0.310674015162381     
 -0.153363572932396     
 -0.596903133779989     
  0.514967349174702     
 -0.228094326794713     
  7.517417359157738E-002
  0.449040543602157     
 -3.313789350337036E-002
 -0.365423283509994     
  0.336493797405377     
  0.190465837171448     
 -0.191094905708187     
  6.339550733198435E-003
 -0.238097083645029     
 -0.140044022825348     
  0.201850719499468     
 -9.091147417481704E-002
  0.148773447724499     
 -0.133332429487907     
 -0.327652824082953     
  0.100465136870631     
  2.177737835441887E-002
 -3.948314658095958E-002
  9.889674498216744E-002
 -0.149306815897891     
  0.272933244662109     
 -1.360407451975397E-002
 -0.193751211621533     
  0.136374393585694     
 -0.198021926881808     
  1.897583047826252E-002
  1.494945262638615E-002
  0.283149800607397     
 -9.147298666933083E-002
  0.117490137134130     
  0.568254212119146     
  1.743465516077571E-002
 -0.424691893913191     
 -5.228720430480790E-002
  0.527145444044658     
  0.203921019848710     
 -0.301683454955824     
  0.265819651943518     
 -0.412252607275744     
 -7.800990897714726E-004
  0.101909032548029     
  0.223111116279003     
  1.810600588987347E-002
 -2.246146156718171E-002
  7.689293031819467E-003
 -0.119156509610028     
  0.259254222417936     
 -0.282370726109516     
 -0.142376912580917     
 -3.208460779508455E-002
  6.027774418955698E-002
 -0.112092914371459     
  0.502510489794282     
 -0.356625554863713     
 -0.166036171952587     
  9.695838673862874E-002
  5.605460562024482E-002
 -0.247279705973930     
  0.168018871445922     
 -0.484907157640716     
  0.160203910868728     
 -0.273901253894786     
  0.491929387044107     
 -0.280512067861122     
 -8.890015584544196E-002
 -0.112038972161622     
 -0.248574475147017     
 -0.202062766960107     
 -0.443707293499899     
  0.342811151136755     
 -0.183840669592554     
  4.887111839315379E-002
 -4.651405683880122E-002
  0.121428095786537     
 -9.616001561490191E-002
  8.847153833704641E-002
 -8.476312931202722E-002
  0.575764443603294     
 -5.613324819148072E-003
  0.486535805492068     
 -6.086278779845568E-002
  0.965229562922489     
  0.494117245607243     
 -0.132655057597572     
  0.174746781547960     
 -0.133442849011339     
  0.689613904119928     
  0.111513148102001     
 -6.321229055888172E-002
  0.399964538421053     
 -0.130483200596839     
  0.292209813437083     
 -8.778515043432544E-002
 -0.176431683568029     
 -0.906728666929269     
  0.481579202727032     
 -0.183244577528297     
  -1.30451226076451     
  6.932770932390234E-002
  0.682023384709432     
  6.953041362610350E-002
  -1.28629925908660     
 -3.953465039396020E-002
  0.280885961898242     
 -0.422789290498097     
  0.369845926028064     
 -0.215078474418575     
 -0.343886958370039     
  0.111744278863720     
  0.947359106388474     
 -0.342356039757102     
 -3.656332380656856E-002
  0.445152209258944     
  0.209204805623352     
  0.106583131764547     
 -0.255868388240505     
 -2.189119307568126E-003
  0.239458905628637     
 -0.182597942091830     
  0.149452714033865     
  0.119041263568039     
 -0.370332371295994     
 -1.850390273360928E-002
  7.209626908176725E-004
  9.332477931372869E-002
 -5.483876979220256E-002
  0.707056023003595     
  0.317175182976016     
 -0.317670712882867     
 -9.522526927205771E-002
 -0.137840640511446     
   1.01218490875629     
 -0.701723303842867     
 -0.243366855153832     
  0.493241171207949     
  0.100695534515404     
 -0.501644613933259     
  0.502999637265122     
 -0.621855997432438     
 -0.137171144428330     
  1.961537617403765E-002
  0.552486545853576     
 -0.682740065757829     
  0.328236295019803     
  6.985049907358334E-002
  0.201621378798957     
 -0.174795785432779     
  0.102279706787583     
  0.219875999586934     
 -0.340075328466865     
 -0.645818341645022     
  9.969852472040591E-002
  7.715608213927648E-002
  0.549118972134704     
  0.295777382997769     
  0.243328764536728     
 -0.309090148935610     
 -9.351376825221291E-002
  0.615308526428530     
  -1.03270642363714     
  0.111739169316431     
 -0.297454830741547     
  0.425491196805641     
  -1.28069511661249     
  9.639524541970290E-002
  0.356310722555565     
 -0.103184913557355     
 -0.252482279217386     
 -3.346683226215293E-002
 -0.642224164398339     
  0.340814915904917     
 -0.202701272210122     
  8.994816116354759E-002
  0.309472446784917     
  0.267250046391012     
 -0.241930138543114     
  0.318320842435738     
 -0.414812308797839     
  0.421568005673005     
  0.344531856248598     
 -0.236143272731811     
  0.269294408209523     
 -0.514922985293205     
  0.557123823399511     
 -0.292420674681514     
  9.196609960061887E-002
  0.150351280026383     
 -0.452971902544369     
 -9.647611163958922E-002
 -1.457881186924960E-002
  2.588965410279102E-002
  0.390516751704867     
 -4.109683289339182E-002
 -0.735010733389533     
  0.243724708497838     
 -9.011947088439981E-002
 -0.114256296031575     
  0.446831671915225     
  7.022542876659280E-002
 -0.181980728324563     
 -0.165376089330047     
 -0.102254383355675     
  0.303704722119060     
 -0.119748771963682     
 -3.261280536836624E-002
 -0.231689057093567     
  0.199308035070824     
 -0.326529310069744     
 -1.138433564380280E-002
 -0.167788021571303     
 -0.517220442343682     
  3.698635562926314E-003
 -0.104260742589005     
 -0.223722856190803     
 -0.453015577445961     
  0.138831558519217     
  2.856206144945225E-002
 -0.401339752618885     
  6.160065760069819E-002
  0.337210278264282     
 -0.133445979039851     
 -0.102434352209995     
 -0.221862674262940     
  0.155929233509952     
  6.391896235455945E-002
 -0.260907411781519     
  0.706067428007208     
 -0.539499955962063     
 -0.759222581626474     
  0.881766854736983     
 -0.516197404504496     
  0.132317804786820     
  0.578784110184974     
 -0.528546748401262     
  1.071196174175795E-002
 -0.329327933747609     
  0.224802542043904     
 -7.838493288273770E-003
 -0.165924426755268     
  0.914493189247502     
 -0.149236996678103     
  0.457910773485932     
  0.282723820484029     
  0.283969742216900     
 -0.838048772161954     
  0.601927622800769     
  5.041766324305576E-002
 -0.647617650040684     
  7.383071836863912E-002
  -1.18787620689791     
  0.315567958580222     
  0.469503210306473     
  0.559693916455784     
  2.789884858194558E-002
 -0.728955173909693     
 -0.203515590723536     
 -0.457659589625722     
  -1.41001818961516     
 -0.321240478968041     
   1.19597454725605     
 -0.509286680593614     
 -0.390314515145542     
 -0.421333063531692     
 -0.307405333508178     
 -0.744211250137461     
  0.501058977869859     
  0.356624565566287     
  9.888915441145459E-004
 -0.876316584799264     
 -0.298729844598329     
 -6.090004666921103E-002
 -0.614494187134802     
  0.207848884584033     
  0.929316349090193     
  0.366127309254467     
 -0.279375318058926     
 -0.254699894430751     
  0.352806374561259     
  0.105262525961141     
  0.557166760159285     
 -0.267575430187652     
  0.162820613270094     
  9.002676209718231E-002
 -0.520640614779668     
 -7.619287404503486E-002
  0.263122153971993     
 -0.111683630944728     
  0.600278748844712     
 -0.470399157824078     
 -9.367303113338175E-002
  0.223503747053327     
 -0.136943273658891     
 -0.190947264784336     
  0.266209516657252     
 -7.093540950612544E-002
 -0.106612629113610     
  7.751872939253175E-003
  0.274944220760914     
  0.176772037985546     
  0.142107176639656     
  6.511065561178668E-002
 -5.548605118788155E-002
 -0.147933549326038     
  0.315595119034916     
  7.697807561216414E-003
 -0.376442127063462     
 -1.662183801845160E-002
  0.103933272247209     
 -8.986757492813824E-002
 -0.239214846692645     
 -0.521947408991121     
  0.104718368990354     
  6.109813480021395E-002
 -0.341421234501293     
  0.147965713051502     
  0.430619747896898     
 -2.073237742299872E-002
  0.150115883792264     
 -0.345220061647530     
 -0.398647018813209     
  0.492490034580405     
 -0.246948185414771     
 -0.727296585531187     
 -0.210522265699925     
 -0.293634609084202     
  0.883824726594534     
 -0.328948993445363     
  0.510986589517845     
 -0.245675234063020     
  0.297309728136201     
 -0.308598439484754     
 -1.456245307717021E-002
 -0.294145191462092     
  0.463001384216629     
 -0.760317677635686     
  0.649091542095278     
  7.042897804931533E-002
  0.435999679864371     
 -5.365039009453359E-002
  0.510579867757310     
 -0.390124632055232     
  0.111669552832043     
 -0.351886684049397     
  0.175865618099738     
 -0.188677207153306     
  9.323455405956571E-002
  0.188589554589052     
  0.240550034035857     
  0.288122683187756     
  0.338118125664998     
 -0.209039873334385     
  0.378601860700293     
  -1.24125562098550     
  0.312142490421892     
 -0.120590180050090     
 -0.120988916886839     
 -0.566288707832080     
  0.435203752167629     
 -0.361306585869919     
  2.986520193890147E-002
 -0.212853312739919     
 -0.164822760182248     
  0.261065939904635     
 -0.181897407988348     
  7.389006301972946E-002
 -0.540053943079701     
  0.429975281670187     
 -7.176805257216066E-002
  0.296462079859606     
  0.581064822345036     
  3.842208377591276E-002
 -0.764282254027126     
  5.513601262448178E-002
 -0.466659258245948     
 -0.130958498690114     
  0.300161546180707     
 -2.452159137071972E-002
 -0.398429919511151     
  0.198893281706792     
 -0.489715779096249     
 -0.238042165382531     
  0.192431373715862     
 -0.146956826196328     
 -0.182774881748687     
  0.111634540717538     
  0.125686574370509     
  5.598066378465051E-002
 -0.156351529669856     
  0.170365280207039     
  4.301415520108774E-002
  0.109749377126528     
 -0.121758293098458     
  0.362392213275809     
 -0.340167377062136     
  0.181494105068060     
  0.228207839985373     
  0.192250493684968     
  2.603826019994809E-002
  0.234940050443049     
 -0.528715912055092     
 -0.249974795721291     
  0.459902821127964     
  0.797323565831450     
  0.221747696631866     
  0.695355885090956     
 -2.341486566114461E-002
 -8.839531778708019E-002
  2.996902214187645E-002
  2.483930169047468E-002
  0.271114516131289     
  7.325765806084343E-002
  0.440844412318460     
  0.199921691122100     
  0.137073253810121     
 -0.829472954480602     
 -7.951989746483516E-002
 -0.107188947124371     
 -0.130514953694288     
 -0.652911842329021     
 -0.454180681708411     
 -0.120088424916856     
 -0.157217118838547     
  0.612445248686310     
  0.205954615913590     
  0.120835797418411     
  0.411527178381698     
 -0.183777377232078     
  0.101512066969722     
 -3.447081151121086E-003
  0.212187993333185     
 -0.120315226685545     
 -0.123239493042819     
  0.392476560483099     
  0.314659102690343     
 -0.240071756005548     
  0.619934801620442     
 -0.428676250105041     
  7.729534676809726E-003
 -0.243680125745146     
 -2.947318548887105E-002
 -0.237701567966153     
  0.445269209408585     
 -0.201044432249011     
  0.243589569913783     
  0.254210835808244     
  0.142487492479153     
  0.113471765180712     
 -0.274151951947975     
  6.759389466722188E-002
  0.344769972370872     
 -0.283539210360864     
 -4.402996931920914E-002
  0.396931786444856     
  0.258266089223251     
 -0.272432823525946     
  3.069194815214920E-002
 -3.690592305542798E-002
 -0.334236769539460     
 -2.302899725084583E-002
 -0.149625118831234     
  0.159445167867343     
  7.948882432759680E-002
  0.423381168824951     
  0.220330272937527     
 -0.136326823609254     
 -0.259600371935024     
  0.124765099805172     
  0.437590491751557     
 -0.280640241642849     
  0.301589165276994     
 -0.776619494571432     
 -0.549256581132610     
 -5.747738893880042E-002
  2.803130846815642E-002
  0.200383647533496     
 -0.154974877748465     
  0.398624256552033     
 -0.121929108155984     
  0.280095625905355     
 -0.423026782932514     
  0.211661315830146     
  8.781740039977730E-002
  1.478902749577078E-002
  0.269747151824549     
 -0.946770914186863     
  6.576913952441850E-002
  0.264279205316065     
  2.270990031840293E-002
   1.06391517965157     
 -0.147689729611329     
 -0.315422429995652     
  0.615217765613822     
  3.988177909968481E-002
 -0.150298377822238     
  0.180464344702449     
 -0.798163346406337     
  0.280682769931421     
 -0.166983102096721     
 -0.871307866137926     
  0.708989214750452     
  0.312943249151478     
  0.424142482282405     
 -0.204096090775860     
 -0.310766812715538     
  0.509058326768538     
  0.765900897455947     
 -0.402145518961124     
  0.382464386464876     
 -0.394952694143257     
 -4.721376036404668E-002
  0.750150136409041     
  0.463175165324697     
  8.821910134566004E-002
 -0.258322762780644     
  0.223492821949181     
  0.218957541301105     
 -0.350031600124377     
  0.596116298122636     
 -0.539226358166083     
  1.129386554637702E-003
  0.277662827252061     
 -0.652031321846965     
  0.320531289139460     
 -0.447331634628154     
 -8.056085207206135E-002
 -3.129092928130003E-002
 -0.238758518200320     
  0.370816396641172     
 -0.186788133257065     
  8.069106413083090E-003
 -7.910889484190012E-002
  0.353754415859299     
  0.878504536951671     
  0.778707779709173     
 -0.240743511401711     
 -8.155819873702909E-002
  0.407869096402594     
 -0.608165083833788     
  0.465553911138340     
  0.220995741233180     
  3.983103586125986E-003
 -2.251282406170191E-002
  3.360933447888474E-002
 -0.615948511167833     
  0.318237301065937     
 -0.191691687911832     
 -0.459218986043990     
  6.426060079201035E-003
  -1.38454537889453     
 -0.213041343653982     
  5.694605983435651E-002
  8.155517797225503E-002
 -0.385671515952817     
  0.345394192962273     
  8.483562898914783E-002
  6.611938543125445E-002
  0.180390319295122     
 -0.217595041180507     
  0.614119900161054     
 -0.155373028807808     
 -0.170408998416226     
  0.786169658372600     
  0.537317572099038     
  0.344568251436765     
 -0.175740416561689     
  0.291928528421502     
  0.127083610842805     
  0.315375605817171     
  6.076688079978207E-002
  0.142723195974116     
  0.165604255549225     
  0.120147848850167     
 -4.134197663707369E-002
 -0.271397890375469     
  0.325030025240006     
 -0.287734568341912     
 -3.924949514001878E-002
 -0.256568511068351     
 -0.133588488862838     
  0.721504961482569     
 -0.437908243729794     
 -0.309237738581948     
 -0.218164140378968     
  0.105763664700470     
  1.440270298856317E-002
  0.154132717798167     
 -0.268461613403519     
  0.284586620997272     
 -0.152837661983835     
  9.700591879159797E-003
 -0.241781860567521     
  0.294174227121458     
  0.287832630384524     
 -0.324312054257370     
  3.243190310927731E-002
 -2.339916093340883E-002
  3.622016258389098E-002
  0.151027729678498     
 -0.332712343982195     
  0.190193885997545     
 -0.295775819534861     
  8.577312386564190E-002
 -0.108942741298664     
 -5.219751150502873E-002
  0.255259033435729     
 
  0.879947976698515     
  0.624122029036461     
  0.234694083384574     
  0.676160603097031     
  0.113780383833561     
 -0.166954519801033     
  0.473227188286403     
 -0.116524172988563     
 -0.436333342138169     
  0.231080418949631     
  3.471132599330422E-003
 -0.850036909280502     
 -0.942540257813941     
  0.143846483499229     
 -0.700023195971057     
  0.316369965314230     
  0.475917244634363     
 -0.107735651747548     
  0.190417293342175     
 -0.582136063625508     
  0.574217834610057     
  0.907932349666614     
   1.06135215785156     
  0.852787246585267     
  0.260870442296948     
  8.019371393058544E-002
 -7.340495360002372E-002
  0.468966014024649     
 -0.201211872027170     
 -0.452224007147714     
 
 -0.746252775797752     
 -0.275583389382696     
  0.430523905058823     
 -0.989848587745060     
  0.268001033175706     
 -0.932970235398492     
  6.189099757721463E-002
 -0.489347985186965     
  0.237218622452660     
 -0.137831979401593     
 -0.806294981330138     
 -0.661592105314051     
 -0.638886341706100     
  0.275583965717330     
 -0.674721187092543     
 -0.313921513877594     
 -0.110554790618412     
 -0.129582552541880     
  0.436449476322551     
  2.943742043090364E-002
  0.306760478915886     
 -0.712545155309835     
 -7.104768907975474E-002
  0.387451403591799     
 -0.787084591089894     
  0.195470323971252     
 -0.592614789171594     
  0.163966740582832     
   1.09827185166636     
 -0.378008548063905     
  0.590374027716154     
  5.023745944874061E-002
  0.573798563815036     
  0.206468801326325     
 -0.365826649818742     
  0.697780711725935     
 -0.202058544829558     
  6.014474575756831E-002
 -7.042901996709845E-002
 -0.115833999290110     
  3.184303076674377E-002
  0.160052701790281     
 -0.468851155066539     
  0.306980730406524     
 -0.331688639765814     
  0.364612960430309     
 -0.227019270612733     
  0.250780625233030     
 -0.213282626107727     
  0.386525234548493     
 -0.241109791541836     
 -0.197864149958818     
  0.793955453923260     
 -0.118006688648515     
 -0.904678073352633     
 -0.521306040342251     
 -0.321609428623708     
 -0.132035701075977     
  0.416431885813194     
  8.675879485788510E-002
  0.478552452030557     
  0.363797930675605     
 -0.274383925224880     
  0.280701814184292     
  0.675164713425106     
  0.195022676570673     
  2.126913174182289E-002
  2.433154629061113E-002
  0.366036274939462     
 -7.967510921577481E-002
 -3.868673173739890E-002
 -0.269870309191485     
  0.375168964093038     
  0.357126945837212     
  0.260453743877684     
 -4.972475114768096E-002
  0.309062881575862     
  1.696511344939147E-002
 -0.133758052848491     
  0.574727282739231     
  -1.25065077658061     
 -0.170838625300776     
 -0.299318392291432     
  0.146826410302478     
   1.47731270005779     
 -7.040647374758446E-002
  0.454059271790490     
  0.228474611415372     
  0.471722167438794     
  0.752974416361720     
  8.525827807975152E-002
 -0.148830609201346     
 -0.213750066215635     
 -0.480494729302433     
 -0.686262225698224     
 -0.275975679306222     
 -0.146683980289911     
  -1.08382774228629     
 -2.288685850136670E-002
 -2.158612939359367E-002
 -0.104149155771340     
 -0.107221789161697     
 -0.153119819422828     
  0.164932650324095     
 -0.110134870492366     
  4.076619051315814E-002
 -0.731022813376516     
  3.691760150750437E-003
 -0.247110371181624     
  0.970062335448681     
  0.234340389032522     
  0.308638406982803     
  0.783570243171579     
 -3.343643261322785E-002
  0.448086937198511     
  0.298240129375117     
  0.206922617127787     
 -0.133778990522595     
 -0.197873856465999     
 -0.696165411663256     
  3.182368852880394E-002
 -0.274275488562193     
 -0.597956235226228     
  0.444085564103680     
  0.688827138527970     
 -0.363058853324711     
 -0.186845512578097     
 -0.233414217577783     
 -0.313979345326413     
  7.547147065562027E-002
  0.194236023730736     
 -0.237806787208639     
 -0.242405016245748     
 -0.322819531463162     
  3.892109973082040E-002
  0.752639060016473     
  0.240162913310365     
  2.708830089992267E-002
  0.227307934159132     
  0.224594083951441     
  0.169736312727562     
 -0.349270374730343     
  0.292289889608401     
  0.850802970423448     
  2.039887934075010E-002
  0.124913030059876     
  8.097325125684092E-002
 -0.145228526368215     
 -4.561894349514036E-002
  0.172703062376849     
 -0.414616665517994     
 -2.000567077302693E-002
 -0.137350396328087     
 -0.665252648773170     
 -0.240207025813750     
 -0.195536456677266     
  0.234247959732813     
  5.093865634302881E-002
  0.185980534381676     
 -0.424477342121091     
 -0.832066323768987     
  0.627126056487386     
 -0.102694365555168     
  2.294276774550831E-003
  0.474726915777629     
 -0.540128724542410     
 -0.192874611883567     
  0.679239803636206     
 -3.883893628865163E-002
 -0.895033957042556     
  0.342163231465823     
  0.374864781192947     
  0.183434610984623     
 -0.876418039308328     
  0.360088955099766     
  0.516236193879476     
  0.466018073595995     
  0.627396274308620     
 -0.229028524368316     
 -0.546453573162583     
  0.554788800482271     
 -8.601597079273764E-002
 -0.172987057116747     
  0.276955637721973     
  0.179631913090701     
 -0.244609798419913     
 -0.437959583545397     
 -8.517731518735279E-002
 -0.315784972482943     
 -5.123136511200713E-002
  9.650305110681849E-002
 -0.171840767111906     
 -0.140524686781515     
 -0.479087252474796     
  0.228191683943405     
  0.313663876313381     
  0.340213556416522     
 -0.914442330078919     
  0.801492817569491     
  0.150874206267288     
  8.397500975166422E-002
 -0.276369874324526     
  0.401104499891131     
  0.342441477618598     
 -0.191180050968419     
  7.041909084889372E-002
  0.309911579755005     
 -0.401760319894081     
  8.752404421735875E-002
  0.492867026052655     
 -3.023835123767061E-002
  0.387475536337330     
  6.459766605649328E-002
 -0.271445299111068     
  0.132592876627678     
 -0.254867716034589     
  0.458691879061462     
 -4.441948905957877E-002
  0.618142210707240     
  0.181938721610920     
 -0.397084169832745     
 -0.654293992051364     
  0.989106644797513     
  0.311042733789464     
 -0.570702108288725     
 -0.287156679186551     
  9.259174721515771E-002
 -0.563600175882256     
 -0.407653584751744     
  0.127704166431498     
 -0.628256462664722     
  9.836804202371402E-002
  0.801050880668185     
  0.368112223940864     
  0.971992488868538     
 -0.292197443303957     
  0.803982187487564     
 -0.684628770148241     
  0.104950949793233     
  0.173216368460003     
 -0.124838069592744     
  0.681796818388732     
  1.527959717034493E-002
 -0.847500829131531     
 -0.705978367401645     
 -0.184955878561486     
 -0.427087199419605     
  0.564080185684834     
  0.318133005110077     
 -0.128816520041678     
 -0.339886823553692     
  0.544844617508083     
  0.415101000755909     
 -3.458932964405637E-003
  0.422252113045022     
  0.430243856461524     
 -0.393539620417706     
  1.884394240239447E-002
  0.197802871106365     
 -7.790495931354928E-002
 -0.630905414140899     
 -0.298733693437779     
  0.408991611710164     
  0.344387827010625     
  0.830230644343783     
 -0.196572126491986     
  0.216423043666670     
  0.379798001844117     
  0.457300994555359     
 -0.560732495501477     
 -0.184800847320815     
 -0.112979059010419     
  0.204169342641244     
  0.589427714910805     
  0.454266949839014     
 -0.355191446120615     
 -0.131930054648552     
  0.653363089638106     
 -0.400263195417440     
 -5.421884977594342E-002
  0.547467803119197     
 -0.334509263109241     
 -0.681572218207909     
  0.512256871553924     
 -0.730234822466100     
  4.909626228219886E-002
 -0.208937265670404     
  0.256693358172434     
 -9.340768013918486E-002
  0.559609310523432     
  0.433478693570182     
 -0.215818615854639     
  1.103305633220867E-002
  0.576505662153964     
 -0.166431417719813     
 -0.373537487929392     
  0.166695366439638     
  0.100626382229866     
  0.335221291459532     
 -0.669747810247686     
 -7.519691144061801E-002
 -0.649578107173100     
  0.150796664738763     
 -0.521805685527506     
  0.305376519785192     
 -0.458367329320414     
 -0.589570960454050     
 -8.926707399756030E-002
  8.180593928299834E-002
 -0.108194373990384     
  7.353865575117914E-002
  -1.33725322222933     
 -0.617540774181811     
 -0.196551930725907     
  0.239879750461523     
 -0.589556841674607     
 -0.486216157847870     
 -0.694944733299583     
  0.699275130753612     
 -0.245684543156651     
  0.371345666785070     
  0.495513003062338     
  -1.17694821305581     
 -0.178641011099425     
  0.262841978661865     
  0.506272855033831     
  0.110956115457788     
 -0.580419734605771     
 -0.809168902490777     
 -0.574312916690630     
  0.266913168367218     
 -0.271347867683142     
 -0.173076368048649     
  8.922987924544856E-002
 -0.383298206769056     
 -0.423535951862093     
 -0.257470937517445     
  7.857363672194616E-002
 -0.758038207740117     
 -0.594789859092922     
 -0.291074094102950     
  -1.51288974613157     
  3.885809585871130E-002
 -0.449745552390526     
  0.581411675338223     
 -0.495231471550449     
 -9.391006292477345E-002
 -0.251376294604747     
  0.323818041540686     
  0.267264155231610     
 -0.417904352875446     
 -0.702005396736647     
 -7.315687921990811E-002
  0.258815559408257     
 -0.183579364068873     
  0.264689750800615     
 -0.161673475959048     
 -6.016619340842300E-004
  0.292251275560390     
 -0.242196075023627     
  4.201736616027561E-002
 -0.267954054224574     
  0.324431412366396     
 -0.674432269370756     
 -0.103851731579853     
  0.132903503963498     
  0.211936593158126     
 -0.252084106273099     
  0.120554001584659     
  2.916438706762554E-002
  0.198937658959508     
 -0.120529794452179     
  0.647530159723318     
 -0.136064885370092     
  0.490762583600571     
 -0.776697324147301     
  0.162611222815706     
 -0.457230531713448     
  1.370609280845353E-002
 -8.122683803519580E-002
  8.020233129996768E-002
 -0.113018927761827     
 -0.126945874748604     
 -0.563248469221465     
 -0.303927657303241     
 -0.106770440874746     
  0.275687218500846     
  0.165500014382352     
  0.316241609034043     
 -0.611898912532312     
 -0.324821812721960     
 -0.194607502974724     
  0.269335775775259     
 -6.858275423625960E-002
  0.386795543603090     
 -7.138123974766718E-002
  0.134630024245307     
 -0.106913479751001     
  0.624709552674569     
 -0.253482368698730     
 -0.217514468254595     
  0.914276195719294     
  0.300586989127371     
  0.564202236119479     
  0.328071887983160     
 -0.792126089113936     
 -0.124522013702730     
  0.286654451469878     
 -0.217806197610706     
 -0.296858572567677     
 -0.147964635278462     
 -8.639829069695380E-002
   1.00155668105965     
 -0.241240658243021     
 -7.141462887619600E-002
 -0.208656281765703     
 -0.380066205286276     
  0.162374187942701     
  0.164291854850628     
 -5.877750939933882E-002
  0.432186426213921     
  0.637536101835589     
 -0.185348031923179     
 -0.100777861643144     
  0.713910178703909     
 -0.122283317679737     
  0.252526165249941     
 -0.137416476977723     
  0.334155802647025     
  9.932686892572930E-002
  6.961038144451612E-002
  0.406585534716647     
  0.257250822141995     
  0.262576608934305     
 -0.540736188941050     
  0.167506522277002     
  0.129258389322390     
  0.220619978532923     
 -0.294423920393976     
  0.201454236821943     
 -0.233988687603676     
 -0.145152695380176     
  0.404777779240345     
  5.042174225422626E-002
  0.402729803445759     
 -0.282999993832471     
 -5.888729022779142E-002
  6.919982502888444E-002
  0.261718417020364     
  0.691179049161372     
 -0.270812557291844     
 -0.402818134955917     
 -0.479254066152378     
 -0.742762426708384     
  8.510522562391244E-002
  0.442301887357959     
  0.247651108489458     
  0.163835051392203     
   1.22906003723198     
 -8.930971532247146E-002
 -0.299102804938397     
  0.555624669105002     
  0.248067560706029     
  0.579052647101921     
  -1.08456046125653     
 -0.146189266445423     
 -0.506218748510472     
  0.982311477698686     
 -0.887117391611981     
 -0.951027353847012     
  0.501625850011581     
  0.399627776345301     
  0.753424172572016     
 -0.820205755900299     
  7.264275075660827E-002
  0.102995876562071     
 -0.699834145164132     
  0.571713001628727     
 -0.664908962302347     
  7.448109479245098E-002
  0.172318135221346     
  0.380664334808101     
 -0.797637870021715     
  0.804808481336034     
  9.207952202531011E-002
  0.134090542089069     
 -0.265987977497225     
  0.873384126387509     
  0.391516814873250     
 -0.349362808633984     
  0.201241218089902     
 -0.758928503561350     
  7.717774120461793E-002
  0.297528401917130     
  0.321598414624129     
 -0.117130830834318     
 -0.734999491522781     
 -2.704097235286358E-002
 -0.404560057979955     
 -0.198334135302560     
 -0.491635858897696     
 -0.100933078953848     
 -0.237721318509686     
  0.149698776846020     
  0.579716464102084     
 -0.551615875243126     
 -0.342074123498730     
  0.736151050003548     
  4.241037428921381E-002
  3.874284390699527E-002
 -0.496276811668000     
 -0.315762627416748     
 -0.484671148321458     
  8.352285811850725E-002
  0.479966818196427     
  0.555389107712179     
  0.629910529004384     
 -0.407385867001767     
   1.26433634586539     
  0.532218900500516     
 -0.279023835803224     
 -0.725706334393790     
  0.420677416643053     
  0.128529898041048     
 -0.111718138479840     
  0.199990576526542     
 -0.119298734800382     
 -0.151135432171083     
 -0.763954355714166     
 -0.482459703656640     
  0.227413961432453     
  0.176864372868635     
 -0.903399615396432     
 -0.673496223081418     
  0.123940031529058     
 -0.326706056932483     
 -0.340539905839767     
  0.127889676398283     
 -0.465723178318376     
 -0.226620650342346     
 -0.262486990528178     
 -0.355421830064611     
  0.335863151696554     
  0.484121087523350     
 -0.225761937665312     
  1.485202687506363E-002
 -0.169567822277908     
 -0.152806889591700     
  0.459610513014537     
 -3.777782469916471E-002
  0.515807827247827     
  0.665469579401793     
 -0.771132543778261     
 -0.383311493737847     
 -0.480305811869730     
 -0.181025723453022     
  0.238870766723732     
 -0.518146681428423     
  0.491683358143747     
  0.398665340380298     
  9.968291682253066E-002
 -0.129963532349220     
  0.841350315224073     
  0.501617636638008     
 -0.597766963442136     
  0.105476155926751     
  0.140451698722165     
 -5.279780787184101E-002
 -0.106957998145862     
  1.626118812672193E-002
 -0.105725255270536     
  0.300930633548294     
  0.184410959469133     
  0.453708950676230     
 -0.323641097865056     
  0.103038056002789     
 -7.384028042933638E-002
  0.453989712257945     
  0.228780407516335     
 -0.156152497437383     
 -0.468031936670618     
 -6.332601114934922E-002
 -0.251890151914018     
  7.869793548014964E-002
 -0.190288215474050     
  7.695571021313966E-002
  0.179118121562556     
 -0.374320868686873     
  0.271064794912909     
  9.574658795454349E-002
 -0.103167208343904     
 -0.233099643844650     
 -0.255486168971032     
  0.464780788953469     
  0.612277780753272     
  1.438392093224339E-002
  2.340263947581610E-002
 -0.267883089906196     
 -0.171259055645656     
  0.310649190537726     
  0.104083127496712     
 -4.201598492475925E-002
  0.715797703276742     
 -0.105673356340533     
  -1.00467816231395     
  0.220801266150933     
 -0.173516229683048     
  0.665482165302337     
  -1.06356325600422     
 -0.547743244737736     
  0.754452880406785     
  -1.20938106002683     
 -0.308156793727409     
  0.280643311068944     
  -1.00130067815310     
 -0.196933172425337     
 -0.932969017266630     
  0.835935714837109     
 -0.271035958381792     
  0.293843198816344     
  0.666266003913841     
  0.409138700104736     
 -0.300743459188285     
 -0.546709353566836     
  0.129953254639733     
  5.490745784157464E-002
 -0.741746950902275     
  0.278443498202139     
  5.346760403280011E-002
  2.215628635600857E-003
 -7.850440778510651E-002
  0.419748566167687     
 -0.306182925494316     
 -5.782890202434796E-002
  0.500351471493935     
 -0.318721449436624     
 -5.502064586557394E-002
  0.301227941711087     
  5.438738311360045E-002
 -0.690625910991289     
 -0.440324289943019     
 -0.444596850379379     
  0.565376678407208     
  0.193478311905904     
 -0.114431572133206     
 -0.707283544558109     
 -8.481446428054772E-003
 -0.498148907856966     
  0.104778037766617     
 -0.434324495086747     
   1.01080185773273     
  0.372165570653135     
 -0.539045674178138     
 -0.303356614044513     
  0.254921365883440     
   1.34549487086020     
  0.407278393404288     
  0.347440673077694     
  0.376206094096891     
 -0.378781763848065     
  0.506091575542823     
 -0.857686340571506     
 -0.499983258733421     
  0.907067336696185     
  7.704399064528850E-002
 -6.358066203565634E-002
  -1.01527306015758     
  7.916513275488926E-002
  0.590003970691058     
 -0.841313499826835     
  0.402596903148520     
  0.451173643337267     
 -0.108213021333865     
 -0.376722514194160     
  0.107532245424122     
 -0.741926822982637     
 -0.369903523153090     
 -0.262574197032759     
  5.333768827932917E-002
  0.163180174681656     
  0.136304006291626     
  0.565373837382485     
  0.326409205193731     
  5.707655010555781E-003
  0.171295572161400     
  0.533200142144710     
 -0.233416107763711     
  0.192585881536989     
 -0.472595684872345     
  0.164659273056554     
  0.134376434068080     
  -1.28241947049513     
 -0.250170919822473     
  0.404499280677227     
 -0.333046761033096     
  0.532157852673234     
 -0.638665378108723     
  5.376586930470608E-002
 -3.805384314004914E-004
 -0.197668240215236     
  0.540614896027573     
 -0.416547200007642     
  0.493469066533417     
 -0.403823341806555     
  0.523854797062044     
 -0.593246167356579     
 -4.282982736809721E-002
 -0.138576898288559     
  0.416324313196376     
 -0.129462742479941     
 -9.877623309290583E-002
  0.228070356787254     
 -0.553963157815485     
 -0.159546829051152     
 -0.279201574479094     
 -0.207600942241353     
  0.628059735932624     
  0.284494855051023     
  0.218747707356476     
 -0.228592381529454     
 -0.376731782218649     
 -0.729223778709938     
 -0.933285166637407     
 -0.143968817930751     
  6.586216697893875E-002
 -0.100250542203525     
  0.302823271232362     
 -0.756452438236386     
  0.947734438552760     
  0.251288671195996     
 -0.720673947532713     
 -0.466096794840140     
   1.46466536977310     
 -0.704098521691214     
  0.605992518766410     
  0.283339648301086     
  0.372752631275353     
 -0.697069269738079     
 -4.918064276374417E-002
 -0.839642593821342     
  0.296958600338392     
 -0.481257149989115     
  0.964675916049649     
 -5.116929552737990E-003
 -0.916566274689653     
 -3.975914179535870E-002
 -0.353872983032020     
  8.166771586344801E-002
 -0.543933648108517     
 -0.314283156177198     
 -0.382578667764249     
  0.536438859173265     
  5.297601540697353E-002
 -0.631774797793987     
 -0.175386846384661     
  0.422268940780800     
 -9.078221626622579E-002
  0.779747103752012     
 -0.480084147489379     
 -8.413735954617443E-002
 -0.341170621424713     
 -3.221465634058652E-002
 -0.193772999757912     
  0.249301974738488     
  0.833794257650789     
  0.520024569624756     
 -0.480105371527670     
 -4.121548151473271E-002
  0.181773655946893     
 -0.236036462305432     
 -0.636779376123395     
  0.398060609416587     
 -0.550642912061767     
 -0.144665824386379     
 -0.690641325246437     
 -5.165438669621192E-002
 -0.377653442537174     
 -9.672898284374720E-002
 -0.104032173238903     
  0.291696856688539     
 -0.656316980741105     
 -0.483377494109554     
 -0.474097131373576     
 -0.251835980872533     
  0.405234809667645     
  0.220718699240159     
  0.733074148116788     
 -0.561994501452188     
  0.605400984967222     
  0.295275439918144     
 -0.993815469684986     
  0.515044159605756     
 -0.122254236167775     
  0.369804772378198     
  0.596618799090958     
  0.161098467311149     
 -4.304910847476523E-002
 -0.164141604271087     
 -0.562720946782322     
 -0.972087410378603     
 -0.483662687755353     
  0.890189046918494     
  8.375556106125383E-002
 -0.216939257518612     
 -0.228057412750015     
  0.153959849503036     
  0.326484710646113     
 -0.767240982497823     
 -0.411886099275386     
  0.300372088136735     
  5.243908998996274E-002
  7.809471136001350E-002
  0.151067149021720     
  -1.30756264976004     
 -6.676632719818085E-002
 -0.215872379284172     
  6.568310935496832E-002
  0.431114374334712     
  0.775387266784313     
  0.136725869997854     
 -0.463647010715393     
  2.980931965223053E-002
  0.891990776917560     
 -0.213194339346184     
 -2.434467968675019E-003
  0.119458271978083     
  0.915712355207398     
 -0.425014085385042     
 -2.030183880041439E-002
 -0.784913734625994     
 -0.296140054548973     
 -0.210377987463012     
  0.625487520818613     
  0.267228504207573     
  0.154474357028630     
 -0.432796264616029     
 -0.449171756847641     
  -1.11146945984550     
  0.577675218941608     
  0.129067563743616     
  1.466168272459491E-002
  0.513934282400102     
  0.228618000358772     
 -0.514034587192896     
 -0.113059629115005     
 -0.157199639272573     
 -0.465988246868272     
  0.373155882849972     
 -4.078560171738338E-002
 -0.164692783652262     
 -0.264636879826047     
 -0.398190135355258     
 -0.404631737968166     
 -3.425399890742686E-002
  0.371378851210192     
  0.410870190174913     
 -0.235616962027691     
 -0.118837880583193     
  0.682239065917257     
 -0.536677702745889     
  0.680063936673393     
  0.233319957868071     
  -1.02639907287281     
  5.968137442866958E-002
 -0.670799774038614     
  0.281586400893871     
 -0.663415894895242     
 -0.390103671155785     
 -0.692226187123837     
  0.176473776759158     
  0.254873516130941     
  0.861639249097068     
 -0.562862511133343     
  1.024090553155160E-002
  0.349470135476970     
  0.262259551997034     
  0.292247871422200     
  0.301199459755149     
 -0.397190009162934     
  6.645020899207763E-002
 -0.162239190671721     
  0.975659375442621     
  0.721135497739342     
  0.695983959696858     
  0.758783151116361     
  0.217857986541236     
 -0.339695529051313     
 -0.215658608749410     
 -0.474507889427711     
 -0.671438366516563     
 -0.302170235939060     
  0.804196804449179     
  0.245271511233652     
 -0.922653793915942     
 -0.586186819902210     
 -0.395301728078489     
  0.359414904171692     
 -0.308112876286292     
  0.209370954444719     
  0.333546619376941     
 
 -0.603077748351717     
  0.279563377886730     
 -0.189932077792693     
  0.710476662903237     
 -0.778515736008983     
  0.457746110295538     
 -0.446758092667096     
  0.325277158186720     
 -9.623165872277262E-002
 -0.366645566812029     
  0.654529972073501     
  0.556081863067668     
 -0.159670721749351     
 -0.108750833405899     
  0.107374752678828     
 -1.901635664713515E-002
  0.504363682067469     
 -0.307626097594368     
  0.471221340036077     
  0.466766367354211     
  0.325324536453370     
 -0.409711822886871     
 -0.675478970989826     
 -0.773839012357758     
  -1.05404060937107     
  -1.01533071827531     
 -5.457139065453759E-002
 -0.317615652417909     
  0.311403087630100     
 -0.683510743953325     
 
 -0.246124906107676     
 -0.266965256026097     
  0.465474080177009     
 -6.591298290239565E-002
   2.47407674033492     
 -0.174904448545670     
   1.03093178191641     
  0.342056320619262     
  0.181498089220601     
 -0.961160048323863     
 -0.550826895921914     
  0.466974144857929     
  0.754701848069904     
  0.711319524328737     
  -1.39190711897117     
  0.334178545931264     
  0.479921840732886     
  0.628099187459595     
  0.472902149164426     
 -0.943872289030038     
 -0.350399895737445     
 -6.377690992204717E-002
  0.138187747702459     
 -0.453990086414729     
 -0.610540595162710     
 -0.202701305668888     
  0.188512919410948     
 -7.247835744562492E-002
  0.668025701479945     
  0.164489582288820     
 
 -4.823588598161625E-003
 
  tansig  tansig 
