 0.612755284026283675E+01
 0.111913787883302049E+02
 0.624063185170841983E+01
 0.620264550721106200E+01
 0.105365291201253903E+02
 0.394185357306509987E+01
 0.270165012740628852E+01
 0.238075120710651200E+01
 0.223932485228551093E+01
 0.183549750429562564E+01
 0.974665148792490443E+00
 0.324919032120184426E+01
 0.662085339984867183E+00
 0.457156346985329254E+00
 0.362845920873349104E+00
 0.228416350929808193E+00
 0.100760464397112837E+01
 0.184351035769377880E+01
 0.288156259292822403E+01
 0.398511389718297693E+00
 0.253101865097485501E+00
 0.152095679738696998E+01
 0.103711607883930718E+00
 0.814121969050655037E+00
-0.145893011698884328E+00
-0.104334988537302387E+00
 0.111774167259256774E+01
 0.108617923962738949E+00
 0.942101877761368334E+00
 0.444977579231277010E+00
 0.378661856089530680E+00
 0.289504636227693346E+00
 0.233810374083285449E-01
 0.108249231912336086E+01
 0.201515727671978423E+00
 0.217231337589154194E+00
 0.116213567201154344E+01
 0.307082958024483710E+00
-0.276943773591085352E+00
 0.569010510731669250E-01
 0.795254747907931797E-01
 0.128645155319277871E+01
 0.373433092036859093E+00
 0.130892845498522514E+01
-0.703635838926850860E-01
-0.103337660700384873E+00
 0.167590385985422996E+01
 0.258711069978777741E+00
 0.166806773122643537E+01
 0.355399294597152859E+00
 0.550175980350638971E+00
 0.227730591113796388E+01
 0.120055584138906535E+01
 0.307122570628810809E+01
 0.123962761879456498E+00
 0.216529538674278182E+00
 0.538372694364391347E+01
 0.370695609990941088E+00
 0.303192725422835208E+00
 0.323765766405110844E+00
 0.651359017045909039E+00
 0.810288434967498361E+01
 0.349974401383018519E+01
 0.713324218405019650E+01
 0.605652387611974596E+01
 0.142607871979508758E+02
 0.142701585814349823E+02
 0.480962352685938496E-02
 0.536213874122810896E+01
 0.268874678908224984E+01
 0.741881236114990728E+01
 0.608993168139484666E+02
 0.273752033766397318E+02
 0.302041029181645548E+02
-0.385187317240686289E+01
-0.132933235599680923E+02
 0.584747102225887261E+02
 0.873277166335077482E+02
 0.236430655588366193E+03
 0.757608847220949571E+02
 0.501853695847421122E+01
 0.766552045651566694E+01
 0.535706863395106669E+01
 0.527698929298625430E+01
 0.821924508018348021E+01
 0.301896349935837538E+01
 0.214473767160914264E+01
 0.194840194980635961E+01
 0.208629311944772233E+01
 0.953216402708942478E+00
 0.481131381988628093E+00
 0.308169866332999876E+01
-0.395976959330938794E+00
 0.152713121318956380E+01
 0.763066006007930064E+00
 0.460711260881105922E+00
 0.118831534085051804E+01
 0.907746538987732277E+00
 0.141370207392920189E+01
-0.434243299765525170E-01
-0.316423307570211643E-01
 0.981101250602989805E+00
 0.127563029806556039E+00
 0.109148855111908838E+01
 0.741057162616694520E-01
 0.639503608966460746E-01
 0.811591689851069997E+00
 0.512142115458743885E+00
-0.181090817855200149E-02
 0.142848641880054927E-01
 0.109170758094401642E-01
 0.604737009676086124E+00
 0.160815563071761869E+00
 0.661415872887810008E+00
 0.371143303599431429E+00
 0.314498528755523199E+00
-0.780103127173121386E-01
 0.165668373051756662E+00
 0.828648358457553691E+00
-0.215902664214919909E-01
-0.238162880105551415E-01
 0.573305765720508509E+00
-0.274132613679404225E+00
-0.426362471592041881E+00
-0.738827003528443604E-01
-0.898467055430321876E-01
 0.665499759425276727E+00
 0.126357978266324861E+00
 0.998892576420941203E+00
 0.641640400690126657E-02
 0.869454497231957057E-02
 0.120661436621675899E+01
-0.601908498785746690E-02
-0.668058940962727374E-02
 0.892280709069195738E-01
 0.135363341324320957E+00
 0.981121557623533480E+00
 0.190476859361929068E+00
 0.242021183793638084E+01
 0.124322843481856271E+01
 0.210513480239671757E+01
 0.231305576379077588E+00
 0.185782014194640577E+00
 0.250908923381862614E+01
-0.437985330877331373E-02
-0.101311003292331933E-01
 0.601854471891763509E+01
 0.574907355430367972E-01
 0.286508867202782724E+01
 0.398391895375517224E+00
 0.102867026036879694E+01
 0.383385292269496292E+01
-0.436359666462253148E+01
 0.226449853374704269E+02
 0.375670116678755939E+00
 0.111629622059098077E+01
 0.281846768149396816E+02
 0.288080578961408484E+02
 0.432956983337254755E+02
 0.167248602478455517E+02
 0.377678220444342783E+01
 0.965160540769661601E+01
 0.528964775987707014E+01
 0.440468136873603466E+01
 0.211441545442371304E+01
 0.739160881532126113E+00
 0.436709357931024478E+01
 0.166633877568782118E+01
 0.170809765130144631E+01
 0.123232425621274522E+01
 0.517449984324236945E+00
 0.179394137439035406E+01
 0.386904552457426443E+00
-0.126835662493986256E+01
 0.335204958624612359E+00
 0.151690344891355688E+00
 0.101714805420758392E+01
 0.363451419732845393E+00
 0.121304021449185853E+00
 0.204692014539547079E+00
 0.111908220361824018E+00
 0.505644808093658082E+00
 0.894132220345253276E-01
 0.250493582173459461E+00
 0.240273575141832507E+00
 0.141247877828618779E+00
 0.208585196221027502E+00
 0.183950266148213665E+00
-0.609489326371242465E-01
 0.287836724619875686E-02
 0.204444349733923919E-02
 0.244070476517007778E+00
 0.103582185916536285E+00
 0.202717083319386704E-01
 0.325966955898006209E-02
 0.299123397139872170E-02
 0.145665170349679324E+00
 0.117436068344302910E+00
 0.214370063264386262E+00
 0.122215821838960098E+00
 0.144895036222022461E+00
-0.777192592682180577E-01
 0.434716437092478036E-01
 0.227260395524022413E+00
 0.128977660184504184E+00
 0.138758297556144550E+00
 0.704970706638875927E-01
-0.410272693781057844E-02
 0.128109350699247587E+00
 0.231178339205496235E-01
 0.293123238750441634E-01
 0.190847267716134084E+00
 0.152474088532145918E+00
 0.316844695682031385E+00
 0.240921376611258169E-01
 0.398741361012650286E-01
 0.484609485640058568E+00
-0.197699403779187627E+00
-0.102710767526092248E+00
 0.736934275449065285E-01
 0.134525541148462519E+00
 0.800057385705660540E+00
 0.191070458544731869E+00
 0.100645037734167622E+00
 0.352769039521685479E+00
 0.678761783331177981E+00
 0.119227988085856262E+01
-0.910598650660297410E-01
 0.298074783366688689E+00
 0.552522821804977762E-01
 0.131723896908788524E+00
 0.310892510814306977E+01
 0.163357096841895832E+01
 0.219770992888647154E+00
 0.796237813157418123E-02
 0.223454382840302355E-01
 0.815062070985215037E+01
 0.409421135190571661E+01
 0.468777782773260299E+01
-0.788405810185190625E+00
