 0.177481680611440460E+02
 0.135755524308919799E+02
 0.936083455231270811E+01
 0.430420223601718135E+02
 0.163810257042559426E+01
 0.493178513417648012E+00
 0.200572948561346137E+00
 0.264279383545763080E+01
 0.190628105186176455E+02
 0.108709466956698519E+01
 0.375630961194350688E+00
 0.317569741035400321E+01
 0.132884502146802141E+01
 0.278303070654211471E+01
 0.558734311268970774E+00
 0.269334167428921301E+00
 0.183297143655161698E+01
 0.922766702665469341E+00
 0.618222511827802412E+00
 0.205361074895518310E-01
 0.125635821818688292E-01
 0.860362819031074033E+00
 0.675600819937574593E-01
 0.181404528307140955E+01
 0.534629385496144301E-02
 0.424775509760621627E-02
 0.600533880489855454E+00
 0.617499714461328397E-01
 0.107921449698844563E+01
-0.293499774425510403E-01
-0.267035266975521948E-01
 0.368154683728593446E+00
-0.623521623500440051E-02
 0.151959897319201542E+01
 0.484354788133583083E-01
 0.508389645055087741E-01
 0.502458674332683319E+00
-0.133644113260927594E+00
 0.124815950708506151E+01
 0.782975459366829218E-01
 0.104832171978562524E+00
 0.106978632072736723E+01
 0.109288104328012933E+00
 0.819052450595533110E+00
-0.382066964849263960E-01
-0.572583137510455920E-01
 0.148022644684151161E+01
 0.352640693449780440E+00
 0.433386211258478482E+00
 0.803062484242851732E-01
 0.128077757885012578E+00
 0.128057836225836552E+01
 0.234125761801979193E+00
 0.287641032784615192E+01
 0.283194011114548498E-01
 0.471260285098140108E-01
 0.241589495667861742E+01
-0.137681896618440813E+01
 0.309379060327073141E+01
 0.479278430328948374E-01
 0.938059864831115309E-01
 0.347004030986458334E+01
 0.709396091193142841E+00
 0.911095484161124425E+01
 0.537205572858977964E+00
 0.119919884447269598E+01
 0.113724863456716037E+02
-0.105291804548315202E+02
 0.128116140092232413E+02
 0.758769150324638542E+00
 0.210190994582961954E+01
 0.233685008025938963E+02
-0.309715477588451016E+02
 0.309006145312851608E+02
 0.128560608035319355E+02
 0.422593337639095878E+02
 0.905942678778922357E+02
 0.364201128961097069E+02
 0.181995305035027606E+02
 0.124225619865220722E+03
 0.233631543295024642E+02
 0.571465893255796686E+01
 0.109980162594605542E+02
 0.154805707184140662E+02
-0.721569704540779733E+00
-0.206415782026725281E+00
 0.426709657157706879E+01
 0.438989348526279466E+00
 0.880342911820509677E+01
 0.805739856634940854E+00
 0.305817209113965149E+00
 0.310471742062442813E+01
 0.136817327040706406E-01
 0.276511935930361885E+00
 0.325879559807496944E+00
 0.137226713409422052E+00
 0.121068450851692155E+01
 0.492568539222279389E+00
 0.580543195165515891E+00
 0.709017629713433739E-01
 0.408534455086157003E-01
 0.455211272815515378E+00
-0.570066475104479761E-01
 0.104918015311750690E+01
 0.525693703779370261E-01
 0.396610271563035202E-01
 0.413742264400450033E+00
 0.186780762412784400E-01
 0.569711948453595296E+00
-0.274088464738400615E-01
-0.257224452179671201E-01
 0.948665621588674346E-01
 0.291678280614896202E+00
 0.634424836321506591E+00
 0.124567347211681297E-02
 0.103785136458853190E-02
 0.329995868902932088E+00
-0.144064043116634788E+00
-0.230060939600638219E-01
-0.110493719613404488E-01
-0.118305996868527386E-01
 0.275717725896396981E+00
 0.428824562000001755E-01
 0.781791814978796795E+00
 0.462870446821736642E-01
 0.603828271734733815E-01
 0.391059354495034928E+00
-0.104475744720358588E+00
-0.850480308144440089E-01
 0.329039000788973260E-01
 0.459452346195984851E-01
-0.176741177429247276E+00
 0.650943298985832919E+00
 0.997041304225925296E+00
 0.131394070038658634E+00
 0.199654566429209007E+00
-0.782267128081455126E-01
 0.248082135177252666E+00
 0.172272660520295307E+01
 0.428307762633569900E-01
 0.806024069726295755E-01
 0.133889707219600118E+01
 0.217575188260092700E+00
 0.307267052536227903E+01
 0.208785188742876410E+00
 0.441167307899935746E+00
 0.267650838339782871E+01
 0.381222594952833438E+01
-0.243288225247301038E+00
 0.218336934548295858E+01
 0.497308589796124245E+01
 0.126933863608861719E+00
 0.123007648146467776E+02
 0.617537291157058021E+01
 0.205743436248909983E+01
 0.658012379748385712E+01
 0.929903394792842697E+01
 0.352825083044404622E+02
 0.221265808019015111E+02
 0.442164258191106274E+01
 0.232592839624433667E+01
 0.652894787742795835E+01
 0.433820241791107275E+01
 0.260869128670856085E+02
 0.420294082667176994E+00
 0.972700912896491826E-01
 0.363563719188812851E+01
-0.262391248694954060E+00
 0.618304210923244835E+01
 0.615867352101106991E+00
 0.200785852368049272E+00
 0.148331085787253913E+01
 0.698753145228488859E+00
-0.777887620877826591E+00
 0.319711027655905158E-01
 0.141063611523301827E-01
 0.455275606671560806E+00
 0.297113509145357987E-01
 0.938316010663493016E+00
-0.365838261235597761E+00
-0.190411404744173646E+00
 0.756559255887577775E-01
-0.805145854633744079E-01
 0.491380369728852184E+00
 0.148764689023583363E+00
 0.814834811653038366E-01
-0.608564486463601603E-01
 0.491838860772220304E-01
 0.188043499597430608E+00
-0.456730918553848158E-02
-0.329043388885973467E-02
 0.764430315679347633E-01
-0.123908525635918151E-02
 0.281951763384709064E+00
 0.231618739984021937E-01
 0.227102924416139537E-01
 0.112116859591290779E+00
 0.265213736003085919E-01
 0.117625662230296676E+00
 0.107684605602154093E-01
 0.119382416964132643E-01
 0.140169104201651379E+00
 0.558540755767374664E-01
-0.646209992156329127E-01
 0.526615146466514767E-02
 0.677667779052743263E-02
 0.123688258085619091E+00
 0.769314068252640176E-01
 0.218380954950131989E+00
 0.550176671642159040E-02
 0.673021344507191473E-02
 0.204899876228084921E+00
 0.371887225305841188E-01
 0.185161924743491718E+00
 0.264375636543940952E-01
 0.348516375383029695E-01
 0.303426505816245640E+00
-0.301816539096585908E-01
 0.185090108318109320E-01
 0.255338395507840703E-01
 0.451008163167432863E-01
 0.434261899193758183E+00
-0.321066636577286291E+00
 0.518264518732043863E-01
 0.188976258770993458E-01
 0.404983011273980717E-01
 0.722443769840542149E+00
 0.498062760399410748E-01
-0.141250975993752248E+00
-0.192196710831492812E+00
-0.456918829597911080E+00
 0.119887260845247257E+01
-0.171882235160523339E+00
 0.146458778893146735E+01
 0.539996245087037252E+00
 0.168654827476857516E+01
 0.413008019946349414E+01
 0.489989674197905867E+01
 0.148097829233669342E+01
 0.000000000000000000E+00
