-0.286215902449162396E+01
 0.313587461297627144E+02
 0.154690768345889822E+02
 0.275768321591805829E+02
 0.221775732639106877E+02
 0.667693391791991608E+01
 0.899911109361596395E+01
 0.177175627678719194E+01
 0.373886076154206171E+01
-0.663221412020611245E+00
-0.229167250522173488E+00
 0.247699270643755431E+01
 0.279953487032898962E+00
 0.719517775748303912E+01
 0.195785832610157057E+00
 0.943772615300334933E-01
-0.571491548115486081E+00
 0.114385438757958879E+01
 0.362207078566592511E+01
 0.190300956933083763E-01
 0.116422341134193967E-01
 0.116434176230176667E+01
-0.312337933428983749E+00
 0.118885137499934304E+00
 0.100763200028506292E-01
 0.800587113585228376E-02
 0.810318790472339401E-01
-0.715558711860456054E+00
 0.268853200881655852E+01
 0.541461956687391624E-01
 0.492639009498804861E-01
 0.148641333817875282E+00
 0.398035981056072519E+00
 0.163264787784099319E+01
 0.404111071132774169E-01
 0.424164040594476807E-01
 0.311587855324961471E+00
 0.137300344186356060E+00
 0.179114713220635546E+01
 0.444921687672664920E-01
 0.595703304887885976E-01
 0.932218045493742875E+00
-0.542760493565440205E+00
-0.201399624606626554E+00
 0.611510830212427109E-01
 0.916438273910426954E-01
 0.135723088111071011E+01
-0.456093028245485588E+00
 0.101285364309905068E+01
 0.683706533091107405E+00
 0.109042075215610668E+01
 0.919173736288667387E+00
 0.213584035138956574E+00
 0.216634949575489844E+00
 0.481254526887341660E+00
 0.800850783013073442E+00
 0.111938678540469017E+01
-0.379311596252160432E+00
 0.589904235742678473E+01
 0.474293576480588674E+00
 0.928303341208748689E+00
 0.705476938333244785E+01
-0.305361415177612727E+01
-0.679563058492452798E-01
 0.428287683332808367E+00
 0.956062485020827801E+00
 0.158053862350924685E+02
-0.334609463586434108E+01
-0.174308821191176244E+00
 0.225080651289925493E+00
 0.623508822621066994E+00
 0.347205199783294560E+02
-0.727746848726167972E+01
 0.271786594135942750E+02
 0.104226137947993358E+02
 0.342603167313698620E+02
 0.214231408263181571E+02
-0.250423111851881437E+02
 0.163995023559667089E+03
-0.646279193342139990E+02
-0.121545946402848752E+02
 0.247590282643771111E+02
 0.143836743869834365E+02
-0.387349306417004913E+01
 0.164103268650030785E+02
 0.469441889236405974E+01
 0.239488428569250544E+01
 0.184262970584345998E+01
 0.991241193271519450E+01
-0.155040742958946698E+01
-0.588454535545494206E+00
 0.305889330871389165E+01
-0.151269960461357478E+01
-0.108401476949219489E+01
-0.693024708505290271E-01
-0.291830218243457583E-01
 0.146373844272366882E+01
 0.523417343781447442E+00
-0.113736398159545060E+00
 0.160076697688962238E+00
 0.922358538373486692E-01
 0.401524625621743680E+00
-0.304422748650820751E+00
 0.862878157824344072E+00
-0.605150429815371552E-01
-0.456556497785813170E-01
 0.155293760625024591E+00
 0.187717034067184430E+00
 0.108677312328499887E+01
-0.123206979054994743E-01
-0.115626346122887826E-01
 0.237481156681570243E+00
 0.147481478055238507E+00
 0.724278429865911511E+00
 0.131982163283314774E+00
 0.109962900656593240E+00
 0.109621271508899734E+00
 0.391342486216958718E+00
 0.232172025561205947E+00
 0.483169882296643968E-01
 0.517331616511341880E-01
 0.268055808618620162E+00
-0.156729212265070000E+00
-0.543373471426877197E+00
 0.420520786146779957E-01
 0.548581879165281408E-01
 0.518203658662149680E+00
-0.364071233707531292E-01
 0.523114834799904393E+00
-0.997709759652644877E-02
-0.139314819457840317E-01
 0.864534078254625138E+00
-0.290157081416358875E+00
 0.178750902479220763E+00
 0.140156292275063037E-01
 0.212968848276563170E-01
 0.945052601260696346E+00
-0.266074124696118020E+00
 0.166356568005717920E+01
 0.161380876975928594E+00
 0.303699541741486667E+00
 0.170022224001088218E+01
-0.478341191490884721E+00
 0.696380401702062724E+00
 0.318686220236376466E-01
 0.673390400406385092E-01
 0.297267483849190262E+01
 0.582487305822855128E+00
 0.305941445073811469E+01
 0.109298906378999217E+01
 0.248951397572980948E+01
 0.477086365164003467E+01
 0.997598062393398521E+01
 0.284143949528098760E+01
 0.679273535240748494E+01
 0.217246490859186210E+02
 0.665700234424748949E+01
-0.871346740443085466E+01
-0.128446765516655113E+02
 0.416802728064391346E+02
 0.219251846542980857E+02
 0.146675034042604970E+02
 0.422021329527951217E+01
 0.254742525179412809E+02
-0.861981316026901645E+01
-0.199491272320157664E+01
 0.295423654087326604E+01
-0.807634563902118879E-01
 0.757701625583127036E+01
 0.271123414235754867E+00
 0.883919981121595311E-01
 0.756104555291307601E+00
-0.656289762565788193E+00
 0.264761565558999079E+01
-0.873292836634213948E-01
-0.385316209942049154E-01
 0.745688646305225689E+00
-0.939747924692717757E-01
 0.346491031587289389E+00
 0.188603108773788830E-01
 0.981640978705834895E-02
 0.157370894452993515E+00
 0.480896347395863306E-02
 0.862321038117399019E+00
 0.862836372637506704E-01
 0.472604835058686307E-01
 0.605177941901099969E-01
 0.978963834955198439E-02
 0.354899878617428277E+00
 0.131576309309760046E-01
 0.947917317476026054E-02
 0.927648990092764247E-01
-0.151170563258651511E-01
 0.236763366424666472E+00
 0.143351760337302059E-01
 0.140556865109656877E-01
 0.572539096741177464E-01
 0.108197455277268748E-01
 0.258381126716987486E+00
 0.610537847160220540E-01
 0.676860758643176991E-01
-0.128514995973954410E-01
-0.975871720360678083E-02
 0.200763226946562151E+00
 0.876961725046580994E-02
 0.112850666851141805E-01
 0.149576305483255456E+00
-0.354482455360444274E-01
 0.211246873944855168E+00
-0.203914078616225340E-01
-0.249444468346158021E-01
 0.152344066661691702E+00
-0.853291331018843635E-01
 0.234633149189187901E+00
 0.111204704443832861E+00
 0.146596944502728838E+00
 0.125139589651522415E+00
-0.154334893659673917E-01
 0.144781944492590020E+00
 0.227859527753789155E-01
 0.402471813406846124E-01
 0.421809305941594104E+00
-0.834321662472432696E-01
-0.304772328889900239E-01
 0.136319254687427005E+00
 0.292137132023764956E+00
 0.308604771111599896E+00
 0.347867948447723035E-01
 0.956315053301271090E+00
-0.756775533579525095E-01
-0.179912023247190717E+00
 0.162411568522898708E+01
 0.279289673407624339E+00
-0.825942150391197449E+00
 0.465566517275441683E+00
 0.145408493789498605E+01
 0.328017751479225028E+01
 0.501838342798970682E+01
 0.168013980879668429E+00
 0.000000000000000000E+00
