     48 -    30 -    30 -     1 
rmse=  38.7021meV
 -0.183256347356771     
 -0.503319293805983     
  0.389369992088933     
 -0.454993107825796     
 -8.601180472654832E-002
  1.049762079927806E-002
  0.180559383920444     
 -0.392508138947565     
 -5.083168529026901E-002
  3.972821975010794E-002
 -0.416104465432117     
  0.126191405028277     
 -0.106937181348074     
  0.378364186874548     
 -0.184551727842854     
 -0.305956486172768     
  0.302975727460358     
 -0.146575794031382     
  0.354728402252090     
 -1.698896054887112E-002
 -0.120347971982062     
  0.142607469208874     
 -0.162730207059286     
  8.571407265985727E-002
 -0.320788268223860     
  1.593821431367281E-002
 -0.135992383281412     
  0.183049819984827     
 -0.113178143758117     
 -0.247437929962351     
  0.254374306943128     
 -0.171858800625916     
 -0.164728946931895     
  0.272136346100125     
 -9.729612200788246E-003
  0.136309915744532     
  0.372963800202465     
 -5.150064268154618E-003
  0.129913956785637     
  0.251334833688617     
  0.234744069971271     
  0.325084491994367     
 -0.156372989465480     
  0.156163241181333     
 -0.278776066874399     
 -1.121236497150678E-002
  4.229675980590712E-002
  0.374511017232534     
  0.119912249676468     
 -2.935538882301459E-004
 -0.439600505824617     
  5.541314007411173E-002
  0.256012510547243     
 -0.137662443356953     
 -3.670114054749996E-002
  1.734529212620435E-002
  2.001250903887627E-002
  0.398964883546388     
  1.844816696563072E-002
 -0.197932748627249     
  0.214507136127181     
  0.242860460525198     
 -0.435289132830618     
  4.379051996048102E-002
  1.864179921178399E-002
  0.180758088113008     
 -0.183986678340003     
  0.186138093478586     
 -0.405900568450007     
  0.531273184288373     
  -1.04158827062781     
 -3.710340592344940E-002
 -0.566694623620074     
  0.337913149692420     
 -0.303765147494924     
  0.376027354565285     
 -0.538251144441913     
  0.594481660724382     
 -0.154001569707180     
  0.111047001333297     
 -0.202515698545070     
  0.168559080995270     
  0.532205438683538     
 -0.318323859145800     
  4.076803743195919E-002
 -5.750437394516252E-002
 -0.114447640925347     
  7.598331993546334E-002
 -0.680327278283774     
 -0.112466936189185     
  0.207312546291056     
  0.105889182561032     
 -8.946837243183367E-002
 -3.524359723277734E-002
  0.420293515209402     
 -5.038734045852805E-002
 -0.487302982555457     
 -0.890580692710247     
 -2.250834210678756E-002
  0.131116945101337     
 -0.117482333950568     
 -0.367364255092143     
 -0.667212818242819     
  -1.01247091700914     
  0.268967940500114     
 -0.709669855591145     
  4.396114989977547E-002
 -0.172502240938070     
  3.164767839432440E-002
  0.343754561085825     
  4.696822532329819E-002
  5.243308969006186E-002
  0.551561097575745     
 -2.817968267121056E-002
 -5.995718857037351E-003
  0.137969794644393     
 -0.400227544796758     
  0.496613405927522     
 -0.398588849765905     
 -0.451843302902147     
  0.242347981021203     
  0.475167527760137     
 -0.812538374615208     
  0.475579173476200     
  0.197180501910485     
 -0.214543215151785     
 -0.127487610578691     
  0.207902808442494     
 -0.359148928837391     
  0.259999946853409     
  7.316017299157590E-002
  0.244198055362177     
  0.327465115068876     
  5.386638953222722E-002
   1.26494190919184     
  0.723595377739497     
  0.607537129624223     
 -0.212947985540629     
  0.548295400662788     
  1.139060996932390E-002
 -0.175745853883574     
 -0.365269876665576     
  0.401389474527717     
 -0.235349667667239     
  2.818101854237453E-002
  0.490528711821421     
  0.363435051967598     
  0.434384430205679     
 -0.137921706560684     
 -0.152142972571224     
 -4.320197079653761E-002
  0.149628030717273     
  0.148432960778796     
  7.263847144242801E-002
 -3.247913301874557E-002
  0.356607849740221     
  0.147719075459093     
 -0.302841700270356     
  6.026869708333236E-002
  3.691684428283444E-002
 -0.306060791994470     
  8.025890500201452E-002
  0.133265883572270     
 -0.828457031632294     
  0.732584637269767     
 -0.678622979070776     
 -0.403994631745342     
  0.171589540618964     
 -0.191290028021309     
  0.115520738514002     
 -0.392363996510142     
  0.169095980514368     
 -7.817973453618900E-002
  0.172800007675170     
 -0.102196002844534     
  1.263055985362449E-002
 -2.034250110076943E-002
 -0.433823178458270     
 -0.244816129134712     
  0.155275590172675     
 -0.551129387436253     
  0.451099184938381     
  0.293538154517790     
 -0.473934567644190     
  0.219538188752412     
 -4.802363815648551E-002
 -8.080094939079156E-002
 -0.243592222050692     
  6.367611705404158E-002
  4.147308632900386E-002
  0.176361644453172     
 -2.185430123369005E-002
  6.087933507346995E-002
 -0.366092724674686     
  0.192652361238768     
  0.106932160416633     
 -0.590021144701981     
 -0.145422651898598     
  0.465810607022013     
 -0.546702153570202     
  9.996414566170619E-002
 -0.299711623329070     
  0.365605802005793     
 -0.637476007890010     
  0.225439568375024     
 -0.229478716639892     
  0.580169047664606     
 -5.209622995159544E-002
 -1.993811113422970E-002
 -6.879497423716339E-002
 -0.122077143388988     
  0.529728603322738     
  8.273731776353435E-002
 -0.538437343236242     
  0.726170908716818     
 -0.320117573354361     
  0.166425325912481     
  0.234309301207100     
 -0.399846130133430     
  0.493620221204036     
  0.399353540714340     
 -0.148980920584880     
 -0.172112431889613     
  0.388066543354199     
  9.524997011094176E-002
 -0.171166640871124     
 -0.233139334936419     
  0.529008081187874     
  -1.27363876528650     
  0.184131791919909     
  0.305966966563335     
 -1.451608702241559E-002
  0.247522775351978     
 -0.353211714034682     
  0.571543349852306     
  0.252068938611135     
 -0.173265435463418     
  0.148849762186913     
 -0.176452574583375     
 -0.100749421745280     
  0.362248271744635     
   1.65332509476105     
   2.19371361765635     
   1.26341423096821     
  0.418001781229691     
 -0.616206747948292     
 -0.997889982726210     
  0.904794462592875     
  0.284786386506510     
 -0.569746117875842     
  0.150562210013459     
  0.381108993371482     
  0.508259741275601     
 -0.200638886469586     
  0.113955146446834     
  0.362509961956217     
 -0.671241624216105     
 -0.749905366315955     
  -1.68172934763281     
 -0.910778693435685     
  0.344160544667878     
 -0.193098661138491     
 -7.216601456160966E-002
  -1.06970796446743     
  0.642803016685060     
  0.569178125995253     
 -0.395994422566057     
  1.706159864464357E-002
 -0.131521011684060     
  0.510942662266177     
 -0.446173546459855     
  0.132405343897925     
  0.951431753677518     
   1.09437832949526     
  1.035701505842382E-002
  0.493611019737889     
 -5.520099597971204E-002
  0.751038073653785     
  0.565434612853666     
 -6.990335448833501E-002
 -9.831644796541955E-002
 -0.487500266317042     
  0.608533832156061     
 -0.300345285216842     
 -0.438756824119424     
  0.260609684118198     
  0.257246111547350     
 -0.288659363835455     
  0.262962847342518     
 -0.281769844312820     
  0.458706524350785     
 -0.315089103262344     
  0.102302620350291     
  0.343273312555779     
 -0.172645883822447     
 -6.969830427004543E-002
  0.143653814092877     
  5.077096316594854E-002
 -0.160429810469260     
  0.161018409524923     
  0.213232198033589     
 -1.966720483350856E-002
 -7.115202144841548E-002
 -4.513655108681664E-002
 -0.246481350230571     
  0.124565610473604     
  0.325594829039191     
 -0.675889797878269     
  0.175629779874297     
  0.402308120962834     
 -0.145022775847635     
  0.416945107687313     
 -0.552619796189568     
 -0.255110245467293     
 -0.212434079586845     
 -1.724021563213181E-002
  0.263588761451005     
 -0.421979677708455     
  2.063054621446359E-002
  2.952930743610062E-003
 -6.536406768431420E-002
 -0.372454484217773     
  0.455343753939257     
 -0.623843307298717     
 -0.144972954591750     
  9.604957208593694E-002
 -0.241329784591645     
  0.582247541284694     
 -4.960248778848803E-002
  0.187792011871655     
 -0.254516352206339     
  0.208672268253174     
 -0.279163348540076     
  0.280619432929679     
  8.556263592621792E-002
  5.326170223014922E-002
  0.666422209640402     
 -0.820333299125678     
  0.145244217859630     
  5.165378757851512E-002
 -0.251437629683915     
 -0.411247020169319     
 -0.266656469797195     
  0.370913806579877     
  0.342990892878821     
  0.471264216281596     
   1.23777120449241     
 -0.175256615894914     
 -0.598296643678994     
  0.325883341816234     
  0.495152257727073     
  0.346082169431219     
 -0.240321892337354     
  0.264460066159763     
  0.102797122118913     
  5.286382975006088E-002
 -0.195364436884933     
  0.146121766573594     
  0.346758466685974     
  8.555742450004374E-002
 -0.401951052713208     
  0.558013857070730     
  0.780902665555219     
 -0.604205224288464     
  0.133916022229440     
  0.275508591207090     
 -4.881813019292727E-002
 -0.705021861582031     
  0.209362603976758     
 -5.165446641548702E-002
 -0.119625337716179     
  0.573880183351685     
  0.597292913269898     
 -0.576169760523658     
  9.544644605352094E-002
 -0.223099802720431     
 -0.590650405927861     
  -1.01184717273571     
  0.103528652417612     
  0.192391113129493     
  0.135495101273372     
  0.335917532823092     
 -0.983082594669993     
  0.342879502531771     
  0.748782389347405     
  5.524811397422869E-002
  0.256180067297175     
  0.494888292708265     
 -4.732805116183615E-002
 -9.999050833269450E-002
  0.413712502770994     
 -0.281955893360370     
 -0.163569623741820     
 -0.113663722517750     
 -0.356222325126209     
  0.439088837227750     
 -0.116804889964503     
  8.028751076468270E-002
 -4.651337074986268E-002
 -0.216392455138727     
 -0.925729844820544     
  0.466672750635100     
 -5.627700183668549E-002
 -0.843954048967880     
  0.877229766697440     
 -0.857381001865328     
  0.616866843197838     
  3.948660169939146E-002
 -0.419068281051253     
  0.171421746707599     
 -0.146157776390926     
  0.109206558210791     
  0.177422761425327     
 -0.170484509139911     
 -4.444849309424741E-002
 -2.669733651791591E-002
  0.152811066628841     
 -0.216060825024427     
 -0.958919241644329     
  0.622933740524682     
  4.634418509624323E-003
 -3.062306825287776E-002
  6.753815920039280E-002
  0.356340358314358     
  0.361412664773997     
  0.470192254116528     
 -0.353938718269568     
 -0.120415471643492     
  1.573052649150278E-002
  2.980128045608333E-002
  9.791604139569836E-002
  0.291543533797966     
 -4.464147803996252E-002
  0.361325614562067     
  0.151263977055012     
 -0.256900785110387     
  0.604756217016885     
 -0.997897938056506     
  0.359244852688180     
  0.481688611141041     
 -0.378790220706989     
  0.697633576845500     
  4.751725232366050E-002
  0.273324918732794     
  5.921117321151532E-002
  0.107916866222051     
  0.650812833595769     
  0.143321257206132     
  6.874229660200276E-002
  0.325078071126679     
 -0.363706210322594     
 -2.431708244094380E-002
  0.340870214210928     
 -0.374783344266556     
  0.751699321300592     
 -0.407822864978590     
 -0.330527380930738     
  5.990647821755953E-002
  0.713207598227897     
 -0.190255045282190     
  0.234032741728102     
 -0.209529067828884     
 -0.125999821410528     
 -0.246673693414672     
  0.376003611385777     
 -0.228889635172566     
  0.451262366546542     
 -8.291794211898490E-002
 -0.551534243948533     
 -0.216233613674272     
 -0.750397231672842     
  0.660485946002713     
  -1.24979006744635     
 -0.193378977513903     
  0.122441325256235     
  0.147808205258880     
 -0.358051365385863     
  0.429507147207539     
 -0.346588163616687     
 -5.353544062220889E-002
 -0.140872921795599     
 -0.663584790942699     
  0.304834318307058     
  -1.02802042478379     
 -0.553529311163358     
  0.573136119357061     
  0.712879212681734     
 -0.368247228111122     
 -0.200803376014194     
 -9.987969762045590E-002
 -0.215115271276292     
  0.252009877214968     
 -0.115606844275240     
 -0.739981283747614     
  0.577809575977453     
  0.312544333627515     
  0.206245168747917     
  4.315678587199311E-002
 -0.388856524102406     
   1.02419429858791     
  -1.09866289098502     
  0.411083254901950     
  0.558086243007823     
  0.351365516061071     
  3.551879052351390E-002
 -0.409823836576098     
  0.240759019484163     
 -0.222655232085198     
  0.529781737912787     
 -6.813336282177081E-002
 -0.127111143769637     
 -3.507847498258949E-002
 -9.025871014234460E-002
  0.432449627785939     
  8.301925763166926E-002
  0.544642800194726     
   1.10856706437248     
 -0.839633820784675     
 -0.499812367845699     
  0.562436293979130     
  0.284600859572037     
  0.367873031059758     
 -0.390220342509759     
 -0.121115575972785     
  0.369085855443460     
  0.154642484800869     
 -0.859370918401473     
 -0.183033199494745     
 -0.161512594962855     
   1.02775173505851     
 -0.746966963213087     
 -0.386218793857550     
  0.920784099555162     
 -0.108987203840446     
 -0.294932203556126     
  7.539881220232249E-003
  8.507049302925810E-003
 -0.259085123376116     
  0.126195701162161     
 -0.377428615298672     
 -0.113837087633693     
 -0.322864154041880     
  0.545278985569895     
  0.146634682797566     
  3.358471079535000E-002
 -6.089125455211696E-002
  0.241294649089965     
 -0.242014810303021     
 -8.459449547982623E-002
  0.373606804744181     
  0.145270490234941     
 -0.183787172452122     
  0.491809253036673     
 -0.101094583888020     
  0.288660451296656     
  4.068207447660869E-003
 -0.396591364074160     
 -0.176115458258440     
 -1.135885810525314E-002
  0.129113580699882     
  0.191310013240497     
 -5.380841718526054E-002
  0.139640441413172     
 -0.366373066078138     
  0.472617060892137     
  5.360460693476201E-002
  0.335268120622796     
 -8.773404660681719E-002
  8.252623738117421E-002
 -2.575087487112538E-002
  0.260327184953064     
  0.119507119656755     
  5.237158306560637E-002
  0.254486035658651     
 -0.512529492861911     
 -0.263778982256029     
  7.374392882709815E-002
 -0.722943323532943     
  0.506835677250572     
  0.799221840688370     
 -0.187686389176251     
 -0.355673155878331     
  0.238383026798809     
 -0.767924544521981     
 -0.182735687476428     
  0.687822324946464     
 -5.590565671083412E-002
 -0.193766517778028     
 -0.654304861018632     
  6.623545083147626E-002
  0.135497633869565     
 -0.700311194980567     
  0.174512720072534     
 -0.736676060093741     
  0.274034515109647     
 -0.569562726745192     
  0.698521862375942     
 -0.352274884584347     
  0.339125268005557     
  0.911904693338022     
 -0.432046789026017     
 -0.649368447802383     
  0.615842260736341     
 -0.227171567455835     
  0.767165990831616     
 -0.960862926280719     
  0.608839086604921     
 -0.105693661541344     
  0.468073376874861     
  2.188762961903959E-002
  1.388158757996786E-002
  -1.01285815012285     
 -0.433589537455113     
  0.143818786701390     
 -8.693986951210037E-002
 -1.518383348161879E-002
  0.220653296579306     
 -6.412520744548258E-003
 -0.884607368939606     
 -6.932291402198003E-002
  0.700542735012288     
 -0.503028383581545     
 -0.342601903293066     
  0.661567625663052     
  2.526135667002880E-003
  0.140895434623628     
 -0.108305398055921     
  0.553664585364118     
  7.636517554300090E-002
 -0.144025773904615     
 -0.217170516293994     
 -0.318984062429249     
  0.137383011465499     
 -0.494901269367727     
 -3.606585250389998E-002
  5.221951271353255E-002
 -1.525328888170499E-002
 -8.795182790394521E-002
  0.225637903929915     
  0.143895129906879     
  4.776581266270744E-002
 -0.458558162467565     
  0.638578938040412     
 -0.260966482139818     
  5.449649873867739E-003
  0.262033774257242     
 -0.315748700363576     
 -0.183102300416387     
  4.514394986352055E-002
  0.371024022430124     
 -0.692037459059949     
  0.308677518234850     
  0.158971960874895     
 -0.117709135252748     
 -3.673452008173845E-002
  9.609389056880231E-002
  0.247322153119796     
 -4.273895057899089E-002
 -0.551634719452361     
  0.328242905898023     
 -0.339005629978603     
  6.947875804466631E-002
  0.507279503894975     
  4.519485601434680E-003
  0.333886707019624     
 -6.954062393860833E-002
  0.311573410970177     
 -0.163335502170401     
 -5.202956840307807E-002
 -0.102655751060589     
  9.945259492344499E-002
 -0.323534573657384     
 -0.893168944911590     
  0.558798550137963     
 -0.105485383737349     
  0.382173256961587     
  0.524414808610838     
 -0.536110461722005     
  0.586995050958556     
  0.222157625869703     
 -0.221254225893961     
 -0.159026129754289     
 -0.157461803364198     
  0.161436279683421     
 -0.606674823262832     
  0.779486583179765     
  -1.13402587988339     
 -0.342382789575084     
  0.765563316561134     
 -0.572065788775014     
  0.731425157816226     
  -1.01035033659675     
  0.535613631947038     
 -3.703286777548727E-003
  0.123471065995747     
 -9.706010977982492E-002
   1.10310658461270     
  0.153791839254453     
  0.360604132292670     
 -0.599627900321249     
  0.277200918310917     
 -0.344336692718575     
  0.309059804591646     
 -9.644809599029257E-002
 -5.335829929054876E-002
 -0.314599015189204     
  0.505962335255758     
 -0.351411474873838     
  0.354532618346980     
 -0.515131281029198     
 -0.291058320678182     
 -8.746260691528536E-002
  0.412097049168931     
  0.132234940963555     
 -0.273862804428706     
  4.564153538905788E-002
  3.647737474196430E-002
 -0.369682685723003     
  0.441033249416370     
  0.242089689769584     
  0.448686643189153     
 -0.337439952803704     
 -0.395844162200323     
  0.424606951517751     
 -0.351023861271622     
  8.836761674738992E-002
  -1.91919772983476     
  0.646379930782109     
 -0.160591745839960     
  0.499892503558125     
  4.263542565456337E-002
 -0.532419384610460     
 -0.194680401386155     
  0.403298218004249     
 -0.601438187169089     
 -0.136740827589342     
 -0.374137373855803     
  0.428704208633053     
  0.274802745550795     
 -0.703652367071654     
  0.903663639603744     
  4.852403561651256E-002
  0.412523176025546     
 -0.251707985075132     
  8.998378242470383E-002
 -9.706993897449806E-002
  0.386312301191764     
 -0.482059877172404     
  0.323996984810694     
  0.447374743339927     
  0.119145928049247     
  4.840064458252206E-002
 -0.136938813644236     
 -0.465617042627103     
  0.145921345606100     
  -1.50768596562797     
  5.824212396286979E-002
  0.682028304413122     
 -0.158330763116444     
  0.292958173104865     
 -0.485472413051539     
 -5.227331526882710E-002
 -0.166084621705710     
  0.384791053981230     
  0.160309771015603     
 -0.528923398395567     
  0.194606981803295     
  3.565160528409739E-002
  0.459907362099029     
  0.135959863616887     
  0.181410859118072     
  0.178183961973032     
   1.11229057891099     
 -0.836344784108404     
  0.191456504643174     
   1.04643957265428     
 -0.799749764583641     
  0.712021790055734     
 -4.863655999410506E-002
  0.137126166975291     
 -0.162329737478302     
 -0.748245659634168     
 -0.208881108552557     
  0.576023307901514     
 -0.659791295054886     
 -9.162529064935254E-004
  0.338107777992728     
 -0.227388477691777     
  0.779779614027010     
 -0.811986693472595     
 -0.241907035145704     
  0.836825007083406     
 -0.613955292051045     
  0.670707111896715     
 -1.042514662066959E-002
 -0.267920197894712     
  0.781697770324872     
  0.738401798172294     
 -0.441173000081784     
 -0.386789286017598     
  0.436832060267539     
  -1.14547902346106     
 -0.779256842247801     
 -0.307790444020436     
  0.466248984853462     
 -0.162673961021878     
 -2.098455185587822E-002
 -0.951410926557239     
 -0.333574384825530     
  0.122113415261897     
 -0.507443417182154     
 -0.488819064493081     
  0.834157358751052     
 -0.461843814074943     
 -5.748528621596710E-002
 -0.305048689638789     
 -0.268438572293332     
 -0.261347697245066     
  0.512348951702411     
  -1.17635931737407     
  0.224500424584592     
 -0.185201327476539     
 -0.346882353560230     
  1.236983754988496E-002
  9.978825703746197E-002
 -0.231969837082593     
 -0.104869249683929     
 -0.128900931821630     
  8.431699574990884E-003
 -0.296208291584387     
  0.349036208017194     
 -0.272527950977811     
 -2.664911332471208E-002
   1.07979207488768     
 -0.709882719153767     
 -0.331040974454340     
  0.756888201216788     
 -0.135506808664539     
  3.726432201923544E-002
  0.285072636325543     
 -0.619754333355735     
  0.406028815178505     
 -0.173902945286937     
  0.352747086468583     
 -0.227090045013181     
 -0.506008956738020     
  0.276638811153550     
  0.219095535170300     
  -1.15297360876881     
  0.280269606963859     
  0.517319460641476     
 -0.281640275217040     
  0.185739436930497     
  0.379522641721511     
  0.199610695224768     
 -0.333913171749169     
  0.195475239418690     
 -1.301411505812963E-002
 -4.795083103983776E-002
  0.208920094895031     
 -0.127691349753031     
  0.432939009373399     
 -0.473131685809844     
  5.956846452375895E-002
  3.651284447806783E-002
 -0.204620660275235     
  4.747390139719742E-002
 -0.230316834960168     
  0.427782518006669     
 -0.180540868380128     
 -0.201634959968910     
 -0.168969186488101     
  0.167832055376440     
 -0.206671985034246     
  0.133391325257711     
 -0.121090244394521     
  1.567136847635199E-002
 -0.112012565480522     
  0.190730680195327     
  6.352706526746091E-002
 -2.011242481898053E-002
  0.119302961666994     
 -0.228821777020064     
 -3.879169388922672E-002
  9.956287159210256E-002
  3.237547169197789E-002
 -0.340142776905724     
 -0.158362970032753     
 -0.317505215953408     
  6.715687874869133E-002
 -0.205341547106582     
  0.304157152202280     
 -0.268160467189817     
  7.564658815769422E-002
 -7.914490847011159E-002
 -1.802395342192439E-002
 -0.100166235777799     
  0.264480472840919     
  0.131142013830716     
 -0.236997259311399     
 -3.149112448545961E-003
  0.281565708912985     
  0.529820290817260     
 -6.736793386946019E-002
  0.370670270805019     
 -0.193777251426956     
  0.203668657362481     
 -3.182723815297182E-003
  3.225641937231887E-002
  6.843346932245216E-003
  5.529480529461902E-002
 -6.467320876037982E-002
  0.868766450059310     
 -0.130657075706871     
  0.598801549838073     
 -0.303499810736228     
 -0.401034604460626     
  3.066487441555443E-002
  0.368712430370839     
 -0.513393128349281     
 -0.296162510162668     
  0.921645729261922     
  0.226090873229045     
 -0.344585477348828     
 -0.252074449355764     
 -0.253958695479612     
  0.166102754633786     
 -0.537671883719614     
 -0.826185163374784     
  0.180657281753177     
  7.135219316675248E-002
  0.246288065187715     
 -0.265863914349243     
 -8.956863980138256E-002
  0.125602343445517     
  0.403591903616285     
  0.351626650532248     
 -0.883210372741785     
  0.131818156356119     
  7.652238368995813E-002
  0.249491716156960     
 -0.397278824281692     
  0.226657193680846     
  0.524708722030538     
  0.346598715171394     
 -0.503791248461192     
 -0.435203271148884     
  9.889399907614345E-002
  0.719417837012334     
 -0.111635403470419     
 -0.670100824868346     
  0.656005208704852     
 -0.912966846444602     
 -0.436772601044522     
 -0.235723103945786     
 -2.893600075586661E-002
  0.614446734991375     
 -0.148211439162822     
 -0.419502892820448     
  0.229337304529767     
  8.876564595504458E-002
  0.613336105897796     
 -0.428615253670114     
  3.419234694607040E-002
 -0.119346773709144     
 -3.680741154570626E-002
 -0.429730189818685     
  0.330285558415296     
 -0.328635973615816     
  0.486398933804723     
 -0.191260021108467     
 -0.167981314840274     
 -4.379874840049297E-002
  0.167158075499658     
 -0.126924531493670     
 -8.940900562437105E-002
 -0.152281095938922     
  8.101715892754556E-002
 -1.190730452317337E-002
  0.358746382497500     
 -0.485605538266314     
  0.703739305458980     
 -0.121161910554686     
 -0.257879510656941     
  0.153199125896534     
 -6.131388809934676E-002
  0.197005945982696     
  5.866115509218506E-002
 -8.590953194557206E-002
  0.187710640450977     
  0.119112706755229     
 -0.177559838293590     
  0.138245542448290     
 -7.835132256820236E-002
 -0.143901270221808     
 -7.238491239825910E-002
  0.384850972296407     
  3.082839715890102E-002
  8.535389381216146E-004
  0.216169141690671     
 -0.393768165131146     
  0.234806942987936     
 -0.127480134338405     
  0.268272255631944     
 -0.166651446154443     
  0.186058805380796     
 -9.720329590529311E-002
  0.213910757620146     
  0.443847923586586     
  0.264887985615429     
 -4.777698515392987E-002
 -0.260547780344962     
  0.469927878349878     
 -0.129815868447980     
  0.439409530289701     
 -0.240545153700359     
  0.157067105359550     
  1.283267625585412E-002
  1.967485486889406E-002
 -0.112366956719626     
 -2.719241436877065E-002
  6.095934521014926E-002
  5.122140136266510E-002
 -0.329124775282692     
 -0.322377018777094     
 -4.291705522646422E-002
  6.406304379605504E-002
  0.117520623321976     
 -0.144842557914987     
 -2.162096400446812E-002
  0.138209120260213     
  0.200209401791553     
 -0.205921220698701     
 -0.324756904716671     
  0.624240250387768     
 -0.271427295267328     
 -0.210555309533854     
 -0.176903340441842     
  0.205762848711281     
 -1.424624995744766E-002
  0.344000016237307     
  3.672249414026352E-002
 -5.027856291206085E-002
  4.621824614192711E-002
  0.627770837129129     
 -0.188932385357474     
 -7.008556002248753E-002
 -0.104145731635575     
  0.291053544193660     
 -2.601992863655603E-002
 -9.470403604464639E-002
  0.103666619684296     
  3.910868663492350E-002
  3.235616458678163E-002
 -0.189485248496311     
  0.363843849803314     
 -0.400588986619696     
  0.178763647608724     
 -0.430440446913030     
  0.101882225266600     
   1.02984699846908     
 -0.776694643182589     
  0.580409965521350     
 -0.972081643771000     
  8.052296077495849E-002
  0.161942199119442     
  0.175629037841097     
 -0.263008912701959     
 -5.799278954918832E-002
  6.531461340366518E-002
  8.029117780299765E-003
  4.935362516150298E-002
  0.311427089525503     
 -0.114134288718593     
 -0.610054950005102     
  0.958724772121829     
 -0.422725447632327     
  0.268457675879587     
 -6.667611088274138E-002
 -0.369014537165933     
  0.417485726128479     
  0.208817698658798     
 -0.183867576503734     
  0.331941980847713     
 -0.130015778636174     
  0.279143684138449     
 -0.139524200508053     
  1.689916714994777E-002
  0.120356314292654     
  0.103424485574248     
  0.140909756762840     
 -0.224857593604445     
  0.426773025906334     
  0.131065055535904     
  0.708150976954471     
  0.351596365893476     
  2.137575064362549E-002
 -0.259620237691453     
  0.159595544696569     
  7.217465724021895E-002
  7.205353394355912E-002
 -0.157593124494324     
  0.114371839793985     
 -6.397818272417141E-002
 -0.231363537397997     
 -0.326068959557812     
 -0.507746436878551     
 -0.265051712179939     
  -1.27782856438070     
  0.750845220582114     
  9.821400389661886E-002
  0.137367370596697     
 -0.401514856915597     
  0.617564087834908     
 -0.134665793497108     
  3.605944577914630E-002
  0.148250872175173     
 -0.857130703977841     
 -0.353652556171691     
 -0.562851470099890     
  2.205169697787277E-002
 -4.329560159537293E-002
 -0.227758994923023     
 -0.180356631760491     
  0.669931807244867     
  0.425805669685662     
  -1.40771091644345     
  0.147929228153389     
  0.340207330663586     
 -0.787862988761399     
 -0.909756577919767     
  0.573568825326641     
  -1.44538390195120     
  0.704829685910440     
  0.502029941240294     
 -0.538932440678748     
 -0.237309368369451     
 -0.360400561741496     
  0.238216506201960     
 -0.292930013037237     
 -8.697841869035042E-002
 -0.182692475238848     
 -0.233454915427662     
 -8.093051597155095E-002
 -0.218255772868845     
  6.033092100038974E-003
  0.439739997751874     
 -0.850996119474379     
  0.504642656343932     
  0.445960513700362     
 -0.191837675657698     
  0.784893179755181     
 -0.212118721099356     
  0.506782529999015     
 -0.269585068379069     
  -1.15357201026654     
  0.316030090748631     
  0.414583587540420     
  0.880111748072867     
  -1.54404088531089     
  0.942590725902073     
  -1.07384747857824     
  0.145142381508387     
  0.370158159212228     
   1.14314208777723     
  -1.17323346328692     
   1.28732135550319     
  0.196019965190523     
  6.445333291747152E-002
  0.445948525804368     
 -0.404356472103272     
 -0.334880831854730     
  0.436757735071857     
 -0.859730783192512     
 -0.426598564511756     
  0.501963161713398     
 -0.328496990594838     
 -0.482723007196633     
  5.090178716193123E-002
  6.411605354127493E-002
 -3.238808674960392E-002
  0.368495923192600     
 -0.255220990293739     
  0.391624302864648     
 -0.259046753149541     
  0.122104683442745     
  0.819374585516775     
 -2.995387182114270E-002
  7.807750031331746E-002
 -5.143576423621604E-002
  0.971698310430018     
 -0.377680946065225     
   1.12432208135546     
 -0.486042237311180     
  0.528702236835586     
 -0.440190996019383     
 -0.225164766717568     
  0.235827293639092     
 -0.114012084186264     
 -0.311415698977527     
  0.166558342356223     
  0.511655016297001     
 -0.396535286707641     
 -0.470360376853366     
 -0.196603130188091     
  0.169655781283526     
 -0.589539740948706     
 -2.960652692643961E-002
  0.691576593682837     
 -0.770768565197213     
  0.175211566182453     
 -0.101413888654069     
  0.636925580289916     
  0.266356083574164     
 -0.256380543774081     
 -0.495928109338749     
 -0.156403583798242     
  0.366718871512843     
  9.611732521519345E-002
 -0.193619811504152     
  6.986250058494230E-004
 -0.166640476833467     
 -0.359983954959530     
 -0.175836513439637     
  6.481860013216004E-003
 -1.148822832816858E-002
 -1.492482890507482E-002
 -0.259535631424934     
  0.282551503125196     
  0.184427140547845     
  0.333091310077077     
 -6.154863832706670E-002
 -0.164622725355647     
 -4.697252612212285E-003
  0.343572730599208     
  0.415596654504320     
  0.204698529659175     
  2.848835165526932E-002
   1.04019352567153     
  -1.20796740446898     
   1.17587169350154     
 -0.414264847748584     
  0.254408124598690     
  0.114590790737283     
 -0.435842837333062     
 -0.198754556490014     
  0.385888610206948     
  0.550712485494813     
 -0.323159199740902     
  0.754581637004852     
  0.278231057003506     
  9.089757707461280E-002
  0.174992885663951     
  0.336542685067307     
 -0.283991080891179     
 -0.887368382499249     
  0.652069850191404     
  0.136786178553269     
 -0.214555283316488     
  0.454008014807809     
 -0.127925689083254     
  0.354396556078179     
 -0.337951597020802     
 -0.249372168465458     
  9.828525915562367E-002
 -3.927941931210771E-003
 -0.272598490808873     
  0.613106570975245     
 -0.658579875216793     
  0.614197435631331     
  0.192607920460583     
 -0.621871374746502     
  0.707775956036440     
  0.348610001253492     
 -0.546219330752183     
 -7.306508181321256E-002
 -0.353984715592214     
 -0.575097892728182     
  0.451819987745121     
 -0.501934034483656     
 -0.260022610623724     
  6.415788905068050E-003
  0.119221397583680     
  0.475154397953936     
  6.606670844893932E-002
 -0.140342133281718     
  0.546018124609741     
  0.660729982496676     
 -0.638837193695511     
 -3.260071504899142E-002
 -0.380696246540631     
  7.043009329632564E-002
 -0.309688795252633     
 -0.109576494149899     
  1.810006665257786E-003
  0.399451879567984     
 -0.364143067492792     
   1.33233956606372     
  2.526471058962461E-002
  0.227703354766152     
  0.261603818736436     
 -0.264581292621214     
 -0.787684637500515     
  0.581963892578087     
 -6.153096282524651E-002
 -0.186702518352277     
  0.297505582637318     
 -0.460708212430179     
  0.120632004097582     
  0.239858049944032     
 -0.476787365160525     
 -1.683414426336474E-002
  0.157661416358917     
 -0.539285886396013     
   1.24774852182723     
 -0.487680251541362     
  0.217486874956995     
  0.129245219124435     
  0.472671796829183     
 -0.406109917318749     
  0.730964970493412     
  0.459060159445569     
  0.355795740983769     
 -0.291034162838265     
  0.363783507578946     
  0.377589514275731     
 -0.111479420773450     
  9.317570780931578E-002
  0.244500012680670     
  -1.21654523356781     
  8.993027048992044E-002
 -0.111436282735829     
 -0.399769727540301     
  0.250463579453546     
 -9.903210836564134E-002
 -0.290419340881083     
 -0.333082304630938     
 -0.209158355008294     
  0.210871611352902     
  0.307269185244707     
 -0.137741743772768     
 -9.664541549245849E-002
  0.408554649221344     
 -3.780925950491349E-002
  0.323397066940098     
  5.911346543677357E-002
 -0.271251330519306     
  0.497014392298919     
 -0.138097517909078     
 -4.362499378141983E-002
  6.369596608932636E-002
 -0.100623612478555     
  1.576318174059730E-002
 -0.286664631281352     
  0.285007625943207     
 -0.314520330316261     
  3.307588399248780E-003
 -0.106993152948720     
  0.275685369514043     
  0.121737099507057     
 -0.258326349533369     
 -0.128502057953715     
 -0.375915592462422     
   1.24430312076147     
 -0.416634898963499     
  7.803349248730816E-002
  0.423094001844051     
 -0.275755541880597     
  0.130963969434769     
  0.120886378780788     
 -4.045841831569264E-002
 -5.573551996555390E-002
  7.129012088379931E-002
  5.099659026147754E-002
 -0.112570130326696     
  0.144888284551432     
  0.400343528686691     
 -7.455632348088945E-002
 -0.531428885616422     
  0.231790605626204     
 -0.234147931931373     
 -4.581354616288638E-002
  0.186216414745197     
  4.157682601438464E-002
  0.222031837105996     
 -0.279669692257779     
  0.374587480000925     
  2.124749037192623E-002
  5.154116912441233E-002
 -9.353769469793394E-002
 -0.100544588864376     
 -0.242940920681101     
 -0.250098888055095     
 -0.534776873068504     
  0.619027870650539     
  0.209537595294759     
 -0.549484394996984     
  0.124218580535028     
  0.720400492072100     
 -0.246735833361998     
 -0.516002673543095     
  0.334310595092007     
 -0.545667465496295     
  0.617786803184619     
 -0.338389966885886     
  5.996616766163464E-002
 -0.464265850633789     
  0.328991799828572     
  3.189479968823083E-002
  6.351560757074105E-002
  2.982303014881556E-002
 -0.435773550677927     
 -0.178550619661699     
  0.377828109628778     
 -3.222336859527416E-002
  0.548107185560214     
 -0.294465448171538     
  0.262591755352778     
 -4.178539753863171E-002
 -7.374087205686539E-002
 -0.375434019432353     
  0.111423857934771     
 -0.272900193129447     
 -8.201690672934102E-002
 -0.180737205988722     
  0.111379397160301     
 -0.308092812951676     
  9.914466195368238E-002
  0.399234248028352     
 -0.218514701970853     
 -0.872851369299298     
   1.34462160548720     
 -0.549815107198681     
  0.752960291984680     
 -0.657519517811360     
 -0.173358596099443     
  0.129640378505719     
  6.143201980701678E-002
  9.993685120463500E-002
 -0.240702533684831     
 
 -0.566834206160594     
  0.787875349081624     
  0.394509512957589     
 -6.165843090978676E-002
  0.108747047423707     
  4.130053833182161E-002
  0.448305151970799     
 -0.812381550428969     
 -0.133434401879227     
  4.215419650067231E-002
 -0.688281653607710     
 -0.652702943839964     
  0.845633173786851     
  0.684917598521606     
 -0.624371268695271     
  0.197206937922304     
   1.00730198925827     
  -1.19569967178409     
  0.668648603529821     
  0.364384628117040     
 -0.540444491437275     
 -0.988444465160180     
  1.128567032676787E-002
  0.636291311859559     
  0.607232189707992     
  0.682752108706355     
 -0.402862481245286     
 -0.406247025045981     
  0.497096605173040     
  0.368811401493113     
 
  0.115282286393878     
 -0.216680732762257     
  0.425407825108072     
 -0.315877825302870     
 -0.156882829210837     
  0.410075854014353     
  0.202687879276271     
 -0.540494950060879     
 -0.287275909984723     
 -5.143141747489682E-002
 -0.294538960272162     
  0.228589108230953     
 -0.269342182792878     
 -0.135777155201236     
 -0.171554641950922     
  0.184129954018677     
  0.488872596933680     
  0.122423530478439     
 -6.972761966571496E-002
  9.009489174471212E-002
 -0.349929377225477     
  0.132482249722840     
  7.786290735995514E-003
 -0.344259543809066     
  3.083203257838490E-002
  0.410856975297176     
 -0.124021493992070     
  3.676731204371774E-002
 -0.225042473981117     
  8.139309220545827E-003
 -0.131122318830555     
 -0.159928850114425     
  9.924430146693979E-002
 -0.174588372713232     
 -0.476704012262614     
   1.01835388644580     
 -2.415279062166637E-002
 -0.194900268196789     
  0.818209315176179     
  8.626193301057401E-002
  0.644867620201114     
  0.910135499585179     
  6.369554512147352E-002
  0.319613482741085     
 -0.795917580982463     
  7.070123840488587E-002
  0.329353905004553     
  0.127164467922489     
 -5.421760461636822E-002
  -1.55479177379968     
 -0.491637584689131     
  0.199594165752056     
 -0.936581792479446     
 -5.182770053685286E-002
  0.204773508724987     
  -1.45907839107848     
 -2.970584110876215E-002
  0.760451406780061     
 -0.466966271610158     
  0.251498757872042     
  0.405432342623927     
 -0.938109264329267     
  7.128267453100812E-002
  0.314702116426340     
  1.415102280100671E-002
  0.297108460497840     
 -9.826385415997828E-002
 -5.630774999585753E-002
 -0.842480645451215     
 -0.292477234232636     
 -0.629371355772024     
  0.108155715473309     
  0.789679011776818     
  0.225970314679111     
  4.149045758833730E-002
 -0.493905502123773     
 -0.608744226870641     
  5.476313166314023E-002
 -0.312174000090630     
  0.194436937390433     
  0.355056455444115     
  0.468785141363536     
  0.309720160532451     
 -0.939819476111214     
  0.608430402651080     
  0.259234181579380     
 -0.106983739774395     
  0.351019065507456     
 -8.373294561096205E-002
  0.158470593911167     
 -0.868946987641746     
 -0.994749958217038     
  0.666000785360785     
  0.669946751712207     
 -0.774983872191145     
  0.146259140628662     
  0.232576278080345     
  0.113925782686993     
  8.381833305279679E-002
 -0.502656352313659     
  0.944006382999880     
  8.893668344043759E-002
 -0.473059439439636     
  0.400675533111591     
 -0.346370158203842     
  0.934365507519461     
 -0.189989858212127     
  0.431763826232700     
 -0.336028594984587     
  0.299493684469043     
  0.855601074441162     
  0.217279809807321     
 -4.968939651726451E-002
  0.656649863034444     
   1.20443144691232     
 -0.233535639357354     
  5.881243803930671E-002
  0.294968063875216     
 -2.704076121772525E-002
 -0.452783091157071     
 -0.315686190852415     
  0.958899652536230     
  0.788643015927041     
  9.772831938866113E-002
 -0.117623567395315     
  0.478692442213269     
  0.230592229466063     
  -1.73592664425420     
 -9.198944256293061E-002
  2.179911142906570E-002
 -0.191526948866081     
  0.648568133397758     
 -1.087106097313637E-002
 -0.173191511215633     
  5.561934106879801E-002
  0.186974091024601     
   1.04074693998732     
  0.169943966431583     
 -0.420175930626570     
  0.361295590220926     
 -0.285088075954235     
  0.573366605794852     
  6.772402118357358E-002
 -0.781200077884856     
  0.494523822507632     
  0.513869885895933     
 -0.191744752362264     
  0.219521775986405     
 -0.219216047536890     
  0.200173164670006     
 -0.242087801106457     
 -0.562875629173046     
 -0.133101790711433     
 -0.134107256230436     
 -9.658394511075508E-002
  0.404034453259047     
  0.304126217939999     
 -0.295234533927186     
 -0.105436885431072     
 -0.840972241819735     
 -7.793283475129817E-002
  6.231954463921139E-002
 -0.337796535564345     
  0.245779118628427     
  0.254004418006728     
 -0.159435356233991     
 -0.786475539084156     
 -0.424334758770954     
  0.606101833473244     
  0.612829300214978     
  0.123221850079244     
  2.308688718031704E-002
  0.865691288860426     
 -0.195815376083925     
  0.674642827873741     
 -0.776170888388074     
  8.712175377713705E-002
  0.386007284034923     
 -0.211280715960127     
  0.163769854095318     
  -1.30864688082461     
 -0.712993117462939     
  0.359475731116425     
 -0.425225569937553     
 -0.252830734077078     
  0.724324144268806     
 -0.738525342349949     
 -5.659752473683726E-002
  0.980397321801452     
 -0.887935744205351     
 -0.652231941133603     
  0.178583666680341     
  0.853127474255229     
 -0.313839187737309     
  0.261207076030659     
  0.748287971086177     
 -0.209958638877030     
  0.798849649150270     
 -0.153434369932696     
  -1.07579120854130     
 -0.449757725079040     
 -0.659289614802179     
  0.290906899164915     
 -0.149962559539435     
  0.610510708969835     
  0.762064644954695     
 -0.154005116026263     
 -0.657699011231069     
 -0.835228249202115     
 -0.565354766797747     
 -9.884826552184610E-002
  0.289815945807102     
 -0.203132377673271     
  0.384382294121811     
  4.409532010165437E-002
  0.222263691700614     
  0.654231620973686     
  5.842894229805112E-002
  0.232253411848266     
  0.513481218965889     
  0.124853674679887     
  0.292669032184060     
 -0.584103823548884     
  0.378279459168883     
  0.178971485095321     
 -0.116317824436065     
  0.896239027307522     
  0.102167551354862     
   1.67960520492602     
  1.820274188273942E-002
  0.691496754250781     
  0.271409269218928     
 -0.206137861886915     
  0.128299361954013     
 -0.870604358424162     
  0.116382247314632     
  0.121835740562606     
  0.109818408059527     
 -4.505505868635275E-002
  3.584053283563834E-002
 -0.425590514658967     
 -0.128054640113615     
  0.826689097365973     
  0.108724672317851     
 -0.817348714475302     
 -0.174933120901547     
 -0.325220068564301     
  0.370920147076931     
  8.549313536496803E-002
   1.17074948008130     
  0.970336492245233     
 -8.082079272132672E-002
  0.999494164856090     
  0.783463118166774     
  0.104978502229633     
 -0.825118753572558     
 -6.162851444129090E-002
  0.217147086822429     
  0.251620484762154     
  0.516711054800506     
  0.366574919935906     
  0.900172834863610     
 -0.125090911323826     
  2.990132314892650E-002
  0.438929755442403     
  0.396274960444588     
 -0.315659811403287     
  0.718618472389426     
  0.404641667922918     
 -0.344859139677925     
 -0.385479968562903     
 -0.952872147014786     
  0.116942731317943     
   1.47623792362663     
 -0.494924449544474     
  0.658187582783849     
  9.664660943701729E-002
 -0.835957021423345     
 -0.928284913524619     
  1.796048510980031E-002
 -7.955413605997096E-002
  5.465498661191702E-002
  0.654174376981946     
 -0.550469555359923     
 -0.116660592880325     
 -0.665863414550241     
 -0.949418445971441     
  0.492815576458813     
 -0.169479444264077     
 -0.530020440213582     
 -0.738977181228570     
 -0.142890314839042     
  0.858989692393557     
 -0.314624001388113     
 -0.349821825987101     
  0.944563164993329     
 -0.530140395634996     
 -0.289565209059604     
  0.614903717506404     
 -0.681156883746518     
  0.572532690953135     
  0.695552561159637     
 -0.559994562262761     
  0.127536749178986     
  4.482193462858396E-002
 -0.630560623288417     
 -0.100947407877211     
  0.620920019165859     
  0.546889057153604     
  0.892967890002234     
  0.179248050820288     
  0.705679127570232     
 -0.616461708232413     
 -0.236270657541586     
  0.463373338089063     
  0.128720641006890     
 -0.316572934788654     
 -1.857273278402366E-002
 -0.351410228993554     
  0.610962429946904     
 -0.853018622403955     
 -0.766711916507200     
  0.550603990210939     
  0.409651223612996     
 -0.930751719617136     
  0.702290974327804     
 -0.186289401363083     
 -0.233428627912093     
  0.445715135586188     
 -0.430700215242442     
  -1.15423061234552     
 -0.911979796681528     
  0.262509583004110     
  0.287776915941436     
 -6.132270070186986E-002
  4.355665128819042E-002
 -0.585794089264557     
 -0.818422190747328     
  -1.07940970200845     
 -0.628271667681529     
 -0.188786319297973     
  -1.12568519605281     
  0.124025340504814     
  0.151104509781574     
 -0.220226092607470     
 -0.370127824042899     
 -0.796391212497104     
  0.117376802548724     
 -0.325183305265285     
 -0.678197178495693     
  8.802897742759863E-002
  0.999671380161144     
  0.867648313517721     
  -1.15465696173601     
   1.22130472432617     
  -1.78737908448597     
 -4.484104502069240E-002
 -0.386134881823866     
  0.132337771619593     
 -0.289246834375360     
  0.634389709594886     
  0.393056042670045     
  0.506241884359409     
  0.118709511568900     
  -1.71935746738719     
   1.40412679356988     
  0.503497438073298     
 -0.116996516014297     
  0.522829411677432     
 -0.939971524617138     
 -0.409206076289898     
  0.240512262116185     
  0.303532786986723     
  0.266503582751615     
 -0.273674985249810     
  0.601760674513626     
  0.642048358121838     
  0.273582683528227     
  0.396234314807896     
  -1.89810912865619     
 -0.296803668608894     
  0.182032461387824     
  -1.22909162768544     
  3.164794213264163E-002
  0.226312780639956     
 -0.652466618728273     
 -0.401119564398641     
   1.41649840276642     
   1.33776857518984     
 -6.118747962298534E-002
  0.132859778827062     
 -0.476127788646174     
 -0.189443803574365     
 -0.162887055801106     
 -0.167272952569974     
  9.801380920122621E-002
 -6.881324390239744E-002
 -0.183113222916478     
 -0.270526415283627     
  0.537862725499497     
  0.371859990694328     
 -0.501745687179254     
  5.946814750946480E-002
  0.678704102117053     
  6.360531831540304E-002
 -0.317025685038067     
  0.829548787858835     
 -0.138791625251584     
   1.82611834669315     
  0.761353478422932     
  0.270441790804391     
  0.363303132972458     
 -0.131190600412532     
 -0.376844557810121     
 -0.466786675584700     
  0.292285243983960     
 -6.010404040389802E-002
  0.306071910861945     
  4.520774168300067E-002
  0.140404683159950     
  0.863164943281387     
  0.294822852855419     
 -3.084508560779710E-002
 -0.299855421439369     
  2.468842056946939E-002
 -9.928399240060939E-002
 -0.298874124673736     
  0.309561725729451     
 -0.399413219213756     
  0.904404734422514     
  9.156061587486417E-002
  0.103563582312583     
  0.496287696531991     
 -0.313671181031893     
  0.116088194317208     
 -0.594216234525053     
 -5.656821881678220E-002
 -5.909436124305885E-002
 -8.264132762421758E-003
  0.810006939213752     
 -0.735253916314776     
 -0.352540378634656     
 -0.166796269476206     
  0.474936123909087     
  0.856528662607051     
 -0.745363609908718     
 -0.363788154267838     
 -5.578225615767059E-002
  0.230158861345182     
 -0.126189166513540     
 -0.492617401008975     
  -2.04975178158920     
  0.254635011536184     
 -0.381751308579047     
 -0.240672869949345     
   1.10124533131216     
 -0.283638873940462     
 -0.462175767893652     
 -0.767778889009912     
  -1.35345793597815     
  -1.42373366085987     
  0.239061311533370     
 -0.103738501440579     
 -0.868025657513306     
 -0.328917671110460     
  0.396693127400429     
  0.189261667560174     
 -0.218036895949197     
   1.20271245530900     
 -0.747357804364331     
 -0.783892901248829     
 -0.123128616217188     
   1.21600535316949     
  0.258042299134398     
  0.377574573108729     
  0.188094112302768     
  6.089833583391810E-002
 -0.147172473561875     
 -0.753505624193588     
  0.227538187421055     
  -1.21019583975314     
  0.522723666028748     
 -0.323745009266765     
 -2.911693595684626E-002
  0.429251899111083     
   1.30603278158946     
  0.860973530163332     
  0.331049934943280     
  0.424413192740896     
  2.515354406993622E-002
 -0.120408403762229     
  0.691860944136570     
  0.531329849892024     
 -0.227487344177484     
 -0.529613383822873     
 -4.795951524600885E-002
  0.939803818622357     
  0.763437278085873     
  -1.02392140718350     
  -1.70272898248548     
 -0.479800264103929     
  0.385426816774678     
 -0.376050725655048     
 -0.766502593228002     
  -1.74273147105072     
  0.728587706288926     
 -7.993133764491996E-002
 -0.883371969722863     
 -0.693215341972365     
  0.206679240743926     
 -0.142524185622167     
  0.438124656357438     
  0.518425988320778     
 -0.347702477844657     
 -0.114788139981982     
  8.555509260372743E-002
  0.896817567685369     
  0.291363198215891     
  5.049151863175743E-002
  5.644020914203872E-003
  0.312489838035474     
 -0.625918782239967     
 -0.180890277691526     
   1.49518578605218     
 -0.810978703522608     
  0.896783189220825     
  0.198780750127723     
  0.533219754677630     
 -0.289618069715689     
  -1.23808720840048     
   1.33816249157802     
   1.10986584348550     
  -1.15812101287070     
 -0.819750260660442     
  0.193315143426150     
  -1.62111055208882     
  0.503912757544028     
  0.116732585664395     
 -1.768279966861587E-002
  2.172901987827378E-002
 -0.791354676832701     
  0.521991664229444     
  0.417510149808731     
  0.198691352732954     
 -1.558444777015900E-002
  2.639493814647104E-002
  7.301530114159976E-002
  -1.02032453403833     
  0.232930789199488     
  0.921461678276441     
  0.231770649468781     
 -0.179483054564592     
  0.134527426079372     
  0.164374406879592     
 -1.344725211897775E-002
 -0.250669022361720     
  0.533671279356445     
 -3.054132717627093E-002
 -0.805001038845977     
 -6.780532530380601E-002
  0.445334053412789     
  0.627961683618157     
 -0.134765637755596     
  0.212742510822820     
 -7.210571337378795E-002
  0.300909740976977     
  0.123267427993683     
 -6.605569051358647E-002
 -5.367277236013132E-003
  0.157360962635257     
 -0.420753434141376     
  -1.67186787696037     
  0.605866968137362     
  0.335068090992300     
  -1.00295297394354     
   1.11020607871726     
 -0.423947735651963     
  0.111089930007344     
 -0.124410143128407     
 -0.471290540454570     
  0.436573888131292     
  0.476469069767893     
   1.12653286096745     
 -0.397256614056006     
  0.158284165280216     
 -0.725763610652829     
 -0.870277229418044     
 -0.135338305636427     
 -0.133210755962573     
 -0.257789573264906     
 -0.302690501126918     
 -0.171542866518675     
  1.109329888340764E-002
  0.310470818225652     
 -0.316039223566455     
  0.149081843647443     
 -0.156418419276168     
  0.782606284752978     
  0.333187563658656     
  2.728557479194176E-002
 -0.416234406869994     
 -0.862808658468730     
  0.314492419972543     
  0.464427402034325     
 -0.259352455926602     
 -7.878094366002980E-002
  0.240850786409240     
  0.242892850376565     
 -0.307274291349745     
 -0.533928743007880     
  0.121449714169105     
 -0.672290725529320     
 -0.183276407858161     
  0.452351450311545     
 -0.468383419881552     
  0.245868303847867     
  6.689346547114856E-002
 -4.095127019884752E-002
   1.19975180279472     
 -0.778155044132028     
   1.28765372231955     
  0.846652230926041     
 -0.592610301337101     
  0.232357915345574     
  0.143956475203215     
 -0.254860910594449     
  0.370857976637992     
  0.452678354267559     
  0.254444842120035     
  0.194338060133966     
 -0.236717276918718     
  -1.06411766103144     
 -7.478827784080053E-002
 -0.428391123473085     
  0.277344385730886     
  0.263175795409435     
  0.620090779678549     
  0.726375930660035     
 -6.272425538797018E-002
  0.490501981469020     
  -1.06694773230975     
  0.663492059277806     
  0.859929122552752     
  0.747715516641623     
  0.434075132375452     
  0.210277949066107     
 -0.108231233414639     
  0.350212262749100     
  0.427513712443618     
  0.313070730684415     
  0.181889358415638     
  0.867115380996682     
 -0.677715194211465     
 -0.414521352628004     
 -3.888047780192386E-002
  0.407865086782161     
 -0.119832457612145     
 -5.065652767919832E-002
 -0.577276336886345     
  0.472573856331815     
  3.085295038922718E-002
 -0.561214536439870     
 -9.562845016457033E-002
  0.303989930872859     
  7.073650775191709E-002
   1.05543645461249     
  0.584657425415908     
  -2.39702256891898     
  7.450095435051467E-002
   1.17148442702664     
  0.759602556879379     
  3.424232729727138E-002
 -0.366236344450360     
  0.346645499745016     
  0.646118426859744     
  0.280396109752472     
 -0.869668346647307     
  0.428725004099834     
 -0.368250714912563     
 -0.951532035481885     
 -0.825213020708779     
 -0.152459943187070     
  0.128928309493189     
  5.839780039584341E-002
  -1.03750366276732     
  0.776923717406476     
 -0.230287675967100     
 -4.344457697412411E-002
 -0.854694013678213     
  0.453287240689518     
 -7.488985461507519E-002
  0.472787843038392     
  0.968922138336834     
 -4.162415135024183E-002
  -1.52320558865696     
 -0.174562111269133     
 -0.210021298394936     
  0.160975088915605     
  0.579725043409442     
 -0.150716126049569     
  0.412117563448491     
  0.457151126238604     
  0.564342007422444     
  -1.05328106555878     
  -1.21927134207074     
 -0.776113715411138     
  0.336300458173580     
 -6.346579260285132E-002
  -1.33306478906744     
  0.978616883130999     
 -0.762493342721002     
 -0.115951635792209     
   1.55673999780655     
  -1.35710215063415     
  0.840242571301706     
  -1.52008446786762     
 -0.259866491548572     
 -0.133551222633626     
 -0.119312366523687     
 -0.801207902905916     
  8.903972341206400E-002
  5.970050614529972E-002
 -0.642903923813061     
  0.121068961329197     
  0.338106756882031     
  6.864152613495661E-002
  0.563411126760813     
  0.175949249589552     
  0.156675581238889     
 -0.323845676159178     
 -0.435378031368669     
  4.013394530019751E-002
  0.325336067831037     
 -0.385513478121129     
 -0.107311995211996     
  0.247103961415119     
 -0.322264761463145     
 -0.126713895989074     
  0.447022264215433     
 -0.684492085270359     
  0.165279226300628     
 -0.598034782641357     
  4.079936914453745E-002
  0.656532958876211     
  -1.10014765725451     
  0.608177906405513     
  0.215715376014918     
 -0.223564625868038     
 -0.157469508858257     
  0.153289276561543     
 -0.401092025447591     
  0.554680579853632     
  0.522172042157663     
  0.606864093227180     
  5.714991653606855E-002
 -0.586597437764674     
 -0.423641417251911     
  0.813345072854808     
  0.172690703377881     
  -1.39301138543418     
 -0.380381071455888     
  0.294228120525120     
 -0.740821913288507     
 -0.334256805680612     
 -7.922032789647088E-002
  0.312176198122361     
 -8.045429284078077E-003
  3.299721159365681E-003
 -0.948826474104988     
 -0.280395187505835     
  0.181359076702520     
  0.381674042508926     
 -0.738028598878142     
  0.479579828111672     
  0.589245168573467     
  -1.01082701767927     
  0.288230001946571     
 -4.609873821740104E-002
  0.218844451548781     
  0.200610602064515     
 -0.536635366827066     
  0.679917882436037     
 -0.322912768003813     
  0.144264290211489     
   1.22205787445648     
   1.02031319663650     
 -0.114695088803509     
  0.216538016900110     
 -0.250498519327711     
  0.785520568860502     
  0.297606503584947     
  0.297607043726033     
  0.167832349086434     
  0.210312328627765     
  0.488076572968820     
  0.632184140697202     
 -0.288059883950262     
  0.105748259503270     
 -0.935231556320690     
  -1.10897720052478     
  0.277675111163334     
  0.160404024355475     
 -0.727749351708882     
  0.596235561234889     
  0.310065789091907     
  0.111484371394256     
  0.351707063833357     
 -0.415661881552545     
 -0.434923105319533     
  0.413219059339264     
 -2.012978804241866E-003
 -0.117078313166684     
  0.632042233952426     
 -4.271183932756946E-003
  1.631111480792664E-002
 -0.346454967864280     
 -0.857063724097744     
  0.471271521365638     
 -0.202236257695009     
  0.377463344596910     
 -4.805361667144840E-002
 -0.273286407906416     
 -0.652856003457776     
  0.794088257739074     
 -0.192454433947612     
 -0.303523002678057     
 -0.207047759734292     
 -0.223455405225380     
 -0.810407703164683     
 -0.246042269226325     
 -0.147550913147776     
   1.14355390082261     
 -0.542626996515574     
  0.767689077913571     
 -0.739477199078549     
  0.555178381498506     
 -4.408443739496742E-002
  4.749581001743991E-002
  0.481585274883170     
 -4.503744114488450E-002
 -0.242163770015238     
  -1.27479545631170     
 -0.437920184222301     
 -0.868414138441670     
 -3.790027626384123E-005
 -0.412743253502891     
 -0.159251087406570     
 -0.373360864483355     
  1.391010989084282E-002
  0.199453390018638     
 -0.705835437600561     
  8.159055899248978E-002
  0.903627026475944     
 -4.054191750829420E-002
 -0.430910470712050     
  0.371374192085271     
   1.15229754665184     
 -0.526971367886458     
  1.747734642173956E-002
 -5.894129959786245E-002
  2.983612295066430E-003
  0.526013809857657     
  0.928372862963918     
  0.177146378375815     
 -0.494433681417680     
 -0.183388846399830     
   1.02466530595198     
  0.259780058813498     
   1.11321814033180     
  0.728406256265442     
  -1.11104848884441     
  9.810583221977046E-002
  0.570554157419091     
  1.856080577463849E-002
 -0.100608238378385     
   1.24168982253976     
  0.751668160836670     
  0.383161478913019     
  0.146544156720840     
 -0.131108550157387     
 -0.579818519372397     
  0.605024008737999     
  0.949008372209283     
 -0.619072165037667     
  0.315843099202309     
  0.230994069017525     
 -0.265328337730944     
  0.568714168422040     
 -0.393675775172072     
 -0.547977364946975     
 -0.566093016189957     
 -0.495944916840564     
 -0.448450380789233     
   1.24631536427783     
 -4.129845090847836E-002
  0.501239221382607     
  0.214851938736152     
 -0.226636514091424     
 -0.317582849166830     
  0.133355571802577     
 
  -1.19431634384491     
  0.281953073958852     
  0.257805268684525     
   1.74333347842164     
 -0.459982275704863     
 -0.939896136838952     
 -0.114937409149105     
  0.173862057334309     
 -0.635496687329813     
 -0.126614825142426     
 -0.173682177989446     
  0.143892443850514     
 -0.971593871202991     
 -0.418978710247361     
  0.272392746109020     
 -0.962781445638810     
  0.507858498600833     
  0.371979075391085     
 -0.456033581021847     
   1.15373340151894     
 -0.645836214066600     
 -0.366058344967727     
  0.933144120105782     
   1.46885909865777     
  8.857037484459049E-004
   2.24536506743988     
 -0.627266186809432     
  0.371914015633797     
  0.832830833148424     
 -0.518064248355756     
 
   1.62586689466934     
  0.125448839055049     
  0.465945477450603     
 -0.146303824362195     
 -0.288163729783192     
  0.553015004490712     
  0.362118822806843     
 -0.626337356256307     
  0.416459742797724     
 -0.325035354878558     
  0.596605156384854     
  0.313926319519301     
 -6.847407803101624E-002
  0.744948619568014     
  0.721337924232365     
 -0.110122568374855     
  0.333736260220392     
  9.442507239299447E-002
   1.37826999438595     
 -0.129323482012251     
  0.547782434450577     
 -9.533176078422304E-002
  0.148665769798656     
 -0.159747342269458     
  0.904452683648989     
  0.674427107907458     
  0.254548842472608     
 -0.237874302392925     
 -3.908205869278444E-002
 -0.264268381279141     
 
 -4.823588598161625E-003
 
  tansig  tansig 
