     48 -    30 -    30 -     1 
rmse=  42.5396meV
  0.211813989559139     
  5.482149629406442E-002
  0.494455778936320     
 -0.722168392544365     
 -0.467718752918952     
  6.738604886053014E-002
  0.500735367313922     
 -8.468398076599418E-002
  0.296682404640702     
  0.220570520749500     
  4.650257984031188E-002
  0.566669906969935     
  2.404339325626170E-002
  0.555195195070742     
 -0.162983790334130     
  0.107531476444381     
 -0.580349363570998     
  0.148620540627581     
 -0.264730095329571     
  0.629660958538441     
  -1.00115426529586     
 -2.305131219025126E-003
 -0.141057216259280     
  0.154831965182945     
 -0.234962322700624     
  0.183208868113469     
  0.520249002784700     
  0.114954465236664     
  -1.00144875112298     
  0.617085319641123     
 -0.194204935344610     
 -0.492040047788396     
 -6.360473804240850E-002
 -8.828770568057494E-002
  0.394947372803748     
  0.302612535116020     
  9.480968731994609E-002
 -6.007067164686956E-002
  -1.27294061709201     
  6.399413586414264E-002
  0.192674261020768     
 -0.558368313735881     
 -6.568055707060400E-002
  0.214644998876986     
 -0.250081868011767     
  6.071591781294164E-002
 -0.128178387026922     
  6.530712240137475E-002
   1.07230132409919     
 -0.908462673344778     
 -0.892464080658284     
  0.527881656350549     
  0.885189045735034     
 -0.613507021356160     
 -0.613486163629626     
  0.148476115819365     
  0.386311556901182     
 -0.100688589565821     
 -9.865140286555969E-002
 -0.199187070638434     
  0.223935464838168     
  0.169987892690336     
 -0.159563748402542     
 -5.006388300054444E-004
 -0.705670676255212     
  -1.03856593342469     
  0.238503937277737     
 -0.406247996303662     
 -0.138914058544645     
  4.010088466194964E-002
  0.571373483030260     
  4.818125240856962E-002
 -0.219826962310470     
  7.143033052551981E-002
  0.275060770443808     
  0.650809724253575     
  3.902717807629660E-002
 -0.215640776678111     
 -0.266682678485239     
 -4.015778158454440E-002
  0.958860894856179     
  0.609127986783303     
 -0.280479190051943     
 -0.185512673527196     
  0.637568310112183     
  0.193542589664133     
  0.501982835474752     
 -0.239106606275055     
 -0.191455471981702     
  0.568262990501740     
 -0.441496400591592     
  0.457873726159287     
 -0.462565762151188     
  0.180186573567165     
  1.934773972886203E-002
 -2.165824622940923E-002
 -0.425690029749736     
  4.800396806835312E-002
 -3.765991003008110E-002
 -0.291159737235734     
  0.305066816807688     
  0.734386100304718     
 -0.712583223375815     
 -0.314564153964922     
  0.576323929928545     
  0.343555806180354     
 -0.922047144074364     
  0.238346283529930     
   1.41758341759773     
 -0.116435172107945     
  0.157363999427348     
 -0.263026830610648     
 -0.245818352208153     
 -0.150359014403557     
  0.389495643623425     
 -0.706903583864043     
  0.571544897966465     
 -0.340014518012823     
  -1.11742338156576     
 -0.207421552177966     
 -6.368974937726225E-002
  3.053478032858472E-002
 -0.199846968239322     
 -0.171239008961601     
 -0.783334621292555     
   1.06719146337830     
 -0.594414167622161     
 -0.936089717975810     
  0.237017429163677     
 -0.148048713642368     
  0.260961111182627     
 -0.678466641299183     
 -7.655378904131802E-002
  0.464494278843713     
  0.884820550534627     
  0.397897684932057     
 -5.340972697914088E-002
  0.592867246470103     
 -0.158097889884702     
  0.260680159220424     
 -0.214034981185850     
  5.055503221601783E-002
 -0.555258139239373     
  0.940558133508370     
  0.614800315196089     
 -0.226097420714233     
 -0.248726701208787     
  0.461693943450041     
 -0.327413226079399     
 -0.146136577909027     
  4.629256089874507E-002
   1.00818790053452     
 -0.357783496107967     
  0.223284590087453     
 -0.104080205372025     
 -0.312937597802757     
  0.143327503964988     
 -0.158442720046863     
 -0.702369114519785     
  0.151603970702793     
  5.072286028667024E-002
  0.438876771734508     
 -0.172987220957060     
  3.263219857315720E-002
 -0.463130221060527     
 -0.127385709880667     
 -7.543161974419776E-002
  0.399341436904178     
 -0.167492298958385     
 -0.116194776692504     
  0.136122977612756     
 -0.590526062637207     
 -2.794321653950350E-002
  0.123701278197735     
  0.178019896396794     
 -5.150966174467416E-002
 -4.862146067419974E-002
  2.968168410835744E-004
  4.285543580406323E-003
  0.107764340557298     
 -0.571130928192730     
 -0.326405175363541     
 -0.697966421668825     
  -1.06949638038653     
  0.128560271501602     
  4.122094133553804E-002
  0.185386278131165     
 -0.191673537683609     
  0.327903192363244     
 -1.216949101908639E-002
 -0.525508910592634     
 -0.145838066091561     
  0.445714784158495     
 -1.057770981287270E-002
 -0.423994737499600     
 -0.728209821962583     
 -0.375038466108082     
 -7.718200140106490E-002
 -0.193569163545399     
 -8.563189163151912E-002
 -0.133752757458031     
 -6.949064199592900E-002
 -0.446148363615533     
 -0.346408019890304     
  0.980373215717967     
 -0.552988730042293     
 -0.505385553354257     
 -0.481531607061405     
  0.245163059461384     
 -0.131707615313232     
  0.157925628643571     
 -0.488231141379564     
 -0.374912510444251     
 -0.165225621889915     
 -9.614887532481486E-002
 -3.227078793933331E-002
  0.601989749198118     
 -0.702521394081844     
  0.158481788628797     
 -0.255121653371181     
  -1.25553257879213     
  0.428696888329370     
 -0.560310550796682     
 -0.314222641054295     
  0.188129717626329     
  0.138135748365122     
  0.628374508050343     
  0.579710219480376     
  0.352698526788293     
   1.03357062906782     
  0.412283443404937     
  0.229348228971672     
  0.223182635268839     
 -0.198407683212815     
  0.622494898568113     
 -0.439534984170284     
 -0.112679357195955     
  0.399591553475964     
  0.434020494598775     
  1.283140572473040E-003
  6.198569786411582E-002
  0.312386095016568     
 -0.530105488384142     
  3.491746934695582E-002
  0.979108728966581     
 -0.244024840281122     
  3.024289432696562E-002
  0.876952673214342     
  0.290926195100134     
 -0.755831081358053     
  0.929453602993547     
 -0.223920975735605     
 -0.271005770124990     
  0.250446190937732     
  5.756927327179148E-002
  7.396116364584755E-002
  0.431083837682328     
 -7.167687584907984E-002
  0.345895266603752     
 -0.562800852232257     
 -0.319471832051417     
 -0.312160915065919     
  0.641619779093293     
 -0.382709681583450     
 -0.217377638988758     
  8.459708646928626E-002
  0.229262674753229     
 -0.387738415645658     
 -0.487902376580515     
  0.157902138710998     
 -0.286018106923281     
  0.538909609075452     
 -0.955720071299662     
  0.371551146175259     
  0.209917747349342     
 -0.692926550846578     
 -0.234587292724698     
  0.282303660699961     
 -0.219837654761550     
 -0.229873904762043     
   1.01347033644939     
 -0.641818094041805     
  0.341574546600372     
 -0.103682100971774     
  0.360599663336251     
 -0.305598964863864     
  5.485598077083419E-002
 -0.132918836041166     
  0.989101501804562     
 -0.492182326494028     
  -1.36626121049522     
  0.909791336586504     
  0.118497371043684     
 -0.185746507165141     
  0.151589133421763     
  0.717977815710776     
 -0.321041172151293     
  0.250096984977988     
  0.230529387472942     
 -0.445212308316817     
 -0.162903746240738     
  0.594545314362315     
 -9.479470480286878E-002
  8.550090385539987E-002
  0.496134064819876     
  0.123602554998038     
 -9.881705472090249E-002
  0.411426589072269     
  0.446515222932277     
 -0.572537022109284     
  0.897804882771944     
  0.210319577102534     
 -0.997867133799982     
  0.205785341087059     
  0.320008107964771     
  0.320004795162867     
 -0.336281045381201     
  2.459581978940776E-002
  0.437880321198346     
 -5.135869737718559E-003
 -0.385591387028682     
   1.01667946054944     
 -0.499532569892737     
 -0.625087726441043     
  0.193891755332667     
  0.164549358706575     
 -0.514970138498062     
  0.129496918748825     
 -0.131218390458689     
  0.382660315725881     
 -0.382266977502457     
  0.528604124762134     
 -0.436354994347210     
  5.916385276573827E-002
  0.186854006628929     
 -9.366275856200995E-002
  7.565374314421935E-002
   1.35388572353524     
  0.921572795184900     
 -0.262348861382166     
  0.767459886017909     
 -0.517618721114538     
  6.486158908412989E-002
 -5.099995344113074E-002
 -1.444152620162708E-002
  3.700858895336709E-002
  0.197716686099935     
 -0.158878136890616     
  4.640254447658725E-002
 -3.374351615295443E-002
 -0.121038541562274     
 -1.747733314667588E-002
  7.342882033440279E-002
  4.334987883453906E-002
 -3.994814824665065E-002
  0.164176846732926     
  0.329802014325656     
 -0.373204342956636     
  0.271703578600263     
  9.254060932105994E-002
 -1.126713938166785E-002
 -7.573355006854300E-002
  0.268353757480725     
  6.062556467948210E-002
  9.670501696898885E-002
 -4.075461484441967E-003
 -6.313547550330609E-002
 -0.111172377737059     
  -1.00400997196834     
 -0.346762016449893     
  6.885296172960508E-003
 -0.445373034437541     
 -4.254982529373935E-002
 -0.105418833903664     
  0.249396351520479     
  0.102735666067905     
 -6.103751372950172E-002
 -0.133201660154288     
  2.620731156034244E-002
 -8.002006301306272E-003
 -8.673668253523104E-004
 -6.754019507236307E-002
 -8.175236287800608E-002
  0.118330928706195     
  0.257517205694831     
  0.143478996972182     
  0.371790927182989     
 -0.725788336236908     
  -1.59932619207232     
  0.353968505509556     
 -0.847900707851662     
 -0.501300530982516     
  0.226473029227809     
  2.572501343421657E-002
 -6.109676686146196E-002
 -0.397421967961964     
  5.077933733127241E-002
  4.352254549408102E-003
  8.616279051209649E-002
 -0.174868717295425     
  0.141548706940856     
 -0.135725246400209     
 -0.208687475116735     
  0.217128312376246     
 -0.154638064085392     
  0.356855688960516     
 -0.590996271449724     
 -0.384857912080751     
  0.620165591208597     
 -2.017878683382281E-002
  0.316886128268058     
  0.321641394297046     
  0.238357962471346     
 -0.147244048395621     
  8.592900575264577E-002
 -2.350931761857160E-002
 -0.209791756954817     
  0.314378769223242     
  8.586633196807644E-002
 -0.243791523914402     
  0.282293036805091     
 -0.269629401228275     
  0.669144135472563     
  0.214914440627382     
 -0.289874843871718     
 -4.491110439315768E-002
  0.174873004386461     
  1.859275602820293E-002
 -0.153842986214545     
  0.222968586003512     
 -0.244400974720897     
  5.973191278993995E-002
 -8.029057065962095E-002
 -3.355254220659175E-002
 -0.125129066740048     
 -0.114170019298055     
 -0.225067911751558     
  0.300802474188391     
 -0.324372695840885     
 -0.123199717022261     
  0.172469209705935     
 -2.928068648798130E-002
 -4.919853809876300E-002
  0.107979001288101     
 -4.862018420501429E-002
 -9.465661147162457E-002
 -8.934985374121751E-002
  0.142078884380001     
 -0.133117568351915     
  0.256780990599155     
 -8.915822256594213E-003
 -0.120019331207641     
 -0.319065735568854     
  0.311617625980000     
 -0.415845354175191     
 -1.486823327152928E-002
  7.785970322219164E-002
 -5.581221021668382E-002
 -5.410627546373947E-002
  0.321336840525934     
  3.143552175855005E-002
  4.672343116305994E-002
 -6.398534261433921E-002
 -0.112397562881668     
  7.689177809126446E-002
 -0.118617298799556     
  9.685499087997565E-002
  3.733036574277651E-002
 -0.148877869726903     
 -0.216611251297009     
  0.480173617031581     
 -0.269471852665837     
  3.238136648100414E-002
 -0.180968973062747     
  0.123382448811844     
 -0.108517228188955     
  4.843430696730356E-002
  0.135898994170817     
  6.377461278045317E-002
 -0.119647336954881     
  0.427001025353528     
 -0.342045357711508     
  3.161647841726437E-002
  0.576727045034959     
  0.182630239492059     
  0.242968606887052     
  0.259654676576384     
   1.34757202108021     
  7.683927063637408E-002
  0.391859396319135     
 -0.258976826349605     
  3.253963382531740E-002
  0.143359662833931     
 -0.490603698738475     
  0.347916408594782     
 -0.117156554303517     
  0.651295588553210     
  8.335342821897163E-002
 -0.618610853073172     
   1.12414073033977     
 -5.489312994885408E-002
  -1.18327345869274     
 -0.517001325602553     
  0.519512985621278     
 -0.180572407497791     
 -0.455966480085071     
 -0.215127223657945     
 -0.226116057024145     
  0.355951209087576     
  0.274996870090057     
 -0.589727331751674     
 -9.004119842941861E-002
 -6.988529049319411E-002
  0.178865569201006     
 -0.249770139268649     
 -0.444835547328757     
  0.145945872174911     
 -2.176880705870827E-002
 -0.797957561313233     
 -0.364159493562231     
 -0.147737112590475     
  1.393986714229031E-002
 -3.666099032394998E-002
 -0.236158596382453     
  0.197496448875513     
  0.196312698211350     
 -4.034568315825370E-002
 -0.158937833259861     
  0.490018101654650     
 -0.100789650758006     
 -0.288599088466689     
  0.121417719257399     
  0.347610323994546     
  0.479345174227096     
  2.361016535463005E-002
 -0.289910245500423     
  0.862861408105634     
  0.610977605158029     
  3.231530048593165E-002
  0.145575593301800     
 -8.722430914838125E-002
  0.165526310179013     
  5.365154523435151E-002
 -0.254400101364932     
  0.216745149999799     
  0.239679561931473     
 -0.163927255381162     
 -0.133871643437006     
  0.172192928548055     
 -0.496819368566930     
  0.768707370815511     
 -0.546703449605599     
 -0.459255907929829     
 -0.337245133476124     
 -0.296115394092154     
  0.521991909794559     
  1.597922635431665E-003
  0.304636807641462     
 -0.399327611337645     
 -0.251409341274961     
 -0.367651873544953     
  0.131294146643000     
  0.213032199031181     
 -0.247437531403958     
  5.802734759191637E-002
 -0.288363491894583     
  0.521931773428444     
 -0.647240346462585     
 -0.782752645705306     
 -1.865815960139192E-002
 -0.157842571358532     
 -4.681458268918709E-002
 -4.240122808780894E-002
 -0.208097935933621     
  9.343849752898618E-002
  6.310541103189243E-002
  0.107228285349901     
 -0.379966078619875     
 -0.185289706347867     
  8.741388272111381E-002
 -0.568797238671447     
 -0.738221532417906     
   1.00777955032526     
  0.658871839891764     
 -0.107641866554230     
 -1.458359902440480E-002
  0.663744434488509     
 -0.786346437199813     
  0.187104475474707     
 -0.576714516747420     
  0.147939585378250     
 -0.163096057671874     
  0.440572299100447     
  0.445915223899542     
 -1.173489367254601E-002
  7.007352912140639E-003
  0.630830781005859     
  0.130770868604812     
  0.980801509854178     
 -0.764324335082383     
 -0.589382897396702     
  0.743825812615496     
  0.605821681400341     
  0.692519740577878     
  0.284305549807756     
  0.387078637159663     
 -0.953853886915240     
  9.655384351349169E-002
  0.336282216760064     
 -0.566727775205571     
  7.725949423738887E-002
  0.699542778752721     
 -0.621297617489478     
  0.314048210980671     
 -0.722056568944917     
 -2.570861618902756E-002
  0.143517827432879     
 -0.420911910323813     
  0.237082261800272     
 -0.128440262655724     
  0.207091227800316     
  0.268131996151625     
  0.247624692620035     
 -7.848423897200892E-002
 -0.326792230166370     
 -0.106545203556612     
 -0.148188747799682     
 -0.464061318497857     
 -0.377303342525661     
 -0.137840995632951     
  0.900094195759037     
  5.329747116298018E-002
 -0.711291224136190     
  0.153319199989873     
 -0.179263454614621     
  0.253470414228240     
  0.354090209218724     
 -0.185150690355926     
  0.371353798111165     
 -0.261470157430831     
 -0.496782125625814     
 -2.816890349346464E-002
  1.517675094001884E-002
 -0.357516320966483     
  0.581507062852768     
 -0.256100266407739     
  6.902006494279042E-002
  2.755699617839602E-002
  0.287858118818539     
 -0.238709029764793     
  0.212330177271901     
 -0.560139979270216     
 -0.510357085230474     
  0.387345465806683     
 -2.394895006883803E-002
  0.231300715038386     
   1.23820798850169     
 -0.118256607904034     
  0.542149938161820     
  0.491731499480022     
 -0.377471415033559     
  0.752170895068375     
 -0.202062479663617     
  0.450420659337463     
  0.346909578071147     
  3.250312899640773E-002
  0.125805093739555     
 -0.414726134265319     
  0.342960878886428     
  2.895503716383753E-002
  0.213178106046013     
 -1.801644782707075E-002
  0.182622029832948     
 -0.331103510169420     
  0.417646168733286     
 -0.606555352178836     
 -0.535544804000119     
   1.11435864853858     
  0.242600895197974     
  0.163553265624385     
  0.381218136994660     
 -0.602938566522390     
 -7.521741695558085E-002
  0.192265026066059     
 -0.222566403270600     
 -0.487407659380018     
  0.604429691077029     
 -1.143940547009072E-002
  8.065015326738775E-002
 -4.903625860052067E-002
 -0.402922007562015     
  0.331576151909545     
  8.609332126126761E-002
  2.563671409317592E-002
  0.120327219971395     
 -0.103923853566647     
 -0.924676983007994     
  0.897049281548925     
 -0.127692133685246     
 -0.178469017627458     
  3.125835824674120E-002
  9.206377937264369E-002
 -0.134526564908302     
  6.548354755129132E-002
 -0.414024721319254     
  0.394217481118122     
  8.460293759220958E-002
  0.222033314411406     
 -0.901044823424703     
 -0.126757036350925     
 -0.487296070328643     
 -0.319535622183386     
  0.302293342522864     
  0.217286808948139     
 -0.386540545471850     
  0.428438469841087     
 -0.233289438149489     
  0.382483739540753     
 -5.707347686367968E-002
 -0.248392100527461     
 -9.587273411981363E-002
 -0.286802128438404     
 -0.285241983046364     
  0.177006889173390     
  0.417167738150599     
  -1.08139747980423     
  0.115061890214898     
  0.605192419156284     
 -0.956763077988183     
  0.191600686874453     
  8.436201903110470E-002
  0.203292511595946     
 -0.127177926751430     
 -8.613867548946756E-002
 -6.189120582443804E-002
  0.211972057529385     
 -0.158333624210259     
  0.891083052379676     
 -0.431721283485053     
  2.992864505942884E-002
 -0.537435647802891     
  0.950957488067528     
 -0.391889976414924     
 -0.524989187127641     
  0.403319344026063     
 -0.731497122045351     
 -0.242937017920397     
 -0.263925955451905     
  0.136051086562792     
 -0.368492050812588     
  0.377288501311651     
  0.183578074947889     
 -0.492006230699274     
  0.363995013146983     
  7.350800161735516E-002
  6.904456424511898E-002
  0.637185673252015     
  0.534066929410543     
  9.937100606402213E-002
  0.353450933903030     
 -0.132708175659063     
  0.475224356549389     
 -0.311890995343450     
  3.636778672835296E-003
  0.178862185363183     
 -0.360208683641416     
 -0.288404447523688     
 -9.799927371060174E-002
 -0.475689673883235     
  0.262041912207855     
  0.519362997641189     
 -0.412706671074772     
 -0.850152647615177     
 -4.050196024719992E-002
  0.610967399293183     
  0.365892492876779     
 -0.428617844453770     
  4.801767889388046E-002
 -3.019992331503464E-002
 -0.413066696265260     
  0.138861327269024     
 -9.654175773801155E-002
  4.023966727088255E-004
 -8.666233408566726E-002
  7.589357308991287E-002
  0.519420293478788     
 -0.118290437559172     
  0.112632335268685     
  0.246074127791586     
 -0.539394050628539     
 -0.109847158004081     
  8.846439010241294E-002
 -0.115540756484570     
  0.108951256980332     
  0.886506620547044     
  3.214984775522142E-002
 -0.103776458590461     
  0.146757919551399     
 -0.105742885017002     
  9.590659757085698E-002
 -0.451955094940110     
 -0.222530340251803     
  8.385199697619422E-002
  0.732092203912849     
 -0.290005216834442     
  0.511664746819392     
 -0.317699291530199     
  0.210560368040445     
  0.332356093483726     
 -0.343669602546557     
  0.368675214011018     
 -0.210298453912823     
  0.169254855025659     
  1.558545611369389E-002
  0.240379779972204     
 -0.119845999602898     
  0.809545441734930     
  -1.50535441594833     
 -0.498181937914428     
 -0.245555324444134     
 -0.310210763055654     
  0.823390882942726     
 -0.980359198940375     
 -0.575791722904806     
 -0.733845760845027     
  0.853009052112656     
 -0.148297193204751     
  4.337970941868184E-002
  0.350735646969874     
 -0.444975719631688     
 -0.104742746002716     
 -0.488346654513424     
  0.121323169366297     
 -0.196437939306376     
  0.202795535181274     
  0.305947589664561     
 -0.151531213839987     
 -2.083911049248304E-002
  0.432669755996889     
 -8.252301354441406E-002
 -0.703563795891630     
  0.337705489180545     
 -0.530309775099581     
 -9.861369958012649E-002
  0.254515150734236     
  1.965980656370585E-002
  0.293163936089203     
 -0.619725179720596     
  6.275365042020652E-002
  4.603070871490922E-003
 -7.465927945796448E-002
 -0.160947426280700     
 -0.366852195701097     
 -0.408142980465457     
  0.229829270201820     
  0.738052995429838     
 -0.583653087364145     
 -0.386348431955935     
  1.081377513449782E-003
 -0.366610105120901     
 -0.179743565344603     
  0.181603001769981     
  0.153574035122613     
  0.445560924484453     
 -0.536050788004454     
  0.218069118211495     
  0.296201486944193     
  5.264384092425745E-002
 -0.324412862284136     
 -0.294223538931045     
 -0.126143699444184     
  0.826938085711424     
 -0.902252985204993     
  0.359706577066540     
 -0.482778572320579     
 -0.240927885342013     
  0.545107616690710     
 -0.354025751799373     
  9.155499934045638E-002
 -5.005991559895214E-002
 -0.467783121452577     
  0.317936181206014     
 -8.161459366444511E-002
  0.789089485223437     
 -0.291777902158052     
 -0.429598757285825     
 -0.489244134964366     
   1.02785410545121     
 -0.452127447612776     
 -0.198817676616023     
  0.351062244846801     
  0.292987018283648     
  6.447605106978634E-002
 -1.244156189862835E-002
 -0.492444914269314     
  0.160183929858183     
 -0.254544263082206     
  0.164231150923962     
 -0.820500024761708     
  0.177646624740920     
  0.760289508177220     
  9.195914679467516E-002
  2.142087899251345E-002
  0.137783362684881     
  2.066684218830916E-002
  0.562078378430540     
 -0.276549399981604     
  2.562689845176618E-002
 -3.611639701821356E-002
  0.122656322722045     
 -0.216922682308077     
  7.885133921110492E-002
 -0.774830244738853     
  0.613750634564012     
  0.183739255387338     
 -0.474542833010936     
 -0.413010345895394     
  -1.20441273127820     
   1.05211877860413     
 -0.364964676227157     
 -0.360054680460058     
  0.583383443853008     
  5.246770693367885E-002
 -7.079070187862443E-002
  0.140771033983304     
  0.310933979767497     
  5.111872097552514E-002
 -0.237068038412511     
 -0.101264637155562     
  0.474910288610377     
 -0.127322009435707     
  -1.06197982336570     
  0.789572659123445     
  0.325130255614328     
 -0.376980424458623     
  1.548076027652500E-002
 -0.332077213388348     
 -5.557977911978761E-002
  0.157072688943792     
 -0.155048554504421     
 -0.677437846548773     
  0.516752671354113     
 -0.239247935276759     
 -5.038472674119210E-002
 -0.528578565329059     
 -0.147041137218439     
  0.201291015823466     
  0.692703619942397     
 -2.178276168339366E-002
  0.380218384977259     
  0.854927830843210     
  0.446538281675102     
 -0.436777035708127     
 -0.175862776664415     
 -7.029226037438056E-002
  0.271632778443365     
 -0.637501183369553     
  6.044610582979625E-002
 -0.141291757016038     
  0.299274871564920     
  1.072431247950546E-002
  0.757722181975176     
  0.112923271319075     
  0.892872576974962     
   1.24467928877741     
 -0.849746980050543     
  0.551046306257483     
 -0.264043911502688     
 -7.029824993025525E-002
  0.159800979030388     
  0.163442988776065     
 -0.158102513203877     
  0.194999124886141     
 -7.207364143840261E-002
 -0.121869557909072     
  0.278738662662988     
 -0.120537851495355     
 -0.499482443358972     
  0.510171997531302     
 -0.525459762556321     
 -0.235627986119381     
  0.295812217020131     
 -0.261590760694135     
 -0.115511320951826     
  6.903668669638216E-003
  9.222356361416735E-002
 -0.545839427427273     
  0.148507400648678     
  0.112878799143406     
 -7.480782446018587E-002
 -9.311390165072650E-002
 -2.928277300185871E-002
 -0.381928836848107     
 -0.681827753218045     
 -0.324601169249015     
 -0.620470754853659     
 -0.252666643052022     
  0.153927987787762     
  0.134457994496569     
  0.329126288672936     
 -0.286284579980144     
  6.441416347906719E-002
  2.152595246670876E-002
 -9.711386901373341E-002
  0.168688581536704     
 -0.151125901373038     
  0.102381154237405     
 -0.120783362799144     
 -7.158303971436707E-002
   1.23077816304482     
   1.10529589867895     
 -0.521163615056254     
 -2.014286571813095E-002
  0.510954292347528     
 -0.971475520791721     
 -5.959358101731239E-002
  0.794042551257660     
 -0.382092051246064     
 -0.407333649553229     
  0.119594307487830     
 -0.416853978339815     
  0.733430743227895     
 -0.334227863796730     
  1.475360940857038E-002
 -5.085074861535328E-002
 -0.463792941086006     
  0.547769602863811     
 -0.575972420275976     
 -0.578534257584431     
  0.547923555958574     
 -0.127790333090881     
 -8.660745522781826E-002
 -0.127729758948375     
  0.180241185806766     
 -0.838329367596217     
  0.289698430144125     
 -5.617728459002633E-002
 -0.227915529787937     
  0.245085253129784     
 -0.126857506595405     
 -0.499995786483324     
  -1.04560760692239     
  0.221164241237782     
  0.518546837942717     
 -5.166905568928878E-002
  5.780789690554301E-002
  4.667930527523232E-002
 -0.501923195985775     
 -0.175730365944213     
  0.554247373363431     
 -0.238967295689226     
  0.403121945829353     
 -0.512545937428838     
  0.231367915691113     
  5.854440906567646E-002
 -4.196529798823605E-002
 -0.182213749475728     
  0.868035782294046     
  0.741385460245468     
  0.888165409679429     
 -0.452129376834801     
  0.462326804357849     
 -0.651650589144203     
 -2.474579082595944E-002
  0.258742709420161     
  4.743668178313068E-002
  8.436976762024232E-003
 -0.163641764721440     
  6.797214576053019E-002
  0.263784535514830     
 -4.324938015591161E-002
  0.150350907521119     
  0.344681804236154     
 -0.173663216961926     
 -0.101919056969041     
  0.328919870492195     
 -0.347486670207852     
 -6.263824331889262E-002
  0.399623267739534     
 -0.224462374131771     
 -0.652649464592962     
  0.232202967857514     
 -0.464122441870879     
 -0.156716351992956     
 -0.211116461526820     
  0.265381731382300     
  0.414125486450868     
 -0.302918503345441     
  0.328932946758644     
 -0.902102394383623     
 -0.474544309769437     
   1.03082658435312     
 -0.533021925392368     
 -0.262520341495253     
  0.796176739797566     
  0.122569753435958     
 -0.372390075587993     
  0.235930542827470     
 -0.156927154964780     
  0.140059636627454     
  5.742068963763435E-002
 -0.404954214918006     
  0.305137041100620     
 -0.125544340223221     
  9.186542017006631E-003
 -0.861292685298428     
  -1.06766612454823     
 -0.735284254163076     
  0.495688487324371     
  5.051251057733762E-002
  -1.02023503296410     
 -0.989934007196197     
 -0.292967006096308     
 -0.413948389006065     
  0.384938856971549     
 -0.623949754490563     
 -9.694631299042947E-002
 -0.647347262635313     
  0.755148052093250     
 -0.234460695977255     
  0.306812722511215     
  0.651327813503768     
   1.07605521029739     
 -0.486431005887561     
   1.23959210261686     
 -0.333141771327866     
  6.513398417198046E-002
 -0.175125627221345     
  0.446591393178322     
  0.215673882422994     
  0.291853614503923     
 -0.767902051808526     
 -0.101588346772304     
  0.120026050792670     
 -2.753593403582962E-002
  0.498806661707131     
  -1.03538260128317     
  3.282426864047001E-002
 -0.498318841390205     
 -0.682519677245415     
 -0.288424923818694     
  0.218925055503850     
   1.00113628592343     
  0.562455549475800     
  0.220225048139453     
 -0.472083508850445     
  0.554859770242655     
 -0.224058748287680     
  0.458938624252319     
  0.145454507811081     
 -0.785234689034013     
  0.129462176293937     
  9.653466617933311E-002
  0.514104582643544     
  0.747199964028953     
 -0.532247618077471     
 -0.533078773183422     
  0.622204880487201     
 -0.254716018102603     
  0.654749243759094     
  0.359561395207324     
 -0.224899470530687     
 -0.642942488008333     
  0.156037709673272     
  0.544585324276996     
 -0.444084285952456     
  0.638346758753021     
 -0.364400170253488     
  3.636918482875760E-002
  0.144344111889216     
 -0.368143017974653     
  0.815296537811159     
 -0.416131327794738     
  0.260457023591799     
  0.151214475577150     
 -1.445940970376759E-002
 -0.820317354227574     
  0.330401389581194     
  0.303753750531044     
 -0.430116939267835     
 -0.185630798296710     
  0.204656749325872     
  0.173671459476599     
  0.178703341937265     
 -0.138939999390139     
 -0.325461804560091     
  0.439180163856704     
  0.160259930743168     
  0.514713706625941     
 -0.153755916804528     
 -0.490809033427315     
 -0.641210202317793     
  0.104392748923830     
  0.861773220796297     
 -0.583816437356120     
  0.419077645114208     
 -0.147524699696397     
 -5.996299899704616E-002
 -0.101038527982549     
  0.217360371257906     
 -0.166883318499132     
   1.00466416291467     
  0.529888782417051     
 -0.116921416622896     
 -0.375515325661333     
  0.326054662938428     
  0.143517590140802     
 -0.275204526753322     
 -1.417978980797879E-002
  0.119909379447337     
 -0.669867799404787     
  0.104516224310488     
 -0.161610465847482     
  0.348616995121340     
 -7.940912430249240E-002
  9.255889413840428E-002
 -0.115173209977001     
 -0.180572382307211     
  0.212876767909940     
  2.492145251728001E-002
 -3.934874112162497E-002
  0.273980186317047     
 -0.577292911342997     
 -0.435780720544764     
   1.11277161000984     
 -0.379581838227688     
 -0.578477767462476     
  0.351161863287419     
  0.278241713340456     
 -0.399714609128306     
  0.260125379033761     
 -9.726917994637336E-003
 -0.860882987855964     
 -0.319834324367205     
 -9.791377976878762E-002
  0.225764554359027     
  0.197343054724425     
  0.106024182515534     
 -0.745307935400431     
  0.568144142375347     
 -0.763016021176810     
  0.754073391708733     
  7.366037580857657E-002
 -2.135987349714312E-002
 -0.183831592405148     
  0.152673059514411     
 -0.227335307309196     
 -6.454523445695773E-002
  0.175161657167999     
  -1.61103004213132     
 -0.669646290465169     
  0.695171210255547     
  -1.43444864444262     
  0.410940840961119     
  0.179915668311577     
 -0.277907649987125     
  0.437562744488163     
 -8.149626144020809E-002
  0.125489293224647     
 -0.431399752088304     
  2.124587973142241E-003
 -0.119684456450979     
  9.370621793047963E-003
 -5.092361133370556E-002
  0.428476801741634     
  0.448505905198163     
 -0.175117342095179     
  0.365115945991301     
 -6.596552085288122E-002
 -1.301625025450073E-003
  3.793357300943344E-002
 -7.659687848164067E-003
 -2.857651953035344E-002
  8.715105160150766E-002
  5.255708400862701E-002
  0.102185075299515     
  0.325344783511137     
 -3.678592807316436E-002
 -0.195011877749915     
 -9.428604082626922E-002
 -0.397623839853477     
  0.540245635244557     
 -0.448740418661329     
  0.755781299955832     
 -0.289215642005116     
 -0.338619907801575     
  0.150833216124191     
 -0.146621557003675     
 -0.209874981587560     
 -0.320625356120331     
  0.343624782478736     
 -8.377866600109687E-002
  9.865209182702055E-002
  2.566377618296537E-002
 -0.274158288977398     
  0.171647393661348     
  0.528042891937115     
  0.100242740849348     
  0.172292276158663     
  0.354270898406822     
  0.233153395615012     
 -0.222949111070119     
  0.702426787975102     
 -0.430019576061525     
  0.410607552475491     
  7.901356568292575E-002
 -0.456854503845527     
 -0.579448315692191     
  7.320748755464925E-003
  1.380077702162024E-002
 -0.829341875625713     
  0.209352663512988     
 -0.629878293576391     
 -0.114079158623549     
  8.507323168476949E-002
 -0.331214204207527     
   1.36435726089260     
 -0.527418259957574     
 -0.136736480129741     
  0.112173135585149     
 -0.260084383445303     
 -0.152066378501706     
  0.859920478113060     
  0.773927880409506     
  0.204136351866641     
  0.155710361392903     
  0.210221402693607     
 -0.269556931262550     
  0.406722137548813     
 -0.641913089626759     
 -0.238267609667635     
 -0.142634199287967     
  -1.16048470285329     
  0.480433226347280     
  0.466994664165347     
 -0.244736112655918     
 -0.159977702881037     
 -0.499107441515305     
  0.833869366568872     
 -0.570570463800928     
  0.441921556285346     
 -9.712368755889875E-002
  0.650284548236803     
 -0.355310865843985     
  0.563303284350489     
  0.415883905286900     
  0.559798512976497     
  -1.35176013360890     
 -0.751552136072543     
 -0.350903255090324     
  0.956526215447270     
  0.526135423955976     
  7.763968975507185E-002
 -0.307005358859441     
  5.342038088437776E-002
 -0.151673435023201     
  0.128461834270975     
  0.229964559419650     
  0.118541044407981     
 -0.299669081789706     
  0.186214476780520     
  3.430537602366578E-002
 -0.544472849638966     
  0.457230945782763     
  -1.03406699092956     
   1.00784836744201     
 -3.329806290720432E-002
 -6.772688013357471E-002
 -0.532655189881419     
  0.359275447916409     
  0.297532385078563     
 -0.249774585250188     
 -0.373919717373312     
  0.191538933542026     
 -3.162062185163622E-002
  2.261358965914696E-002
 -0.849179692344371     
  0.579338736446867     
  0.675740368701376     
  0.844338298670140     
  0.192997700448623     
  0.397936229233033     
 -0.838671001360879     
 -0.536944375724815     
  0.457076840165597     
 -0.220591346838304     
 -1.609960417447559E-002
  0.231753418072874     
 -0.155706243642529     
  9.033892392407246E-002
 -1.529495316316689E-002
  0.242019646556664     
  0.320976188967178     
  0.407374046727305     
  6.419282696308098E-002
 -0.191102952533358     
  4.769069542493803E-002
  1.360927652648697E-002
 -0.327414043122517     
 -9.100702024402786E-002
 -1.798696377891718E-002
  0.129047440692405     
 -0.416484605750781     
  0.164907138472221     
 -0.231107613107671     
 -5.939749739252961E-002
 -0.377352657714190     
 -0.191865544085550     
 -8.284948853063907E-002
 -0.723613707758535     
  0.226017636852644     
 -0.277212704565886     
 -0.213721307083717     
  0.529266770373217     
   1.27799388672936     
 -4.577497063154199E-002
  0.397902668779014     
 -0.528348383125341     
 -0.248249976906350     
 -0.479902911045235     
  0.342360880123218     
  9.489766480752961E-002
  3.957618297404196E-002
  7.621596197198854E-002
  0.600820205389008     
  7.241716336972373E-002
  0.292107560380433     
 -0.414621122033110     
  0.840577992989505     
 -0.770605754436688     
 -0.474637211963107     
  0.278456364380880     
 -0.464955748552096     
 -6.409173122163013E-003
  0.364748804972572     
 -0.400317991618674     
  0.421955962087584     
 -0.530647146812054     
 -5.094566668696310E-002
  0.485235461093864     
 
  0.746506825409419     
 -2.820038388006648E-002
  1.858602416099399E-002
  0.112435894628656     
 -0.545169198867575     
 -0.104484550190185     
  0.420642854390793     
  0.406401602876220     
 -0.401177889883459     
  0.293288647628151     
  0.153387351107972     
 -0.232827574052931     
  0.585027400628374     
  0.162114797507809     
  0.271377538208560     
 -8.774688653428574E-002
 -7.724852497124832E-002
   1.40500713035150     
  0.357843088197476     
  -1.18414631048584     
  0.542344761863876     
 -0.752239711665713     
 -0.260560867303736     
  0.363820213082265     
  0.270740514843308     
  0.131442607718387     
 -0.888783430442839     
 -0.417576405257968     
 -0.500180516467264     
   1.05911411798834     
 
 -0.760797591715376     
 -0.498559776673369     
  0.326029745608358     
 -0.101827566562783     
 -0.747390076544382     
  0.319147868092675     
  4.918736442770923E-002
  0.665135566691759     
 -0.577167103850271     
  0.775144270247738     
  0.526291055674864     
 -0.643652530805434     
  0.307753766228665     
 -5.262659348911963E-002
 -0.363402895621158     
  0.199318363521758     
  0.401125160465484     
  0.491648758091522     
 -0.426029610956750     
   1.01248640939612     
  9.384685898607978E-002
  0.564199721764883     
 -0.143261088850492     
  0.238346019982203     
   1.01548096506326     
  0.313976498869855     
  0.543961038736098     
  6.636783645085913E-003
  9.146058221605682E-002
 -0.189213368263019     
 -0.479971869318384     
  0.604736307411694     
  0.695686121169290     
  0.335166582092307     
  0.224918782583960     
 -0.292883462254993     
  0.915000593967994     
  -1.57149650625096     
  0.400772047882208     
 -0.560472609269527     
 -0.135027406865639     
  0.160634280936997     
 -0.172394332103476     
  0.699646622278649     
 -0.113907993476651     
  -1.15378228145526     
  0.611681748102955     
  0.607377104498199     
  0.254174792568355     
 -0.932828752982743     
 -0.354244530692492     
  0.244177976260275     
 -4.428524961609120E-002
 -0.757058735312467     
  -1.05963239912736     
  0.129329030467405     
  0.986597199735147     
 -8.979301167680247E-002
 -0.266980008936072     
  0.905577111442169     
  -1.22738033101839     
   1.53997441918800     
  0.885137730880764     
 -0.242553964595122     
  0.432683604362489     
 -9.689437426425161E-003
   1.93542413432442     
 -0.206599352276270     
 -0.317319573194324     
  0.572385552045373     
 -0.183602023221209     
  0.886108110811894     
  0.125633964893313     
  0.279203407918238     
 -0.288391861716009     
 -0.334044699976515     
  0.238332569700920     
  0.275672723682790     
 -2.352289146664733E-002
 -9.632763342591598E-002
  -1.18073590660147     
  0.364860281231196     
 -0.336995782340288     
   1.00988037535905     
  0.431518969886098     
 -0.397229861363383     
  0.571192743899238     
 -0.388766076014018     
  0.179984334433470     
  0.739100146136553     
  0.272047853322637     
 -0.559444838335470     
  0.178229921179468     
  0.665801163078689     
  0.693589561401539     
 -0.795574569815955     
 -0.120094784268492     
 -0.728064903949693     
  0.260014954401902     
  -1.53751976434756     
  0.114928781968770     
  0.243940530755474     
 -0.383959083264372     
  0.615016421651518     
  0.163054505295163     
 -0.305426457709922     
  4.600450521467299E-002
 -0.201349239502672     
 -2.987813703956546E-002
 -9.847221455447630E-002
  0.116059918607787     
 -3.046798212856179E-002
  6.893774194811669E-002
  0.131543528188025     
  0.224658798654055     
  -1.30725557338530     
 -0.404710145485867     
 -0.808068782743561     
 -0.920099846966260     
  0.912525174504555     
  0.510735700826576     
  0.701177495119416     
  0.642329346612552     
 -0.731605808397158     
 -0.136066625413888     
 -0.691613829687769     
   1.07712845811918     
  -1.48199654976040     
  0.655835197481941     
  0.157447243179958     
  -1.06855263101504     
 -0.334697257834422     
 -0.203455374056583     
  0.297934487458013     
 -0.172240051025715     
  0.126292679392606     
 -0.812411126296092     
  0.464839950969753     
  0.224842698613962     
  0.404939546782659     
  0.132210403549501     
 -0.740683714949637     
 -0.111013487148845     
 -3.972207318971917E-002
 -9.522063845049916E-002
 -0.936194090625283     
  0.648625609123313     
  0.154041543198259     
 -0.275977155908027     
 -0.417938370890047     
  0.455369653810875     
 -0.455549290836138     
  0.771501581540550     
  4.327901393780756E-002
   1.01502055306441     
  0.271251323745396     
   1.57277630930208     
  0.358252053816325     
  0.948838503986060     
  0.400562074099652     
  1.365767727307050E-002
  0.576783381921246     
 -0.325754465382554     
 -6.730487845606251E-002
  0.406332120413006     
  0.578413508448964     
 -0.880745921672226     
 -7.621633885924725E-002
  0.281797046832016     
  0.651636737141122     
  0.333842093458821     
 -0.271658549913031     
 -0.316457757588551     
  -1.11124912101534     
 -0.223183195423519     
  0.263429373809234     
  0.423965583314845     
  0.345093806082283     
  0.143707605922860     
 -0.260113088111351     
 -0.490300148409701     
  -1.02337946743710     
  -1.32455095743724     
  0.170689531751608     
 -0.727303038800958     
 -0.700285151146407     
 -0.920438695377114     
 -0.227583635930273     
 -5.456534291632360E-002
 -0.309904753647713     
 -0.493138238007517     
  0.361724407149885     
  0.103712884741077     
 -0.883361869458549     
 -2.907819112225075E-002
  -1.37327271275120     
  0.248327926019638     
 -0.982891593650079     
  0.424247945353200     
 -0.142910712499681     
 -0.168923817129691     
 -0.257855873268138     
  0.172195329497215     
 -0.521627115439588     
  0.171212615537211     
 -0.111805983147318     
 -0.981223164971334     
  0.316728651534508     
 -0.106816196312539     
  0.165192148572626     
  -1.01406132241088     
 -4.109019977384798E-002
 -0.555182129659814     
 -0.107007774667437     
 -8.555496228585253E-002
  0.273822014635917     
 -0.910013026497293     
 -0.564193451786340     
  0.151982086621070     
  0.448039942133599     
  2.699300936335458E-002
  0.155054035015531     
  7.707911640187369E-002
 -0.180370978464539     
  0.244605056526133     
 -1.313533051263181E-002
 -0.647557435977866     
 -0.670788749790127     
  0.125507794295498     
 -0.220185414928277     
  -2.22599806874258     
 -0.406851873071914     
  0.245749111399107     
  0.245431916129188     
  0.880863860132887     
  0.288920948219124     
  0.688176460638359     
 -0.574248628631571     
 -0.475809393041120     
 -0.290242396435200     
 -0.789706054660226     
 -0.645573447219610     
  0.326496969345519     
  0.360502592110714     
  0.237920890188442     
  9.787785444580599E-002
  0.449968544810276     
  -1.11891079097436     
  0.188179253697795     
 -0.222609098851701     
 -0.234318575098518     
  0.189471176442289     
  0.108350709225286     
 -0.216187608618681     
 -0.186560695309100     
 -6.513959297660844E-002
 -5.573924480537606E-002
  0.300253037165136     
  0.560582139273923     
  0.408615177590338     
   1.13982104633451     
  0.636425005032633     
 -0.264939874407066     
  5.898884582143418E-002
 -2.540479386864072E-003
 -0.454641289138875     
 -0.433573449167147     
 -0.107747570027334     
 -0.393555420258416     
  0.700741716613345     
  0.702651135719221     
 -0.697928840205503     
 -0.744039532748535     
 -0.218941873049514     
 -0.145527244467074     
  0.524160318621069     
 -0.476577482349375     
  0.130924165602211     
  0.366726161066517     
  -1.09166860282680     
 -0.605333706089593     
  0.346097801425742     
  0.175398831039421     
 -2.662818318584364E-002
  7.352356235361575E-002
  7.481210327450979E-002
  -1.61943262463354     
 -0.415383992356882     
   1.33447798686132     
 -0.570156360340283     
  -1.18589259590104     
 -0.582435623882307     
  0.428846428628370     
 -1.440686035027332E-003
  0.476263895025380     
  0.103168183900163     
 -0.636440360113930     
  0.989950137186322     
  2.501251821228140E-002
 -0.320215853680805     
 -0.436842615796939     
  0.516468552889895     
   1.01758289297609     
  0.991916091410079     
 -6.291348146460485E-004
  0.447784824678884     
  0.357898184827205     
  -1.92506838488826     
   1.03010415922090     
  0.960399985189703     
  0.140011951455150     
 -0.215066942741394     
 -0.418701226195067     
  0.330198202428026     
  0.568903961435007     
 -0.528308394900263     
 -0.175039962998710     
  5.490782573403396E-002
  0.173546332993689     
  0.425009528281853     
 -0.777378999947300     
  -1.63786067853740     
  0.238128428137725     
  -1.16374806342248     
 -0.407895239043926     
  0.387310925643264     
  0.534895085442059     
 -0.442206575897175     
 -0.380709561674712     
  0.224688156234491     
  0.431045052316172     
 -0.150324473817580     
  0.123960726189860     
  0.310705132877344     
  2.416879128968029E-002
  0.366477389353335     
  -1.86128018653411     
  -1.41528939602539     
 -0.847334465899595     
 -0.866651968320385     
  0.220866126691631     
  0.631082044205350     
 -0.804711452536654     
 -1.137671902984257E-002
  0.717885922116296     
  0.764128286441146     
 -3.669208731103880E-002
 -9.181842956649733E-002
  0.755189497590998     
  0.506352984921170     
  0.858771891032519     
 -0.639859116522056     
  0.401222570963891     
 -0.398679086145040     
 -9.864345173122716E-002
 -1.271264789216728E-002
  1.519165514587248E-002
 -0.613324320257322     
  0.281849056420658     
 -0.460980319591907     
 -0.409063244065135     
 -0.191712709026643     
  0.456361200363694     
 -0.892016499510055     
  0.126760830277952     
 -0.283345748978777     
  0.483869656550284     
  5.068847490083165E-002
 -4.276949585396748E-002
 -0.131954443792096     
  0.802684022676137     
 -0.400169878202762     
  0.339971009998525     
 -0.575002852420156     
 -7.177609506234242E-002
   1.14249686504281     
  0.467935035007559     
 -0.328270330820759     
 -0.486829354578038     
  0.301947207971626     
 -0.452530428055582     
  0.506024746429361     
 -0.103961227348099     
  0.284285391825287     
  0.515766243552315     
 -0.364198424184222     
 -0.226159213009107     
 -4.719524535298741E-002
  0.132661822447714     
  0.189075270040673     
  3.398816630020111E-002
 -0.466526928576449     
  0.343467837514967     
 -0.204862193718843     
  0.602822210295157     
  0.179982266995853     
  0.375577590592591     
 -0.574640793601920     
  0.892456834243892     
 -0.158398767910521     
  2.748512228860504E-002
  0.766527082853870     
  6.580618963620574E-002
  0.401613240424870     
  0.877236941065114     
   1.29719647777370     
   1.69796076579986     
 -0.298244238991513     
  5.085462916231548E-005
 -0.767578919786832     
  0.205416682637216     
   1.34507228670830     
 -0.144640783899335     
 -0.392457836593744     
 -0.122385953357344     
  8.690110145980064E-002
 -0.718874312702891     
 -0.449283217618064     
 -0.795732570015273     
  0.710141202751283     
 -0.319247790020666     
  0.532216654828596     
   1.08717249850787     
  8.578805657144781E-002
  0.387155002512804     
  0.886215033333317     
  0.544853125050351     
 -0.115896517953216     
 -0.538659838452917     
  0.393749792713486     
  0.514538978369125     
  -1.01284830100513     
  0.562718624191820     
 -2.521552429063318E-002
 -0.656565513107911     
   1.21761530219197     
 -0.364574673284743     
   1.23257174606832     
 -0.303156733154860     
  0.466140153853030     
  5.699227221740396E-002
  0.404566816892755     
  0.249126761325573     
  0.403636606874101     
 -0.631828074711865     
  0.199542085976483     
  1.125841845759363E-002
  0.383470071909234     
  0.345553247322070     
 -9.237615852220382E-002
  0.965339299646015     
   1.07396844534401     
 -0.863643763416577     
  0.536545828458336     
  0.203129243902448     
  0.587066153556756     
  0.334413840412245     
  -1.58870584713178     
 -0.157433927004246     
  -1.13522072306280     
  0.722077964057248     
 -0.423991619162724     
  0.329319065971991     
  0.940945965396769     
  0.187413425245518     
  0.205048620375073     
 -0.410895496428714     
  0.710826148467409     
 -0.372832211413025     
  0.214073648442277     
  0.407811805031319     
  0.718815940624580     
 -0.595965607998293     
 -0.400804166183112     
  -1.00399787948114     
 -0.505051900972788     
 -0.203687225438549     
  1.136088742955902E-002
 -1.011013137792239E-002
  0.637912849752398     
  0.887689095985224     
  0.518082093511527     
  0.752605103030436     
 -0.697339329066281     
 -5.884081563416003E-002
  0.311806863524276     
  6.258403649889274E-002
  0.795969475893392     
 -0.873274617885697     
 -0.273788368239049     
  0.663725220066131     
  -1.03410038212153     
 -0.540889962334967     
 -0.103929458103152     
 -0.574883886564101     
  0.595380562277098     
 -0.344102396096251     
  0.950181705485479     
  -1.34557998307444     
 -0.128520055001014     
 -0.738490130803896     
 -0.568376067141013     
  5.153256452916361E-002
   1.10159757312357     
  -1.07218677276674     
 -0.155283875564603     
  0.405363643204398     
  0.837671691515525     
  9.143182580514247E-002
  -1.09693961229674     
  0.749821701496226     
  0.561465963799630     
 -0.226306991796791     
   1.53942457893338     
  -1.14942435729068     
  0.193557833854960     
 -0.273436987490008     
 -0.420170169447677     
 -2.206274724321703E-002
   1.39110650351627     
  0.241235828966784     
  8.051181961044235E-002
  0.950504716051293     
  0.139336282952871     
  0.200924977349030     
  0.901687146217938     
  0.301077012058621     
 -0.224301841773966     
   1.07572847505977     
  0.179244604680588     
  0.616114684933400     
 -7.599585695846975E-002
 -6.878289649121162E-002
  -1.17486849876039     
 -6.496518210669863E-004
  6.030608434566951E-002
  0.363985356901203     
  0.572827897670268     
  0.530648744094660     
  0.118027225728939     
  0.765142542455525     
 -5.802686359540520E-002
  0.139669687789507     
 -0.392648800845179     
 -0.165878137158810     
 -0.150038926260617     
  0.110168534761735     
 -0.332540583195805     
  0.481919555441009     
  0.577703199045627     
  0.335700660915334     
 -0.151563514722861     
  -1.32013603041878     
 -7.696093580012356E-002
  0.163247956206837     
  0.563456300953458     
 -0.164808658346578     
 -0.494244633846801     
  0.174602130130387     
 -0.323164242109005     
  0.179759752965650     
  0.394992859265237     
 -0.882602692612045     
  0.577843265163638     
 -0.261609107747777     
  0.327368309033471     
 -0.223161189028984     
  0.209792257940327     
  0.277799348710374     
  8.584853880858259E-002
 -0.379849051961039     
 -0.336892166282173     
 -0.137066136987909     
 -0.117898996014662     
  0.483741075451403     
 -0.439068250632879     
 -0.261284295413194     
  0.897630181243171     
 -0.416251046696590     
  -2.04138246395994     
  0.573695071909135     
 -7.367728173201538E-002
 -0.185560141408529     
 -0.204657575175944     
  0.402256629885506     
  0.206265609076721     
 -0.695034628462409     
 -0.694611185367457     
 -0.488968062464837     
 -0.734196282739330     
  0.787464576734895     
 -0.667838829091999     
 -0.143899426849285     
  0.156095221273389     
 -0.268121414013453     
  0.119777093791220     
  -1.76811863077485     
   1.09167897972280     
  0.370211112163194     
  0.134329575969581     
 -0.311061214551558     
   1.32408630139360     
  0.711952681673924     
  0.163745483343349     
  4.741121057690604E-002
 -0.404292016888715     
 -0.239421200424133     
  -1.67978769857479     
  0.294086581476032     
  4.522240300604397E-002
 -0.125771107941751     
 -0.703727166378411     
 -5.646711719468719E-002
 -0.770961606800236     
 -0.711044727099158     
  6.029346830475706E-002
 -0.587947123170190     
  0.217718354000517     
  0.614966929677306     
  0.416835876116336     
 -0.207080666547182     
  0.319200399036051     
   1.63945718327835     
  0.427799816730962     
  0.662961224084010     
  0.100199194784693     
  8.826801054028117E-002
 -0.764371473348063     
  0.398134287679569     
 -8.336766857411151E-002
  -1.69023125547816     
  0.120730538242446     
 -9.252974167738433E-002
 -0.456587813200398     
  7.204509298437534E-002
  0.355612622689442     
  0.349340348666490     
  -1.07597493175241     
  0.261993176175826     
  0.560495656035122     
 -0.124030206321540     
 -0.188258704667326     
  0.212695915016792     
 -9.535820616679379E-002
 -0.768207657138934     
 -0.435657628956362     
 -0.235881261279006     
  0.717983034022158     
 -4.930064294671267E-002
  0.238713816629217     
 -0.460365154051880     
  0.423119275600406     
  0.327591481080310     
  0.585846267386303     
  0.481548443685423     
 -0.602714292774259     
 -0.529502552496852     
  -1.17540003929980     
 -0.202742107340472     
  0.168610553111009     
 -0.359192414677670     
 -0.230792997605037     
  0.705976164582360     
  0.177407113267389     
 -7.806456228359890E-002
 -0.114349732564097     
 -4.027923982015765E-002
 -0.879706760523869     
 -0.960847335297628     
 -0.284229148728210     
  6.526177380120859E-002
 -0.256635432782957     
 -6.303689316381730E-002
 -0.317485126060675     
  0.155210284985095     
 -0.189651004917230     
  5.360974971772728E-002
  0.137050716683350     
 -2.597727861792836E-002
 -0.861137209713400     
 -0.461966521680091     
  0.464512775626037     
 -7.903197347155375E-002
 -9.564730505485378E-003
  0.140570852524479     
 -0.947757633052609     
  0.567139065437887     
 -0.527011427774606     
 -0.402801282090128     
  0.177181095612467     
 -0.589274735977510     
 -0.341951379489925     
 -0.482445633761374     
  0.203692355340558     
  0.259562522940559     
  0.831119774132184     
  0.308547043299629     
 -8.115229687771822E-002
  0.182908724236348     
  0.597616573906996     
 -0.178908750552015     
 -0.703931294483974     
  0.253066232883847     
 -3.893543768214815E-002
  0.252363658771698     
  0.729908430305017     
 -0.201363498451150     
 -6.837002751251625E-002
  0.655044082418154     
 -0.497831400062993     
  0.244157886394934     
  0.341634930977250     
 -0.218415609466567     
 -0.388933145288863     
 -2.981169116674857E-002
  0.136437775519057     
 -0.793364236565798     
 -7.279185531936444E-002
  7.503382877624207E-002
  0.346753916574791     
 -0.515473353459329     
 -0.162875992483142     
 -0.474947521560264     
 -0.760575896972226     
 -2.217640027809441E-002
 -0.679997464016280     
 -0.826352318663634     
 -0.825238248329645     
  0.360117056055794     
 -0.583227154172541     
 -0.168602402328070     
  0.411410599427299     
 -0.417302077084433     
  0.763649585380855     
   1.09571351833219     
 -0.421138210403246     
  0.995048343507950     
 -0.645329909655739     
  0.525142253425473     
  0.246336422495449     
  0.673446059940379     
 -0.557559037218166     
  0.865233165994735     
  0.809334187933334     
 -0.560784150372927     
 -0.580315047505586     
   1.25286422588511     
  -1.34398739709459     
 -0.288005657377862     
  0.531062743575171     
   1.79409497770051     
   1.10782970340690     
 -0.355618784881954     
  0.340541217705608     
  6.280712336451849E-002
   1.15603188831024     
 -0.377948071233744     
  0.366818788080525     
  0.418236921104472     
  0.568911925621414     
  0.135427895856372     
  0.576597455904205     
 -0.601622934947985     
  8.781079667730864E-002
   1.64560599659734     
  0.277833449094153     
  0.968099010095347     
  7.071339826045109E-002
  0.291423745670248     
 -9.183007421795746E-002
 -9.412795045188752E-002
 -0.774540608379993     
 -0.401976983927157     
  -1.39938284000926     
  0.460403503275276     
   1.83627325106083     
  0.557823970856068     
   1.50416898223593     
   1.03104326033943     
  0.224887720348364     
  0.100464857004432     
  0.202171154162722     
  0.346487576571053     
  8.986709613940688E-002
  0.814114948607234     
  0.677914728564907     
  0.283691101819204     
 -0.353242505619570     
 -0.560569185960663     
   1.07618709878040     
 -0.212512284214517     
   1.49654308560614     
  0.221219576449845     
  6.440887678439103E-002
  0.680281288665833     
 -0.714726670106643     
  0.720641447926253     
  0.741743540981886     
  8.882801311690741E-002
 -0.794695432531753     
 -0.321141087301890     
  0.275592059734409     
 -0.198493186439938     
 -0.553323665514469     
 -0.270035200650900     
   1.28295580027454     
  0.699675762306791     
 -4.592986176288689E-002
 -0.365774375313024     
  0.802398125860044     
 -0.745370560095460     
  0.560045676908908     
 -0.363201175560595     
  0.172832948491378     
 -5.071056491094662E-002
  0.396749928598321     
 -0.965918906549247     
  0.711927480883946     
 -0.546646505857658     
  0.357790363460172     
  3.388851235052092E-002
 -8.476280143749187E-002
 -6.150229739781209E-002
  6.652953225905359E-002
  0.175068986618022     
 -0.829012028257925     
 -5.219793844528017E-002
  0.172299249782577     
  6.356969750720472E-002
  0.385453841130259     
  0.473295414073434     
  3.566631942504920E-002
  0.279726569992553     
  0.207357444495108     
  0.993365699193478     
  0.349735388414693     
 -0.363472266830657     
 -2.069785650147359E-002
  2.242156424961744E-002
 -0.685111283148924     
 -0.447431894894694     
   1.76879068202380     
 -0.609517232854287     
 -0.378142309774339     
 -0.440765050642906     
 -0.653581287785804     
 -3.116006412623579E-004
 -0.838706598674237     
 -0.168650589334677     
 -0.474515544193087     
  8.846266382572454E-002
 -0.496801022188685     
  5.118190514307581E-003
  0.754696225118753     
 -0.134518294366383     
  0.268194055689668     
  0.345041217074159     
  1.082733914055176E-002
  -1.49781360196033     
 -0.651141533732161     
  0.255753078982803     
 -0.396082354929731     
 -1.304095170222682E-002
   1.02161942641922     
  6.328418692061126E-002
 -0.135399324416080     
   1.14591446808422     
 -0.364030717897740     
  0.157058843113293     
  0.620711957413919     
  0.627725229980372     
  -1.19936305215201     
 -0.217385387819842     
 -0.281021366604865     
  0.470467751708107     
  6.820879948634065E-002
  0.898165126776298     
   1.07817837454277     
   1.81073545747807     
  0.376326063434827     
  -1.23387221531253     
  0.810662388328930     
  0.354475115426332     
   1.79451715657896     
 -6.478950699805724E-002
  0.446579494475128     
 -0.581883277025750     
  0.149318019353342     
  0.138838901518843     
 -0.683922305029739     
 -0.379324696000048     
   1.02135922084414     
 -0.353501371201123     
 -0.341568547720738     
  0.505542898577504     
 -0.276851340736650     
   1.27091574262814     
 -9.220060083691886E-002
 -0.688702849508845     
  0.258870252337626     
 
 -0.267222063032770     
  0.406184308707981     
 -0.887438596923376     
 -0.217932863394334     
  0.242466504792618     
 -0.843039622034722     
 -1.843269832741275E-002
   1.35226810428621     
 -4.304788350303846E-002
   1.13435232586535     
 -0.612553904078527     
  0.296033393685320     
  0.431175139471484     
 -0.757769917050429     
  0.851218991756077     
  9.901348994783103E-002
 -0.367318252079356     
 -0.356872622208900     
  0.470195931338453     
 -0.350522210569383     
  0.200883349367555     
  0.143558519485281     
  9.974271693898659E-002
  0.731127773629036     
  0.113152318008477     
 -0.200349215948830     
  0.127111424309049     
  0.284856802208605     
  9.331930792088668E-002
  0.313694734868821     
 
  -1.14476794869016     
  0.749216757868358     
 -0.372529385626998     
 -0.155705331518190     
  0.221498200775484     
  0.995329528998396     
  0.848690914156948     
  0.832044160411100     
   1.49841324284057     
   1.46769475115246     
   1.25298168262678     
  0.308397582105743     
   1.36811798869622     
 -0.484444881084940     
   1.11292004530706     
  0.517734829871888     
  0.423595937115913     
 -0.124178536228738     
 -3.531155294368696E-002
 -0.997449970361330     
  0.157422187092061     
  -1.45700841385882     
   1.37940421745026     
 -0.668461494674949     
  0.376893202718655     
 -0.223254640862822     
 -0.292865949608775     
   1.08377326835710     
  0.997011744164866     
  0.736479544975971     
 
 -4.823588598161625E-003
 
  tansig  tansig 
