 0.442733543013675457E+00
 0.415699894892325528E+01
-0.254063151748839466E+01
 0.895200371780184234E+01
 0.356706033116050625E+01
 0.144051770838916360E+01
 0.853213042183207593E+00
 0.288262550727223132E+01
-0.163911706114852662E+01
 0.666534588659679406E+00
 0.343898900723770440E+00
 0.651757736040475710E+00
 0.175080747764035455E+00
 0.206280028486417732E+01
 0.166406384491190780E-01
 0.117190330884040482E-01
 0.780608018680783666E+00
 0.805617102972580879E-01
-0.271361257386861961E-01
 0.231361625459014265E-01
 0.199493141893338256E-01
-0.108784566315141745E+00
 0.117539131400915742E+01
 0.807112324263584480E+00
-0.150443842261866936E-01
-0.131873483987168926E-01
 0.454851171609031546E+00
 0.650421042715077086E-01
 0.963133720439357632E+00
-0.654067482080019670E-02
-0.597963238838568334E-02
 0.240824256819015370E+00
 0.244161960842876669E+00
 0.135373480469879715E+01
 0.267375169000810375E+00
 0.278110430539238562E+00
-0.437015332776767296E-01
 0.578297446407494919E+00
 0.630956962853926662E+00
 0.325692918528807385E-01
 0.444413311393859825E-01
 0.517081997810466598E+00
-0.467720561379045188E-02
 0.149353247826946589E+01
 0.110434567773049483E+00
 0.181048757908831709E+00
 0.958693831420015741E+00
 0.703106873112123054E+00
 0.160862185951902092E+01
 0.136348981488284088E+00
 0.241021915414558502E+00
 0.466174605411355303E+00
-0.158327939461535361E+01
 0.471223761160104360E+01
-0.992616793923388387E-03
-0.192942598066494185E-02
 0.209177089968755592E+01
 0.168638086170761614E+01
 0.665126384170779072E+01
 0.536768750187355259E-02
 0.107466593678272083E-01
 0.546811354968787189E+01
 0.306442185935437461E+01
-0.821751652814796674E+00
 0.618256753594211617E+00
 0.135829913780904765E+01
 0.326682282587788686E+01
 0.140629582387976431E+02
 0.288414153143536076E+02
 0.318520373860401484E+01
 0.792805432431004231E+01
 0.297478513854650402E+02
-0.551189392075696727E+01
 0.358067909421478419E+02
 0.127941648680503235E+02
 0.379834943788283894E+02
 0.729777089306135309E+02
 0.537011994568195021E+02
 0.206506172791110913E+03
 0.919040196346336131E+02
 0.521797889913007751E+01
-0.124537811498419859E+00
 0.767104265630059157E+01
 0.722128738114859381E+01
-0.287684450376140988E+00
-0.118265219408293445E+00
 0.187719316131987468E+01
 0.859427870617612388E+00
-0.141946351431036777E+01
 0.369724404526005412E+00
 0.184997730054446113E+00
 0.111126055138194468E+01
 0.683746871887953911E+00
-0.317580423936506273E+01
 0.240675422300414749E+00
 0.150895014800432298E+00
 0.904408171850929254E+00
-0.147151501511667365E+00
 0.599914510548249735E+00
-0.156190764231506213E+00
-0.102270176015166483E+00
-0.486229056383979341E+00
 0.418223628211484844E+00
-0.148341739107266612E+00
 0.224986555062046234E+00
 0.177620805909438240E+00
 0.102290021893119851E+00
 0.328349272096998046E+00
 0.693893825439043210E+00
-0.385031021324246233E-02
-0.322566854262527729E-02
 0.217181957224843486E+00
-0.431853873937001614E-01
 0.788154076347989729E+00
-0.818307147979932710E-02
-0.645853784086448772E-02
 0.188734740621395058E+00
-0.260196335696772474E+00
 0.720142512016658909E+00
 0.161446252847672750E-01
 0.178531056902124022E-01
 0.190571953788578524E+00
 0.334665348399576013E+00
 0.545063617257861122E+00
 0.534744840124424456E-01
 0.735219916229340742E-01
 0.189433388151392074E+00
 0.577203530742421256E+00
 0.861166166552760237E+00
-0.732047147971587042E-01
-0.103796369648423745E+00
 0.471251058496875208E+00
 0.619020032435994683E+00
 0.325899106256507143E+00
 0.132132685187868915E+00
 0.216110046085660784E+00
-0.769796226511543225E-01
 0.533805736210556603E+00
 0.220892369699271462E+01
 0.249871041624852325E+00
 0.451262030847410567E+00
 0.522226577243736556E+00
-0.126339696937297830E+01
 0.298230882903683181E+01
 0.186067516855242782E+00
 0.381521320605093639E+00
 0.448770464319281581E+00
 0.739787115943214890E+00
 0.805350501002203245E+01
 0.117114124727690783E+01
 0.271419666791441871E+01
 0.632073100252431885E+01
 0.331810413545976113E+01
 0.127346536089929341E+02
-0.864784152642544379E+00
-0.247428745703184338E+01
 0.138907254374927955E+02
 0.340108700709848266E+01
 0.342760991028638529E+02
 0.111328144022071172E+02
 0.206089749818559120E+01
 0.440291746596628109E+01
 0.670493040869992174E+00
-0.290658031055606791E+01
 0.112778396930739788E+01
 0.380079510616585570E+00
 0.838044401054683474E+00
 0.242828247002532666E+00
 0.364287557981590338E+01
 0.255806872765301896E+00
 0.120401278743291262E+00
-0.102417875251702081E+00
 0.716516741245539324E+00
 0.139230046217993997E+01
 0.657431599576649150E-01
 0.421892864334170795E-01
 0.422106913962370378E+00
-0.256174262969913989E-01
 0.187021599596766619E+00
 0.100072698128275727E-02
 0.620259383157714607E-03
 0.215206507114903023E+00
-0.217874418904881531E-01
 0.536059450541142235E+00
 0.190673484924787605E-01
 0.111761468807813538E-01
 0.107306109747254977E+00
 0.737867071574335592E-01
 0.392928619079441599E+00
-0.260567064205531294E-01
-0.179909388763518016E-01
 0.818696217758645567E-01
 0.145184114611653231E+00
 0.161024642100327908E+00
 0.934462676455710337E-02
 0.835561416157614215E-02
-0.114970191593887685E-01
 0.205901971181683477E-01
 0.245357422581548079E+00
 0.146224118339374435E-01
 0.152100350951215341E-01
 0.105011356936730180E+00
 0.154983684829554033E-01
 0.178676570720360750E+00
 0.286664649704529394E-01
 0.352873867670297839E-01
 0.301407070330551724E-01
-0.753384957276083678E-01
 0.306659404439432459E+00
-0.336928861939110981E-02
-0.472951165828067004E-02
 0.251682798081489280E-01
 0.164353490831340265E+00
 0.418711693894400161E+00
 0.879544975630184959E-02
 0.125996573127356518E-01
 0.267865117904131977E+00
 0.615791823837612412E-01
 0.167133967995444332E+00
-0.964142735628514130E-01
-0.164504897092892122E+00
 0.117430954866980422E+00
 0.201010858534510423E+00
 0.669871651624228570E+00
 0.142727515742028965E+00
 0.268490148043725840E+00
 0.223069293115964379E+00
 0.858431712752896758E+00
 0.132969725562716556E+01
 0.795233499741391903E+00
 0.175034646844043285E+01
 0.625743862185154542E+00
 0.164075777310490500E+00
-0.801049097370360785E+00
 0.608235174450753702E+00
 0.165677961599654888E+01
 0.299265489612925961E+01
 0.269195465350148266E+01
 0.949262350881638639E+01
 0.378614963909172753E+01
