 0.637283878329088260E+01
 0.685949340890661130E+01
 0.627165236771615309E+01
 0.597636098167694740E+01
 0.550371806402267971E+01
 0.205901302682040654E+01
 0.182083835980510256E+01
 0.249817697373829217E+01
 0.264139129845841314E+01
 0.594596844046464623E+00
 0.315736098860286474E+00
 0.145525285839139862E+01
 0.224224888690395341E+01
 0.321501268389301487E+01
 0.929956204247971763E+00
 0.585419844840976089E+00
 0.175982914317674344E+01
 0.987165786164088122E+00
-0.627148131890822746E+00
 0.120056250475521975E+01
 0.762499183108549694E+00
 0.782044655185920590E+00
 0.229942654459530854E+00
 0.477579664075012233E+00
-0.184352497667189918E+00
-0.131839184803643455E+00
 0.417866340981874140E+00
 0.291395816737196889E+00
 0.122273752039435291E+01
 0.346419742930808849E+00
 0.294792252389101839E+00
 0.650167431789649308E+00
 0.294038798583283245E+00
 0.264131504376145188E+00
 0.634752270520762552E+00
 0.684254704860695506E+00
 0.383519723706503279E+00
 0.144155361678517585E+00
 0.124093297577292802E+00
 0.504599453560454325E+00
 0.705233213916737212E+00
 0.706112391282553320E+00
 0.333326010920425131E+00
 0.471483298927312999E+00
 0.930974288576421755E-01
 0.136725135121626151E+00
 0.139882232988100164E+01
 0.126322690019519818E+00
 0.141544586451284338E+01
 0.797088443203093633E-01
 0.123393299404972942E+00
 0.108664326745430606E+01
 0.131329381174906179E+01
 0.201670526261993288E+01
 0.175761337069689577E+00
 0.307007690498877217E+00
 0.293906501616484972E+01
 0.247403181554053520E+01
 0.158849441285644111E+01
 0.102974467696655658E+01
 0.207166275806300115E+01
 0.367790603447888076E+01
 0.172295137549025323E+01
 0.812571465024646500E+01
 0.290393469905257673E+01
 0.683765070971141586E+01
 0.178403726970134002E+02
-0.645321653704104103E+00
 0.790652921014302290E+01
 0.201877340893864465E+01
 0.557021627377073436E+01
 0.440355699050690603E+02
 0.266265730090335779E+02
 0.364066539744731088E+02
 0.507891831989342357E+01
 0.175280185870723422E+02
 0.782505681959141555E+02
 0.901217641219567014E+02
 0.173657787543863606E+03
 0.841678197767381278E+02
 0.557542742291350280E+01
 0.607311616590944769E+01
 0.483729231353893496E+01
 0.539761180824195108E+01
 0.402582754117886932E+01
 0.147870349198291229E+01
 0.354615156222972017E+01
 0.117848659513400800E+01
 0.198897085710625077E+01
 0.224906747146257979E+01
 0.113520595916651557E+01
 0.188213142000966593E+01
 0.698567315662466659E+00
 0.967784922335212738E+00
-0.288028374385151886E+00
-0.173900965955413683E+00
 0.143712718818931173E+01
 0.198114537669972779E+00
 0.122872264353168559E+01
 0.938569101767812997E-01
 0.683914155324756023E-01
 0.781660647991442414E+00
 0.353031827000775178E+00
 0.856369540161782572E+00
 0.146561716170930334E+00
 0.126477080521934571E+00
 0.829521444045908996E+00
 0.374969698322459022E+00
-0.310295254659007869E+00
 0.540609627845873852E-01
 0.413155925938885824E-01
 0.294497437258228190E+00
 0.284550710697810350E+00
 0.772716903115921006E+00
 0.424504303617520506E+00
 0.359715445875830264E+00
 0.134717147778369781E-01
 0.894336259817922058E-01
 0.799660064370961154E+00
 0.219627745033629224E+00
 0.242272027992335326E+00
 0.419722311096809075E+00
 0.283569060098862735E+00
-0.788299091785980566E-01
 0.608085177940153807E-01
 0.739475542536365826E-01
 0.555797035921784865E+00
 0.214415908071888928E+00
 0.106186454767078042E+01
 0.466719278988483366E+00
 0.632427720612570576E+00
 0.640009894718078898E+00
 0.479917032788520270E+00
 0.221470534325735380E+00
 0.118444452033223610E+00
 0.179686018374987211E+00
 0.165193329740710526E+01
 0.232866181756284207E+00
-0.417467516424643581E+00
 0.816119809921320161E-01
 0.138191998081309719E+00
 0.104022126812896221E+01
 0.121348219530715196E+01
 0.368935923177142877E+01
 0.118428766573320488E+01
 0.273939246690817972E+01
 0.181278202289863200E+01
 0.776962302175991271E+00
 0.529539646512907325E+01
 0.180553846987877187E+00
 0.466200178637021068E+00
 0.970699676278488255E+01
 0.842183828731711492E+00
 0.115919026916590706E+02
 0.405522826397706204E+01
 0.120500294905871339E+02
 0.155532590259437189E+02
 0.215397734121096107E+02
 0.399725900131358998E+02
 0.186406105779622102E+02
 0.420939399597533370E+01
 0.630732370729005254E+01
 0.556369959519844848E+01
 0.413374941876782831E+01
 0.262238958194415162E+01
 0.916739324362726982E+00
 0.295774281560749364E+01
 0.212372248650364082E+01
 0.223562865324489968E+01
 0.138606758567292476E+01
 0.582006437723618708E+00
 0.135785728535292693E+01
 0.935335330280507415E+00
-0.398611748495363294E+00
-0.412765675433555801E+00
-0.186788906473032534E+00
 0.528562637728899665E+00
 0.275299219898624492E+00
 0.653745377379867376E+00
 0.160862164396965018E+00
 0.879457783524697501E-01
 0.499349700834895827E+00
 0.101705100583225502E+00
-0.131370989517376219E+00
 0.122651097824822974E+00
 0.721020081832975390E-01
 0.200631745974247960E+00
 0.169387534838961185E+00
 0.741814024094596958E-01
 0.205295741944266745E-01
 0.145817232044895412E-01
 0.195454137113623860E+00
 0.452076243583895213E-01
-0.375832468067445469E-01
 0.436340917020449914E-01
 0.400408001635365746E-01
 0.944249738245342141E-01
 0.465864470651646753E-01
 0.168366408443188370E+00
 0.595127088773666976E-01
 0.705562993293872009E-01
 0.162392512792320198E+00
 0.564848766245966485E-01
 0.299799930851615166E-01
 0.449640919154171842E-01
 0.483738101343761454E-01
 0.202534573673991580E+00
 0.498022604764532181E-01
 0.761407115909206872E-01
 0.970584200087843962E-01
 0.123065502238451724E+00
 0.966613607834233834E-01
 0.126061067629907236E+00
 0.174892943737293388E+00
 0.614030518757407440E-01
 0.101626251765818229E+00
 0.369854953287272414E+00
 0.109578656136400346E+00
 0.996714582900783269E-01
 0.248525756681102661E+00
 0.453677661912025632E+00
 0.489304109281413990E+00
 0.366242758801715806E+00
 0.420607972545986197E+00
 0.717091880076426158E-01
 0.137975419836428581E+00
 0.102144611274072949E+01
 0.149245914019163317E+00
 0.104933834692875605E+01
 0.161421951550454662E+00
 0.384837108363873581E+00
 0.257814449142814706E+01
 0.116582369045264556E+01
 0.193502741705903891E+01
-0.512191973137580622E-01
-0.143740399365569260E+00
 0.394667409579963291E+01
 0.402550043951433434E+01
 0.787352399997713093E+01
 0.488888237858641883E+01
