     48 -    30 -    30 -     1 
rmse=  38.7021meV
  0.368682470668275     
  6.062416731262806E-002
 -0.567044325582962     
  9.115458777967961E-003
   1.07919918790670     
 -0.430107260100968     
 -0.685429423510594     
 -0.308939339704490     
  0.116178208923938     
 -0.362091754439040     
 -0.716459751470836     
  0.848294181824783     
 -0.285921647373661     
 -1.178922838043624E-002
 -0.683813898284209     
  0.731180374723797     
  9.133348954518568E-002
 -0.295318120033267     
  8.528915045633292E-002
 -2.734974713389172E-003
  6.736187424257106E-002
 -0.357646124305332     
  0.168438872757231     
 -0.668984986294521     
 -2.487214468607657E-002
  0.884081057175905     
  0.162043399218846     
 -0.626734901773198     
  -1.07688298655767     
  0.724702898585150     
  7.262461568393241E-002
 -0.134988319132118     
  4.221551511596353E-002
 -5.164625688746514E-002
  0.128155334190605     
 -0.377536803873829     
 -0.207188071745724     
  0.253740180556321     
  6.469290342464865E-002
  -1.18403199871379     
  -1.21446548413994     
 -0.102082499562098     
 -0.218611959602377     
 -0.368862233956792     
  9.268815866877406E-002
  0.172746895305626     
 -0.454303108120943     
  0.522143277602032     
  0.461254871808853     
  6.984164296778651E-002
 -0.250719515846277     
 -6.807655524046489E-002
  -1.01302877023253     
  0.378168852099372     
   1.56185083173687     
  0.195091961666696     
  0.442877779013762     
  6.459643311846427E-002
 -0.682125795196695     
  0.216634800276585     
 -0.130724776948788     
  0.343225635419070     
  0.540723179433089     
 -0.155307440613682     
  0.154323717276585     
 -7.615986072089745E-002
 -7.333823799174560E-002
  0.875191036592529     
 -0.316316127248152     
  0.180276846522413     
  -1.04890632824424     
 -0.732638950104503     
 -0.363654054641537     
 -8.627673552360519E-002
  0.526315607015125     
 -0.267836133729734     
  5.567093060524290E-002
 -0.544554730923742     
 -0.230018190447127     
   1.06328186379489     
  5.822415801789690E-002
  0.147651933703026     
  6.852082058763706E-002
  0.373648576215828     
  0.665728765111577     
 -0.914052478746154     
  0.484417245762469     
 -0.726828820134448     
  0.997865273636875     
  0.359202711560931     
   1.61725414499471     
 -0.454051477648619     
  0.306451562457658     
 -0.107470095662512     
 -0.486490366460159     
 -0.237221419208805     
  2.964952961595954E-002
  0.180863144542091     
 -0.216475924486152     
 -0.672426328834160     
  3.102778282473932E-002
  1.916578783797656E-002
 -0.290047407253252     
 -3.931079679630528E-002
  0.148054379909976     
 -8.629212961139957E-002
  0.208612032714605     
  8.517112380491806E-002
  8.996411423134583E-002
  4.826216951516873E-002
 -1.728751102225638E-002
 -8.072726029291390E-002
 -2.262940003229508E-002
  0.464457340898087     
  7.506519321316810E-002
  6.556519444953432E-004
  0.253724532285931     
 -0.218562968814429     
  0.175923371104959     
 -5.241272292169993E-003
  8.768652846324904E-002
 -4.010472527429775E-002
 -9.462203866688985E-002
  0.101063484166073     
 -6.017605479827060E-002
 -0.123499906520443     
  1.811975594854758E-002
  7.687089569306690E-002
  0.251886023037687     
 -0.161007543001159     
  6.907928030486261E-002
  0.381591628444689     
 -0.527820161095148     
  0.467028530604764     
 -4.460105472536948E-002
 -8.861808081168890E-002
 -0.325632765626037     
 -7.477499374879591E-003
 -2.488557378977557E-002
 -1.157033058818119E-002
 -6.505151371763110E-002
  0.113520135096087     
 -9.347232721382301E-002
  5.849692692947907E-002
  0.328401131132619     
 -3.428982165937339E-002
 -0.720438839100454     
 -9.045394046074148E-002
  0.482974942896084     
 -0.191234000783062     
  0.799009825059174     
  3.605361372659874E-002
 -0.592467402036437     
  0.555783641918124     
 -0.203095276227503     
  6.076703623180714E-002
 -0.112263427326517     
 -6.737629624543964E-003
  0.165424540638936     
 -0.147594570877882     
 -6.978487202638158E-002
 -4.235191147628080E-002
 -8.255815483957614E-002
  0.666070849948717     
 -0.376465831147009     
  0.109655076518377     
  8.195513910095545E-002
 -0.208842805430759     
 -0.236384631809540     
 -0.370260575757157     
 -0.125338257297850     
 -0.188917873538302     
  0.365075409149049     
  0.206300699174141     
  8.234718605083893E-002
 -0.831314831532575     
  0.241822320514985     
  0.330716648335715     
  0.396081501029506     
 -0.678683030936769     
  0.295783743239880     
 -0.772543092685454     
  0.737825238034411     
 -0.213758106542875     
  0.324364779501717     
 -6.020953899481180E-002
  0.125912508591195     
  0.236536957552881     
 -3.479859631931899E-002
 -0.188070337913194     
 -0.183185921389190     
  0.571863035956798     
  0.124514026891961     
 -0.427683494351866     
  0.405336331324647     
 -0.165046210861044     
  0.662922992251881     
 -0.690397188110541     
 -0.176448685301221     
  0.826723018987555     
  0.401454183970724     
 -0.553756069994743     
  0.465531834094810     
  3.414931151979958E-002
  8.981922439357853E-002
  0.283173205287995     
  0.256154568133904     
  8.790664606552356E-002
 -0.224794847084887     
 -0.192833542262575     
 -0.123703762147939     
 -0.765284732811479     
  0.235119445985614     
  0.134983319817323     
 -0.538881584852566     
  0.196561072923366     
  0.240061841495436     
 -0.467485525237606     
  0.242620064589108     
 -0.464658729214782     
 -0.378223940143200     
 -2.785277423899454E-002
 -0.591745679345848     
  3.876604098559977E-002
 -0.315370754031867     
  0.199784526924010     
 -1.964799783393445E-002
 -2.347434946998241E-002
  0.156942802188616     
 -4.720835034574971E-002
  4.291144632328033E-002
 -0.372760906013235     
  0.272820933048071     
 -0.171847101034043     
 -0.199203630317392     
  0.116308283904809     
 -0.210511716082804     
 -0.107627427026854     
 -0.143475720499917     
 -7.049698666089368E-002
 -0.147813238469119     
  0.203146781934320     
  0.429507795724872     
 -0.112580949270152     
  0.489768263076027     
 -0.276321349058129     
  0.154021659338506     
 -0.462240592092728     
 -9.718237556380592E-002
  0.179943687725308     
  0.262898375584565     
 -2.501723622494972E-002
  0.174086512856662     
 -3.488629647313612E-002
 -0.447782165095526     
  0.484215951492490     
 -0.195114711835138     
  0.102231862595731     
 -0.703664290058634     
  6.372370761661429E-003
  0.476875038207932     
  2.682087106324980E-002
  0.316573893106913     
 -6.807970225381837E-002
 -0.456781908380113     
  3.495657216311977E-002
 -9.248434612586137E-002
  7.490055767209940E-002
 -0.168554087771717     
 -0.103730658293350     
  0.149391848284594     
 -7.468032736706659E-002
 -4.641509488152512E-003
  0.365692703500855     
 -6.600442733435891E-002
  6.758166035471685E-002
 -0.918971116995322     
  0.300127892964507     
  0.343491046564597     
 -4.308823939845639E-002
 -0.210048022808965     
 -0.265848596306913     
 -0.408169711436916     
 -0.419773605757853     
  0.378403408292351     
 -6.509002047687219E-002
  6.930679703756824E-002
  0.201794289536399     
  0.556237397821429     
 -0.490663805060751     
  0.146395822751385     
  0.126911963811305     
 -0.376853997172102     
  0.669799432187644     
  0.419778096786325     
 -0.543601500992092     
  0.575958598101374     
  4.580169101232032E-002
  0.501288583609827     
 -0.656847385696014     
  0.129602107205389     
  0.565391049812971     
  0.387739043999680     
  0.188638319347203     
 -0.190635934288117     
 -0.299548886301132     
  0.162042659449500     
  0.283608437616130     
 -0.598508832113193     
  0.212844088137480     
 -0.356671581892547     
  0.349261568753030     
  0.270815479928508     
 -0.241473991675374     
  0.179433054312812     
  2.042859000526074E-002
 -0.404915550497482     
 -0.311867458545945     
  0.195673957887909     
 -0.429713742203828     
 -0.770090233462305     
  0.456707025629849     
  6.516835676343469E-002
 -0.412973701887551     
  0.168096082342541     
  3.512894618691040E-002
 -4.333460156166249E-002
 -0.439773999739978     
 -0.346456545348969     
  5.943275471331834E-003
 -0.131543673329642     
  0.344084842731995     
 -3.302368239206430E-002
 -0.439021142348107     
 -9.280804705780474E-002
  0.223649448451051     
 -0.672643814412250     
  2.648095191608562E-002
  0.331527897165301     
  0.729092086069314     
 -0.612963208404514     
 -3.644594997490381E-002
  0.101094819008278     
 -9.554141877241462E-002
  0.771620489032217     
 -0.891396058471168     
  0.751963796391639     
 -0.173928928103393     
 -0.242932869169728     
 -0.197940742135184     
  0.494095090202653     
 -0.121332267257290     
  0.414814931418123     
  0.369511226056279     
 -0.366127876032309     
 -0.199304789343123     
  0.219643279967240     
  0.769419133296764     
 -0.639807711851318     
  0.394568453837401     
  3.096874940103662E-002
 -0.180318692715968     
  8.941500770408846E-002
 -0.380099855527696     
  0.300889646771972     
 -0.109881687215912     
  0.141599935509590     
  0.134762395215405     
  0.465357290513921     
 -0.144576584339047     
  7.749280137758788E-002
  0.295382836202581     
 -7.697703299570341E-002
  0.202048641186247     
  0.317580948657652     
 -0.328527968368555     
 -0.102589652108587     
 -0.447383341983809     
 -0.237448857523684     
  0.191334836726558     
  0.174440822459495     
  0.207013512845189     
 -0.694147364108567     
  9.420909488722361E-002
  0.102845111746043     
  0.359651552646542     
  5.800965304208842E-002
 -0.748564110623502     
 -0.633499864486567     
   1.51644639671884     
  0.690908408904407     
  0.188237744432956     
 -6.252434826850504E-003
   1.01322006215144     
 -0.288307605334013     
 -0.706292771552088     
  0.678405299858089     
 -0.706331539011283     
 -2.946863127500718E-002
 -0.348483930136156     
 -1.949482521001750E-003
 -4.231660951560832E-002
  0.399513597675465     
  0.282276270860598     
 -0.657305910373044     
 -0.291795400646625     
 -0.407796198582910     
 -0.746253804761127     
 -0.278136430243364     
 -0.850606383752635     
  0.494603337536776     
 -0.282956186069418     
  0.559999974808629     
 -0.158711839176973     
 -3.940851473047098E-002
  0.352932451147313     
 -0.233148016042889     
 -0.274416342891229     
  0.169219285175781     
 -2.567891354497659E-002
  0.389882130183939     
  4.594444155934391E-002
  0.751906445111334     
  7.964078435103719E-002
 -0.509325917056115     
 -0.266717421210507     
 -5.217226637101773E-003
  0.474708081497216     
 -0.168422835625218     
  0.676718439938883     
  1.250126996531621E-002
 -0.124538353310690     
  9.682972194543756E-002
 -0.286727980383582     
 -3.012401748232903E-002
  0.502796863260734     
 -8.305844746078153E-002
 -0.122856808197348     
  9.908920915845246E-002
  0.449666591053586     
 -0.703536973262193     
  0.596172572608738     
 -5.360238465742632E-002
 -0.715391427577360     
  0.894859573076162     
 -0.139046728031147     
  0.250212469378537     
 -0.321810220627639     
 -0.145602030593295     
  0.103717289328902     
 -0.135425813381577     
 -0.165200998114772     
  0.226623920664471     
  0.224202353758177     
 -6.570594351462829E-002
 -0.178765607409832     
  3.974403427373822E-002
 -0.406837295873482     
  0.134687629414488     
 -0.628107638311658     
  0.406979705350077     
 -0.180281448423209     
 -0.980946736203779     
  0.510953532770214     
  8.305427697682340E-002
  0.103876204565112     
  0.278080134766928     
 -0.102877340539453     
  1.429138855605280E-002
 -0.269459108983418     
 -3.697425192158545E-002
  0.265531174109099     
  0.100378044498616     
  0.175395867667634     
  0.353242857470421     
  0.708292008920172     
 -0.614155031781024     
  0.361499508961904     
  8.695423889075821E-003
 -0.280269154625174     
 -0.297143233713782     
  0.332431555634366     
 -0.170460397583343     
 -0.436639294719621     
  0.530032032548990     
 -0.368794673396184     
  0.177782629093675     
  0.470577722384127     
  0.144059950066414     
 -0.406253153237783     
 -0.566470670245674     
  0.479476939776671     
 -0.419875320172514     
  0.171708731011238     
 -0.189648659303368     
  0.327457708603121     
  0.316808232760906     
  0.267979005593997     
 -8.783172177725125E-002
 -0.321186443614867     
  0.548502068363295     
 -0.203540969890850     
 -0.299280423111937     
  0.124861914172360     
 -0.209828275875030     
  0.402068790857071     
  0.184524863124192     
  6.703718798662105E-002
 -0.245865575291987     
 -0.124649488106866     
 -8.860783560573003E-002
  0.385471484467514     
  0.359921630017740     
 -0.124771244915094     
  0.134018186863713     
 -0.491896630470026     
  0.517957777346128     
 -0.471868191813391     
 -3.840476480689285E-003
 -5.935345222622829E-002
  0.182069668423653     
  4.036686870875613E-002
  0.678678553036415     
 -0.269092952689417     
  0.254312675348969     
 -3.720552283237998E-002
  0.181131359327061     
 -0.168183340919785     
  0.237786519421641     
 -0.305287612801547     
  0.259614363378746     
 -0.783887090480246     
  0.465899856621400     
 -0.129811416072860     
  0.242869489842731     
 -0.535816749625436     
 -1.583247612275800E-002
  0.794895844564433     
 -0.186473350121003     
 -0.146886201675611     
  0.590429995949938     
 -0.359008247906039     
  0.103871900035677     
  9.045831119605428E-002
 -2.859030037194782E-002
 -0.181438763176254     
  0.188928733111115     
 -0.917811500602945     
  0.236682162818046     
  0.769621600357882     
 -0.438096178500471     
 -0.337137271163620     
 -0.354803724805971     
  0.157542072030631     
  8.281447167484295E-003
 -0.330186734465958     
  0.441365652258977     
 -4.782619377758108E-002
 -0.506077521370393     
 -0.346504485083649     
 -0.394162298491908     
 -9.881816807512120E-002
  0.640204172148143     
 -0.783869545914239     
 -5.959130804288839E-002
 -0.183648431267135     
   1.29954901981903     
 -0.822976380623065     
 -0.253618045152820     
 -8.665326201698219E-002
 -2.460469495224066E-002
  0.108563272195795     
 -0.279869151195393     
  0.628256200180409     
 -0.207116068256530     
  0.695831484260065     
 -0.144033599212749     
 -4.968947641306634E-002
 -0.148174209091832     
 -0.479501347877625     
 -0.350790602854990     
  0.588710012187519     
 -0.412031562008788     
 -0.168805044574205     
 -0.245598534735390     
  0.323247757638367     
 -0.171522693126184     
  0.446381834815788     
 -0.422381252185011     
 -8.386837101561165E-002
 -0.432311309951647     
 -1.251858464788682E-002
  0.157107960731347     
  8.357914161032877E-002
  0.519538730039927     
  6.823567279012176E-003
 -0.113972249479683     
  0.114279529419061     
 -0.320134194924070     
  0.760104285848135     
  0.189645574599275     
 -1.600935133091066E-002
 -0.127183402818189     
  0.294874096641733     
  0.254832954960872     
  0.279345256796682     
  0.167700454946343     
  0.257543359692737     
  0.392071188593166     
 -0.646134873143128     
  5.249243362635126E-003
 -2.667284549790959E-003
  0.155691961652468     
  0.187508538748936     
  7.648949176985541E-002
  2.111699519768307E-004
 -0.123053182400188     
  4.403616056489500E-002
 -4.210046619912385E-002
 -9.922047122628808E-002
  0.120592416330036     
  0.295232097123035     
  7.653312495727597E-002
  5.710219300950706E-002
  8.598807576433981E-002
  6.545122393087366E-002
  0.259984979375912     
 -3.958322454895061E-002
 -0.529441200863241     
  -1.38957939157047     
  0.405454026101731     
 -0.551242207673779     
  0.121166131374098     
  0.548402183025522     
 -0.175163350890777     
  0.563698536062818     
  6.033723589204977E-002
  0.669744088615989     
 -8.371336242675444E-002
  0.283065138342626     
 -7.418841136493738E-002
 -4.256964736881708E-002
  0.397309774404936     
  0.138641962789696     
 -0.535656158438184     
  7.632033172089937E-002
  0.494200595689045     
   1.32837020798908     
  0.115126987211836     
  0.652094754134388     
 -0.696302636804422     
  0.330693511747847     
  0.578692801323191     
 -0.500484287217879     
  0.419350225334160     
  0.244553720783748     
 -3.447209462357172E-002
 -0.466028051524078     
  0.136965903067439     
  0.598180440293703     
   1.21994706288809     
   1.26951009395083     
  0.890472019835457     
   1.02243589240231     
  -1.14362057941485     
 -0.621716178399019     
  0.421506013100673     
  -1.11811472498525     
  0.670429338936236     
 -0.415632429993460     
 -0.139403372623155     
  0.112122002388296     
 -3.242948276898340E-002
 -0.121827878215928     
  0.177473198411643     
 -0.221144235740795     
 -0.612031374396141     
  0.601838896089634     
 -0.734855496229733     
  0.720105959301385     
 -0.811031000917793     
  0.216745983939790     
   1.00974876872151     
 -0.300831312439526     
  0.153911988613542     
 -0.144569512304198     
  0.714852702145074     
  0.198234916461811     
 -0.261224956494855     
 -0.264187934743931     
  0.286525699333285     
  5.232205980385067E-002
  0.114867320082042     
 -0.126226046427825     
 -3.232642471105185E-002
  0.474217200260231     
   1.08594846850039     
 -0.295400264637227     
  0.352556168038897     
 -0.221803405004960     
  0.125816967213577     
 -0.435050170732962     
 -0.776674190440097     
 -0.479747810758925     
 -0.243898080087258     
  0.258321671286603     
 -0.611985288898019     
  0.139465193619678     
  0.259110603455135     
  0.451046874914313     
 -0.364960599386533     
 -0.173824873512193     
  0.335777196499247     
  9.654950473499929E-002
 -0.398413352226032     
  0.540297595449515     
 -0.638247792845525     
  0.594941266062170     
 -4.283864413577381E-003
 -7.515332987949880E-002
  8.810028302791194E-002
 -0.363406047841314     
  0.206797824726149     
 -0.779081553810674     
  0.114074642332605     
  0.250242051669818     
 -3.715849497978000E-002
 -0.410386545679994     
  0.679930559973338     
  2.631257277047017E-002
 -0.654129926354227     
  0.643376407754498     
 -0.866726285684500     
 -3.617390888418736E-002
  0.273338865666883     
 -0.671700304363251     
 -6.326579491544627E-002
 -0.171472798512608     
 -0.260539998090299     
 -0.521311856750268     
 -0.172538378092211     
  0.282192048681877     
 -0.766224469585238     
 -1.844511809882084E-002
  7.501790192119845E-002
  0.216993712060677     
 -0.386263641448430     
   1.19695975520100     
 -0.149513939708586     
 -0.259968363944074     
  0.743676213206519     
  0.308127793405686     
  1.192050375620264E-002
  0.292953547846880     
 -3.913849482826114E-002
  0.486333356679197     
 -0.325324324679787     
  7.586862374852119E-002
  0.310151998553373     
 -0.729965098680547     
  1.928282427524823E-002
  0.298972839762284     
  0.268899088622022     
 -0.514452971049727     
  0.555945450942446     
 -0.143899647302654     
 -0.276282161685653     
 -8.887394112745607E-002
 -0.459530221738609     
  0.142016151938723     
  0.755759987970920     
  -1.00443793857078     
 -0.269875175085513     
  0.126419546507085     
  0.223756816163773     
 -0.249514473851653     
  0.170730905055605     
  3.829328760998041E-002
 -0.781546373136244     
  0.287133927119667     
  0.422963849646161     
 -0.375500492392588     
 -0.412246802037360     
 -0.102947264739460     
 -8.999992158966277E-002
  0.332598192800771     
  -1.06933314993973     
  0.545226777545823     
  0.630236813198593     
 -0.275211138132832     
 -2.322695920712005E-002
 -0.424020431776072     
 -0.398263769565834     
  0.258307990055769     
 -5.343032235205868E-002
 -0.657772219669849     
  0.299095430581925     
  7.768785784381396E-002
  9.684011312093872E-002
 -0.181869341033440     
  1.113692442325764E-002
  0.420073048394165     
  0.205670929938119     
 -0.216991482734659     
  0.406126460845409     
 -5.181709219681574E-002
 -1.673427462126544E-002
  0.484839370225217     
  0.535257500601741     
 -6.586343459378249E-002
  0.296799245608983     
 -1.619835851905064E-002
  5.125447199280724E-002
  0.145021771014902     
  0.261074758618895     
  0.179042851424576     
  0.349773267327027     
 -0.363340745475735     
 -6.972616803459691E-002
 -0.340971995559710     
 -0.250692490036992     
  0.128990511235084     
  0.256222218037135     
 -0.157671006180676     
  0.250917643772153     
 -9.658279104287999E-002
  0.297905403385077     
  8.098487248917563E-002
  0.380751310977114     
 -0.537728065520499     
 -0.312242950695693     
  0.469752038806837     
  0.146076095813245     
 -0.430520453347768     
  0.798086706489542     
  0.483149277155972     
 -0.310455236728819     
 -0.168491391530132     
  0.166928877145346     
 -0.392596939915860     
 -0.294890647088680     
  0.403018748923098     
 -0.277911882117364     
 -0.108520879806388     
  9.757452054488851E-002
 -8.384951381796453E-002
 -0.518655322522138     
  0.150297421988058     
 -0.222732685390133     
 -0.870091879879002     
  0.539047347593941     
 -0.767673098906381     
  0.475577593859663     
 -6.983992964385514E-002
  0.138701212534654     
 -0.252837724116870     
 -7.860321336537732E-002
 -5.818785990310643E-002
 -0.826062809501553     
 -0.217236383761091     
 -7.225608125132021E-003
  0.312802768911243     
  0.206433730056954     
 -0.220446303529646     
 -0.300255676241188     
  4.097199722084559E-002
  0.338211129164973     
  0.782324312386286     
  1.777989220515579E-002
  0.511689918609841     
 -1.077889408619851E-002
  0.635071733368972     
  -1.17870745779694     
  0.590452707571009     
  0.134775263009457     
 -0.243510760805790     
  0.558082055784610     
  5.272953808821569E-002
 -0.580811134506926     
  0.747402025308997     
  0.283612957782087     
  5.257915474955675E-002
 -0.956256206461412     
 -0.348855167293755     
 -0.780829996534529     
 -0.419808833337305     
  0.395236064968331     
 -0.401541734657732     
 -0.105942362286861     
 -0.140405449825605     
  0.127272273856240     
 -0.715010551074807     
  4.040098822566360E-003
  0.329524184403316     
 -0.503779645318450     
 -5.831138289674805E-002
  0.375392770415768     
  0.125384359139065     
  0.712801079761066     
  0.560648598306646     
  0.137648548841410     
  0.129584746035214     
 -0.533531114804154     
  0.556948369729155     
  0.227977734848479     
  0.109332346952936     
 -0.159188621910207     
  8.795529594932411E-002
 -0.180769232915450     
  5.308722154373265E-002
  0.281507623167391     
  0.104860189390658     
 -4.686900414819632E-002
  9.968813421589033E-002
 -3.557989719122790E-004
 -0.563458362192368     
  0.134512477536764     
 -0.478832769816902     
 -0.176009898863374     
  9.184274704826427E-002
  0.135089546892888     
 -0.628869074186262     
 -0.315730336045988     
  9.214400812154415E-002
  5.681920312941049E-002
 -0.237423721783495     
 -0.126402540476248     
  0.388922991487491     
 -0.319205310220611     
 -8.574266165309520E-002
 -0.387099475796366     
 -8.058720752292869E-002
  0.598478751302648     
  9.328261199296770E-002
 -0.308850019237265     
 -2.612826130483876E-003
 -0.149331975840667     
  0.635018563082985     
  6.772728574495053E-002
 -0.500197587505532     
 -0.181479482324276     
  0.205130357096289     
  0.288122362083125     
 -0.343646886485246     
 -9.967656452358757E-002
  0.867903936472031     
 -0.634941289756270     
 -0.150224605120028     
  0.116684938468087     
  1.482144390807454E-002
  3.437798613914468E-003
  0.489013224886391     
  0.214445765362287     
 -0.102249951240341     
  8.376403839318484E-002
  1.993332659747103E-002
 -3.527807391701018E-002
  6.410468899128516E-002
  0.177209163947673     
 -0.157418437467382     
 -0.176796117045257     
  0.159210407066801     
  0.353005758423846     
 -0.807756387276242     
 -0.421989440183096     
  0.516859685141294     
 -0.351212002721518     
  0.812066538219492     
  0.101676112059462     
  1.431159734671173E-002
   1.10644452382629     
 -0.130722012499390     
 -0.332657929363234     
  2.059350356603012E-003
  0.308523289406087     
  0.179130315927317     
 -4.894599435739893E-002
  0.253622170491261     
  0.515898547053983     
  0.143524514472218     
  8.034623895159239E-002
 -0.758316079256971     
  0.475693783468313     
 -4.318925931000770E-002
  0.610237382119997     
 -0.544870847464148     
  4.862107897208973E-002
  0.584155584436240     
  0.160042811566402     
 -0.294307383194938     
 -0.164746507206177     
 -2.366604807180210E-002
 -0.562035444022558     
 -0.110413067229316     
 -0.509696523714136     
 -4.038868384981532E-002
  0.522530305150740     
  0.419444113737260     
  7.234654179560956E-003
 -0.967084680878786     
 -0.476176269377452     
 -6.650825078728528E-002
 -0.232021476987185     
 -0.314719870028112     
  0.240826652473529     
  3.806444709165910E-002
  4.123614260804800E-002
 -0.159957462873345     
  9.260952578104908E-002
 -6.695589508395590E-002
  8.973425391359137E-002
 -0.525320436674469     
  0.364342380233710     
 -0.182312354794773     
  0.612460777540000     
 -0.396874790519400     
  0.103266827783069     
 -0.131987902762111     
  9.525907159466317E-002
  2.052750559054752E-003
 -0.137579475009487     
 -0.126135254984753     
  0.327119990901752     
 -0.597784160761227     
 -0.225979353672599     
 -0.123591115453479     
 -0.159580555902656     
 -0.443225698213484     
 -6.100310548262190E-002
  9.730650780634952E-002
 -1.826796119756992E-002
 -8.314510871456318E-002
 -0.146988583106029     
  0.172055404657064     
  0.227366738278499     
 -0.222881356343522     
  8.467241155714740E-002
 -9.468168685677232E-002
  0.527012905978702     
 -0.115403604404535     
 -0.136909948098849     
  0.433908233703962     
  2.802118595766314E-003
 -1.401798818773145E-002
 -9.963473444313489E-002
 -0.264865262082145     
  0.497492393226544     
 -5.249033759963703E-002
  8.424982272730600E-002
  6.992831028493232E-002
 -0.186539093963611     
  0.117685381177080     
 -0.135303568684294     
  0.169031163258125     
 -0.216232876762668     
  2.917967039743904E-002
 -0.422726520254894     
 -0.346108203367179     
 -9.347642313419752E-002
 -0.699933619310676     
  0.171352009146492     
 -0.583397559682948     
  0.297700701564398     
  0.649507230979666     
 -0.324034209468711     
 -0.270079531999217     
 -0.416226355676501     
  0.246750546427273     
  0.126449101060653     
  0.328751721841360     
  0.178607061063455     
  0.299395541321610     
  0.138650827185632     
 -0.317614116621204     
 -8.122079107551096E-002
 -0.886480466911214     
  0.914063160873325     
 -0.605431753248145     
  0.114293620118108     
 -0.181201296956830     
  0.210462672349788     
 -9.492197476549970E-002
  0.120990416400804     
 -5.154445848598219E-002
  0.243155789827096     
 -0.234627187979622     
 -0.405995390082591     
 -0.246859556809472     
  0.394903682574647     
  0.818810832154320     
  -1.17574387575321     
  0.836764486364616     
  0.187300747877484     
 -0.317042183020428     
 -0.298945983947955     
  0.101463200403566     
  0.680084982625220     
  0.809112716736411     
  0.646654028966810     
  0.606806657765540     
 -0.766367475098482     
  9.199186871155798E-002
  0.524114106437794     
 -0.336849182481479     
  0.341290850563046     
 -0.119483724019593     
 -0.373372283777982     
  0.247121008143461     
  0.415381171998748     
  0.504603510717010     
 -0.529760639570089     
  0.794285242020110     
  0.338822297326095     
 -0.174819973626671     
 -0.416298358717794     
  1.121679097197656E-002
 -0.262541341027776     
 -9.625945860767010E-002
 -0.123426843797899     
  0.223351641518412     
  0.116365965329047     
 -9.435549472827427E-002
  0.309964500906099     
  0.188460316162759     
  3.335768854844917E-002
  0.396911189001777     
 -0.997098074683552     
  -1.06703625386310     
  -1.27467699896353     
  -1.59389770668574     
   1.02009970223731     
  0.566336721698497     
 -0.789812617949062     
  0.120592519027505     
  5.883540262044475E-002
  0.145414810829794     
 -2.954789457415688E-003
 -0.374443102897143     
  0.270382575170939     
 -0.872132839283810     
 -0.554096936666675     
 -0.222352498993468     
 -0.147183575274811     
 -0.314603338380642     
  0.225156166585835     
  0.411882301679168     
  0.203667378045275     
 -0.238048279824470     
 -9.983393354620390E-002
 -9.900291465396353E-002
  0.506370651270559     
 -0.323946331382338     
 -8.910905007973186E-002
  0.392252416600789     
 -0.461389666770729     
  0.416328407168196     
 -0.648891399032308     
  0.122442947626252     
 -0.398437241454556     
   1.04815939442051     
  -1.06622484853260     
 -0.238995267951550     
 -0.515174390704332     
 -0.440504815985599     
  0.659006660922690     
 -6.659397562822562E-002
  0.932185724510020     
  -1.22324685672276     
  0.225740261584861     
  7.546989164756665E-002
 -0.127551329127852     
  0.605286076759502     
  0.215023567956349     
 -8.338583643102250E-002
 -0.206503020874942     
  2.352689608056509E-002
  8.709423149228390E-002
 -0.146194184315104     
  0.383473919275027     
 -0.845401163750118     
  0.111133081257130     
 -0.697015525160078     
 -0.753155216033626     
  0.687419834790097     
  0.269588530401915     
  0.119070243994573     
  6.643888975625545E-002
  5.694249509861706E-002
  0.213021396458838     
  0.293346129723828     
  -1.05885693191072     
   1.34662994591445     
  0.565102478770283     
  0.579143377467122     
  0.643889339031816     
  0.627189324208464     
 -0.577396707832440     
  6.278580916112218E-002
  0.121167031608495     
 -0.792526015248371     
 -0.440500130378801     
  0.259270987837927     
  0.560337532020021     
  0.785832017761957     
 -0.269824563879221     
  0.159292130702448     
 -0.243943528179745     
  6.339770368377261E-002
  0.144652567461350     
 -0.640545403922792     
  0.430619306260098     
 -0.115590448044407     
  0.241362751574776     
  7.439790484994220E-002
 -2.200490530404448E-003
  0.422373278988274     
 -0.108533872280330     
 -0.305175652926354     
 -0.704237812133388     
  0.530404191871565     
  0.428207901322940     
 -9.383348766417629E-002
 -0.165982897875102     
  0.141267066665556     
 -4.616766557503036E-002
  9.518094151356629E-002
  0.152260583189312     
 -0.344398176303308     
 -1.779711505830970E-002
 -9.507393860691994E-002
 -0.329018449904970     
 -0.111011299786411     
  0.134038329722436     
  0.221547942653757     
 -0.225543918434791     
  0.176434143704086     
 -0.298235611468021     
  0.280852480708571     
  8.797264943675620E-002
  0.445979385586342     
  0.399163674417906     
 -0.370217918215745     
  0.143163087543963     
  6.450882895596889E-002
 -8.041371328730344E-002
  5.493001510959227E-002
  6.330822963951357E-002
 -1.455305920133941E-002
 -5.096962979898800E-002
 -0.279025102252634     
  0.164164325246645     
  0.366924783593811     
  0.171323153662169     
 -0.109025316666397     
 -0.236180768258713     
 -0.170455103945075     
  -1.13310969200172     
  0.770293981250235     
  0.404247296084026     
 -9.280616917496211E-002
  0.318529304800837     
  0.106377088395432     
 -3.071649204099628E-002
  6.055202308397009E-002
 -3.333748324135363E-002
 -0.403090311648401     
 -0.145756661968480     
 -0.281086349450841     
  5.424514046237899E-002
  0.239950879639441     
  0.355564292992607     
  0.678127669382651     
  0.108524230705158     
 -0.427462578648572     
  2.471584922499200E-002
  0.250655711886058     
  0.292150640181890     
  0.178778670527334     
 -0.555111392592073     
  0.154037730810353     
 -8.433438838156061E-002
  0.378247899984761     
 -0.341763394424429     
  0.248058108553940     
 -0.303054169547972     
 -4.493892372467199E-002
  0.189876599947576     
  0.740683653479336     
  7.955767637992373E-002
 -0.123149761265048     
 -0.206646923384558     
 -9.791583011092134E-002
 -0.170705325390347     
  0.294499516535179     
 -0.454319048240606     
  0.370186015268888     
 -4.437032993722990E-002
 -6.221241670234955E-002
  7.877009491811737E-002
  3.927301669696932E-002
  6.764982209481038E-002
  0.271700594745225     
  0.306407645209723     
  0.720521406400003     
  0.486924327062700     
  0.219418937170533     
 -0.262673264440015     
 -5.481468344348098E-002
  0.516325438216068     
  0.150723522356532     
  0.393081683710294     
 -0.138396662168858     
 -6.258620567945145E-002
  6.441380545273556E-002
  0.186221920386718     
 -9.706291850503367E-002
  0.212765018209736     
  0.192021856796479     
 -0.493998141951928     
 -0.545583285140967     
 -0.121685582957877     
 -0.435156481753987     
 -0.149070179393066     
  0.233641577755748     
 -0.265892069098764     
 -0.591601670902170     
  0.166420828151613     
 -0.381123227149079     
 -0.258804843090806     
  0.102920316341724     
 -1.545774688759472E-002
 -0.239105956279769     
  0.410659222858530     
  9.726614819791235E-002
 -0.543468182608068     
  6.215098887961443E-002
  7.867868941147678E-002
 -0.621324562380132     
  0.708401817864104     
 -9.121994396614645E-002
 -0.139942599206947     
  0.141182712044680     
 -0.148360822657983     
  0.287503005576144     
  0.197536779122860     
  0.528318193931030     
  7.017155161147676E-002
  -1.62710765208884     
  0.272415668271900     
 -0.348106086911456     
  0.125141205018633     
 -0.241333267359512     
  4.483433099450501E-002
  0.129795454877857     
  0.357155847277698     
  0.195425975526716     
  8.309063399846528E-002
 -8.256095861180265E-002
 -0.156268328087656     
  0.129698065571329     
 -0.428917319255574     
  8.271919072328901E-002
  0.449460269859631     
  0.206965185320931     
  0.797275914434213     
 -0.525021764224132     
  0.245978073169510     
  8.708362462018189E-002
 -0.366650885207314     
  0.162658741941052     
 -0.489637808336697     
  0.996047661600612     
 -1.629962541661509E-002
 -0.244547125821392     
 -0.169407634744711     
 -0.205932372445254     
 -0.618922927047453     
  0.276821723584407     
 -0.871176403929812     
 -0.178460438765421     
  3.583978362042196E-002
 -9.593847670905881E-002
  0.600875569412175     
 -0.416896791434285     
  4.672855498580462E-002
 -6.693386140962677E-002
 -0.921039593300009     
 -0.130475705344770     
  2.468919857157581E-004
  9.252967261627290E-002
  0.209217584850619     
  6.461777348317150E-003
 -0.402395792558495     
 -0.162240339567521     
  0.609354317783356     
 -0.103711228345117     
  0.155001545926063     
 -0.232212359776478     
 -0.576611707792023     
  0.634100950418379     
 -0.813912294562905     
  0.285497949693506     
  0.107162767190691     
 -0.332720617833859     
  0.208749721056601     
 -0.110493885949972     
  0.233776434516142     
  0.146271928385340     
 -0.192750974643672     
  6.854384306108675E-003
 -0.471374799070230     
 -0.115577419806093     
 -0.315202239946772     
  0.432192394238359     
  8.131828479711843E-002
 -0.140907585118541     
  1.019098125535605E-002
 -0.313304870687351     
  0.395520273260604     
 -0.615053721227993     
  5.234247313894441E-002
 -7.640027980038999E-002
 -0.401105285701435     
 -4.316463164136660E-002
  5.741645025116271E-002
  0.440563248736249     
 -0.895146390299936     
   1.00152744296836     
 -0.476360899148188     
  3.435023051543039E-002
 -0.281469478763290     
  0.643432991232606     
  0.340529164428385     
 -0.184535170449137     
  0.325999776568107     
 -2.232011931150092E-002
  0.177010395417921     
  2.872221641738444E-002
 -0.272805935575328     
  0.102642787457431     
 
  0.812465226051966     
  -1.09330011690336     
 -0.289997667067926     
  0.599133102151456     
 -0.116411621733934     
  0.994927541823535     
   1.86813869655919     
 -0.604920060026091     
 -0.400746622328290     
  -1.16087974562056     
 -0.282782662148793     
 -0.125898127837952     
 -0.892633398251481     
  -2.54128876761402     
  -1.31390806348584     
  0.439151357984600     
  -1.32296592065925     
   1.03064964215781     
  0.824411489904092     
  0.919308420451780     
 -0.118691593929991     
 -0.963330072900149     
  -1.33236512435426     
   2.39382813352882     
 -0.262558464148943     
 -0.614707028893007     
  -1.07386332661333     
  -1.05521282041532     
  0.605542566003393     
  0.214853108862376     
 
 -0.158877326964100     
 -0.433980534362121     
  0.430482839763317     
  0.316659643966597     
  0.504945129990680     
  1.213531963514612E-003
 -7.259908391525247E-002
  6.178066992761988E-004
  0.355073006339468     
  0.637653060690582     
  3.297662634314161E-002
 -3.892275677204241E-002
  0.324124732610229     
  0.457888165002870     
 -0.375466592296023     
 -0.221678375698444     
 -0.407343559541776     
 -0.189835595922251     
 -2.385408651869051E-002
 -0.188116622128594     
  0.128308170142455     
   1.26671720966979     
 -0.261732582221103     
 -0.196300987098216     
 -0.363297397584385     
 -0.440256950265131     
 -0.412157254013394     
 -0.262052731106011     
  0.580904507324559     
  0.481271475980906     
 -0.133770796030288     
 -0.413179401831909     
 -6.865937867757509E-002
 -0.350801591812592     
  1.274874091157917E-002
  0.664436254227167     
  0.203427092035971     
  9.830547746055764E-002
 -0.373932808048404     
  0.121890935582729     
 -0.697068281105924     
  0.449259774854083     
 -0.758678174986688     
  4.033753572285621E-002
  3.058563861817466E-002
  0.639232314444549     
  0.139831996903648     
  0.545552108759566     
  0.459350600800337     
 -0.844940770758878     
  0.248317105698064     
  7.123080510673233E-002
 -0.558113390352242     
  0.151793406587056     
  -1.05341103715580     
  0.165535620931947     
  0.658095292014177     
 -2.511891254179324E-002
  0.764919380459131     
  0.616260961756053     
  0.721198601863744     
 -0.266617352691075     
 -0.449470737965580     
  0.138328515648643     
  0.358516330684671     
 -0.297134402818499     
 -0.469632056786348     
 -0.154558448190579     
  5.068819922500318E-002
 -0.269256548496815     
 -0.487852411845654     
  0.189123790992465     
  0.291161806018739     
 -3.187422220992862E-002
  6.795220135430888E-002
 -0.485841087853230     
 -2.496541517509276E-002
 -0.418950877211586     
 -0.446988656608938     
  8.374365955944027E-002
 -0.167645241254479     
  0.557560866698009     
 -0.360617155227176     
 -0.601344734024025     
 -0.289778684587899     
  0.117544834767662     
 -0.250169951156670     
 -0.265311070230254     
   1.07539305108493     
  0.204445235507925     
  4.272318550035747E-003
  0.792291945842966     
  0.228708254040435     
 -0.698412492177593     
 -0.363357018237059     
  2.663912797604500E-002
  0.276886271642286     
 -4.887609033660471E-003
  -1.37574381159254     
  1.538161593600808E-003
  0.185268951400810     
   1.01193251606011     
  0.186187059243494     
 -0.689253916960546     
   1.18949870867840     
 -0.585488052743416     
 -0.526411153507515     
 -0.222522178104035     
 -4.641050221907839E-002
 -0.194916385758397     
  0.588703557832052     
  0.673116800812885     
 -0.310477625092869     
 -0.388509078565142     
 -0.232654837860516     
 -0.151247763619151     
 -0.376579907196060     
 -0.616786984447348     
  0.927162445742109     
 -0.257144401407497     
  -1.37757976867111     
  0.165757848460629     
 -0.498080887414783     
  1.045205938562000E-002
  0.668276613968141     
  0.747027752661675     
 -0.354950064547184     
 -4.909121493159116E-002
  4.618261929029518E-002
  0.313102475170088     
  0.229037326541334     
 -0.342647213253123     
  0.224343274247191     
 -0.140566958170636     
 -0.288813489870313     
 -0.270563048219972     
 -0.250584302426347     
 -0.425445561313923     
 -1.129191887247066E-002
 -0.123450831708547     
 -0.207686900191339     
  0.408033932028861     
  0.208674020739906     
  0.390106848517002     
 -0.223094354510107     
 -0.127368145669346     
 -0.362270306729380     
 -5.173132278663501E-002
  0.757757682621997     
  0.155142941367137     
 -0.637592711190763     
 -2.555207661403112E-002
  0.133246184647095     
 -0.151888666262059     
  0.208488029606208     
 -0.363150720416012     
  0.368924655741658     
  0.693756378536984     
  0.515707580855540     
 -0.157800725201293     
  0.190603302114092     
  0.536010590602508     
 -0.213794651240126     
 -0.599964549939423     
  -1.03361956884343     
  0.611061899206775     
 -0.391016181414657     
 -6.593451919267486E-002
  0.919433977842567     
  0.614589788932677     
 -0.239438642011856     
 -7.425917775640703E-002
 -4.470198006723465E-002
 -0.209711751515883     
  0.175009295723107     
 -0.280296364203627     
  8.293009901904842E-002
 -0.303937725302187     
  0.239322237024874     
  0.135103231023776     
  0.116353893520514     
  -1.46851214663092     
  0.174130709766223     
  0.242904654312179     
  0.196208167215109     
 -0.276426499816938     
  7.250984353737655E-002
  0.165201203910395     
  0.542338358666179     
  0.552675184638579     
  0.226332410860638     
 -0.276033024193133     
  6.791400001566658E-002
  0.209153858778339     
 -0.120578505453658     
 -0.118374800902713     
 -0.145330719191080     
 -0.482099746665063     
 -0.283557589634620     
 -0.199600292045104     
 -7.253605829121561E-002
  0.798162750157016     
 -0.303525812219801     
 -0.362458653111572     
 -0.179402552181607     
 -0.311754617610494     
 -0.226802759224521     
  0.188328052922291     
  0.428308844457610     
  0.121590975924641     
 -0.348849148468073     
  0.162508377462059     
 -0.224203088212577     
 -0.108961883517852     
 -0.535148028491070     
  0.470885745113988     
 -0.122258930568243     
  -1.10650856443913     
  -1.00134039562306     
  0.105026040542476     
 -0.317231825088199     
  0.257178762918340     
  0.445733482607876     
  0.466047700074360     
 -0.613435345480525     
  3.862494741505375E-002
  4.137413351209660E-002
 -0.560956806690927     
  0.190891186844980     
 -0.298983361833987     
  0.447896947987208     
 -0.543719443566956     
  0.453433564272115     
  0.127078479097460     
  3.454060183963006E-002
  0.121127872028793     
 -0.276966542816345     
  0.288266869478445     
 -0.190918318026952     
  0.211519943753698     
  0.903651698682457     
  0.386569908501265     
  0.765324638794444     
  0.769061221013682     
  0.278212570385366     
  -1.09761305994360     
  0.314448920881944     
 -0.407459088483790     
 -0.512203226606718     
 -0.828148561335803     
  0.161177100154224     
 -0.110554069479508     
  0.576590674275814     
  0.223515560539194     
   1.63133172037130     
 -0.859603747321923     
  0.312835813417119     
   1.05091913072412     
  -1.78847117241743     
  0.551049827797211     
 -0.296905787607588     
 -0.800530787243231     
 -0.710463414539813     
   2.24086109687947     
 -4.205602988467966E-002
 -0.899632911954180     
  0.419004486922498     
 -0.375321154066414     
  0.653968049647519     
  0.767262199185352     
 -0.541510422559248     
  4.914712091830066E-002
 -0.439500959162550     
  0.125054876264341     
  1.929997538668485E-003
 -0.250996872592055     
  0.329947797676993     
 -0.354339845427361     
 -0.689925504450309     
 -0.203288860723710     
 -0.344306954378340     
 -0.575490496079911     
  0.354364955260004     
 -0.242927237502092     
  0.240921569105901     
 -0.313031804126903     
 -0.210280312145067     
  0.665172010793410     
 -0.826517001678123     
  0.887745280076105     
  0.488693152271693     
  0.611074389226571     
 -8.661965945408984E-002
 -0.228576364292634     
 -0.508139034196582     
  0.309726005911695     
  0.908375079176487     
  0.239152476813824     
   1.17085799194836     
  0.804846889605748     
  0.357082748836379     
  -1.03087184547963     
  0.479429070322610     
  0.383665420298521     
 -0.269235481925552     
  0.225446992898773     
 -0.332784358026223     
  -1.02455033156616     
 -4.133872849916890E-002
 -2.134906104288628E-002
  0.141560129769522     
  0.736064276270542     
  0.379443650290161     
  0.138242359624265     
 -0.430440559814566     
 -0.794900935766841     
 -0.108432024634866     
  3.939365483601372E-002
  -1.23714111834551     
  0.542622309238057     
   1.27982299328794     
 -0.672396020632229     
 -1.805416474720653E-002
  0.199676649344660     
 -0.321051619149137     
 -0.294240002096664     
  7.378450587067853E-002
 -0.232896757487318     
  0.453518848359838     
  0.530201145734853     
 -0.597293671732006     
 -0.527724554069609     
 -9.235134215991972E-002
  0.292100148707220     
 -0.228724924373550     
  0.250347265064772     
 -0.378102035630876     
  0.316886303816030     
  0.521155019421317     
  2.858145005509055E-002
  0.226762391932844     
  0.216091660572352     
 -0.227975591333338     
 -0.308698723415836     
  0.274040087502283     
 -0.174637720475980     
 -0.577415688388996     
 -0.733167989158023     
 -0.410996039791496     
  7.832821408913924E-002
 -0.543701641375831     
  6.456200054109990E-002
 -0.167018628629651     
 -0.643952666689856     
  0.418779690196970     
 -0.231417895849472     
 -7.506330658936855E-002
  0.287325384161544     
  0.474683909958496     
 -0.284343155374852     
 -0.394991636227998     
  0.340245034325154     
  0.419234827325622     
  0.255774735168565     
 -0.185688122418733     
  0.499570230896683     
 -0.396743765970864     
  0.632546647744847     
 -0.560993310057519     
  0.940621672896611     
  0.148616543980893     
  0.289214708593949     
 -0.686406712929029     
  8.174258353203553E-002
 -0.110186825821630     
  2.885965284628359E-002
 -0.536259928773063     
  0.969680146820117     
 -0.676288492659553     
 -0.298374332490186     
  0.111172463143061     
  0.487262081729474     
 -0.121563259367494     
 -0.156453551205285     
  0.403929044540402     
 -0.957395178945350     
 -0.121525139392696     
 -0.434921796543849     
 -0.457486594324716     
  0.582692938917141     
 -0.111320969202597     
 -0.344363548071478     
  0.117034869012773     
  0.229783806183442     
  0.471889519822313     
 -0.159215207289360     
  0.705613422355007     
 -0.503791771895408     
 -0.201920140613677     
 -0.579244153895935     
  0.333083941845467     
  0.466136554163812     
 -0.337823561789115     
 -0.172735133949352     
 -0.388746818362239     
 -0.275373659412184     
  0.285655466062340     
 -0.331116247619738     
 -0.206000770476708     
  0.128230703501742     
 -5.730900631483812E-002
 -0.173643945125859     
 -0.243563897303291     
 -0.367567173421089     
 -0.784849665494167     
  8.164949777415489E-002
 -2.440604526163740E-004
  0.180756380801123     
  0.384026773922768     
  0.463092294498181     
  0.143149722545739     
  0.993556881403507     
  4.809026745564594E-002
  0.682371334124049     
 -0.240661937995764     
 -0.451290326467262     
 -0.745832230145763     
  0.504333023975735     
  0.578191489923719     
  0.294584805228122     
  0.897744385902205     
  0.545133120975882     
 -0.742353018529910     
  0.217172513303265     
  -1.51981125273770     
  0.561388251861063     
  -1.04227550795847     
  0.826916213290335     
  7.962679959758381E-002
  0.229861517081920     
  0.376237508953312     
  0.796587722576111     
  0.245878702247163     
 -3.376666348617377E-002
  0.118953315629958     
  0.984535574510545     
  0.147821554151193     
 -0.125199910703323     
 -0.337262143906339     
  0.971945949010371     
  6.970764602163285E-002
 -0.681728246236536     
 -0.377713280554924     
  0.170861537773690     
  0.278098308530777     
 -0.121448198346957     
  0.149693169096167     
  0.562904077293015     
 -8.772632201050397E-002
 -0.800413358222192     
 -0.231710782868941     
  0.568707140378426     
  0.377773278091847     
 -0.266843412679318     
  -1.16754033706732     
  0.566053517268521     
 -0.128141133388646     
  0.920005023055926     
  0.994999096023402     
 -0.587844422554025     
 -0.439971840748800     
  0.502802385907075     
  0.861389094241628     
 -0.357711310793865     
  0.352034223244779     
 -0.202298057999305     
 -7.905037607052810E-002
  0.241342282602417     
 -0.365141376888663     
  0.635638238328319     
  4.094138641541360E-002
  0.610134230128326     
 -9.597868367129093E-002
  0.270079656009863     
  0.235579376340971     
  0.579978941347707     
 -0.337494320416759     
 -0.330570339106724     
  0.669361452187560     
  0.247998669277975     
 -0.315429712288908     
 -0.725604485879226     
  0.113771714625080     
  0.276760765667707     
  0.198999714001709     
  0.753160302960835     
  0.224567256808572     
   1.51921130808237     
  0.771165105243696     
  3.909230978998243E-002
 -0.105449298245453     
 -0.108943936702021     
  0.240628347159567     
  0.155474781317925     
  0.542280206228694     
  2.696800725530723E-002
  0.336122352541793     
  0.283241167892752     
 -0.845639722826404     
  0.251500107935742     
  -1.43194894893501     
  0.305482710233460     
  0.896878540270256     
  0.156926083809570     
  0.418460796049370     
   1.05911086037131     
  0.897623735157642     
 -0.911234138476801     
  0.362532956258254     
   1.08007332006367     
  0.291397920434252     
  0.276066504738697     
  0.172342173185875     
 -0.767519198538965     
  -1.12983321957619     
 -2.485768671791972E-003
 -0.321521979113437     
  0.341133051316239     
 -0.526021972478420     
  0.295100511206936     
  0.273773062240440     
  5.335582298679457E-002
  0.306847242041317     
  0.218474434131636     
 -0.277963367843591     
 -0.924980542399989     
 -0.136075398521294     
  0.254009797455312     
 -0.203095620499974     
  0.845018642236234     
 -0.768858160534974     
  0.423771198105497     
  0.379690353805854     
 -0.221530276418231     
 -8.810077963024091E-002
  0.796008479292526     
  0.880166183992193     
 -3.898042650284860E-002
   1.27342482958133     
 -0.145837162975234     
  0.131958999435240     
  0.360422215662349     
  0.198639169569735     
 -0.218998237971227     
 -0.370544214290832     
  0.793123587466748     
 -0.673813161324927     
   1.07452254532899     
   1.96108923508274     
  0.491118341500176     
  0.379343354867307     
  0.128370547435511     
  0.443596797699628     
 -0.460137695806364     
  0.339224165343607     
  0.212503527526608     
 -0.103380845107698     
  0.536896023914257     
  0.585566937003719     
 -0.963376868782335     
 -1.520251653983960E-002
 -0.202516731850693     
 -0.749663779012575     
  0.361144601062063     
 -8.088229323639042E-003
  0.852217425167341     
  0.425241417439915     
 -0.389999893370303     
   1.49567379474296     
  0.612673309916040     
  8.073986811729790E-002
   1.05703448449657     
 -0.212633037478946     
 -1.821954959262485E-002
 -0.725697032331590     
 -0.287553921190622     
 -0.229249386785412     
 -0.133816824870437     
  -1.47180312762371     
  0.903349917566497     
  0.655684989966188     
  -1.25202523349088     
 -0.583039586465737     
  0.541285479350282     
  0.180951166023537     
  0.135075221875734     
 -0.124368776457940     
 -0.470073641698704     
 -0.535579533052866     
 -5.309245554290531E-002
 -0.268274939598707     
  0.135723834892720     
  0.195615364889918     
 -0.213204964682589     
 -0.331246427106081     
 -0.568590936313286     
  0.910811284929332     
  0.445847425063919     
 -0.386713203300321     
  0.870660388646348     
  0.468256031297227     
  0.277803035188832     
 -0.715078199718211     
 -0.351376394483232     
 -1.054588998183514E-002
  0.493840376207990     
  0.562614446014095     
 -4.531150968945919E-003
  0.715630341948815     
 -4.335343978696317E-002
  0.964547243162151     
 -0.135973221007807     
  4.612569991723562E-002
  0.512711915615059     
 -0.469327000680329     
  0.241697398828612     
  6.865599994899807E-002
 -0.283130474459903     
 -0.783290038642997     
 -0.204330619255286     
  0.533644235514468     
  0.826548540307716     
 -0.305047051648626     
 -9.172035501965374E-002
 -0.595789041756365     
 -0.238458739432623     
  0.616312922243009     
 -0.346005216768503     
 -0.269654303282613     
 -0.422770388054225     
 -0.371736849696975     
  0.291356037456776     
  0.113619837787051     
 -0.483768253557633     
  0.343644602706965     
  3.472209040581116E-002
  0.194236995873821     
  0.864464592481512     
 -0.330708459106440     
 -0.378602287509157     
   1.07198556896355     
 -7.773037541629262E-003
  3.401291260673069E-002
  0.300937140943151     
  0.375437058550554     
  3.999099875364047E-002
  0.159549773000210     
 -0.841021699540442     
 -0.725990513211044     
  0.441847548992018     
  3.672010488406136E-002
  -1.22411287883015     
  0.185754375517801     
 -1.183219883899545E-002
 -0.501993272950676     
 -0.159332032910254     
 -7.234210222116721E-002
  0.129583459140671     
  0.543964898187346     
 -0.419739844954516     
  0.291646438315339     
   1.08067340411498     
 -0.439852539919867     
  0.592255286076409     
 -0.334819819965278     
 -0.309987407779370     
  0.263670081133949     
  0.249589361813981     
 -3.681701747672587E-002
  0.154346634512428     
 -0.346054645705428     
 -0.142018894943493     
 -7.876982368102257E-002
  0.532401068180816     
 -8.695775249961134E-002
  0.664087447577561     
  0.353296827706460     
 -0.627312116321962     
  0.223295778915619     
 -0.336936406583054     
 -0.152517727579699     
 -0.383895739203495     
  0.440134591444087     
  0.463525480402231     
  0.557633774289827     
  0.462719684347966     
   1.03255463340837     
  0.284070276078232     
  0.296657858606209     
   1.01540094712793     
  7.851324729312804E-002
  0.648632769983368     
 -0.398659122372254     
  0.108132359901200     
 -0.782746720656377     
 -2.505348416313671E-002
  0.349710535190323     
 -0.200514745517218     
 -0.734207937874662     
 -0.207484469582185     
  0.783805090023080     
  0.114428016783101     
  0.506241532395684     
  0.628021814651232     
 -0.803488804859787     
 -0.194106443373488     
 -0.460653163103587     
 -0.233407368389706     
 -0.440818784132826     
  0.185196756715997     
 -0.336188848188812     
 -0.396553699278898     
  0.660857955901844     
 -0.502592362474767     
  0.687180467622120     
  0.802418365079713     
 -1.994388945643692E-002
  0.660593931861721     
 -0.744060497332098     
 -0.425238547525091     
  0.104903064507322     
  1.949509034451091E-002
  0.806632298873038     
  0.208210813810011     
  0.937002625799889     
 -0.765271833818134     
  0.329866376505248     
 -0.104299036137444     
  0.719485022156329     
  0.531990103248329     
  0.431422566349512     
  0.108071317124513     
  0.501705707137755     
 -0.361479393416033     
 -0.540980408475294     
 -0.538273799442445     
 -0.494194590703459     
 -0.254633482342209     
  0.289460074246007     
 -9.333783463097245E-002
 -7.324471971429200E-002
  0.403262536864564     
  0.225638282813067     
  0.817450161729942     
  0.682321290602496     
  0.149722128144925     
 -0.660243195440974     
 -2.758718541340535E-002
 -0.267257902092748     
 -0.158363684561041     
 -0.678495402070095     
  0.557882688493514     
  0.638338820713271     
 -0.305905336828323     
  0.187139819112909     
 -0.643202575518983     
  0.476182034873003     
 -0.184946344034776     
  -1.01227011340239     
  0.477263460058261     
  0.515420407630772     
 -0.942609441182661     
 -0.519165964146846     
  0.411318232109814     
 -0.716264184381235     
 -0.642089305181616     
  8.744766984069567E-002
 -0.690724770216656     
  0.435019892487636     
 -0.148217808479385     
 -0.207778106577957     
   1.54154661588967     
 -0.751128921715972     
 -0.180089179039620     
 -6.303461425965025E-002
  0.336114382746433     
  0.249691319907784     
  0.239046312701543     
 -0.489862479985849     
 -0.641941895471541     
 -0.106253543169148     
  1.654241405140696E-003
 -0.204847546461185     
  0.523826131565239     
  0.666053466693098     
 -3.559918267312585E-002
  0.301819712145951     
  0.358266308278414     
  0.341577762046875     
 -3.428390425148654E-002
  0.262043415476735     
 -0.731737679913110     
  0.239584711310996     
  0.190420309108541     
 -5.694571373851610E-002
  0.237858899945217     
  0.220649866903141     
 -0.639704860033386     
 -0.256743794057284     
 -0.241180033826936     
  0.850064812357160     
 -0.759392412503079     
 -0.535965122146656     
  0.214329853668120     
 -0.171067481727382     
 -0.428487042707601     
 -0.545887398302530     
  0.375045667105834     
  0.505816140987406     
  0.395619410161611     
 -5.949211968231573E-002
  0.193664642381313     
  1.413547492209168E-002
  0.205736899220079     
 -0.488972175913794     
  1.734999064985145E-002
 -0.359551408880700     
 -0.464393441932848     
  0.321837711577056     
  5.002068029151321E-002
 -0.513043985312231     
  7.093769797956370E-002
  1.385678314045814E-002
 -0.736250436166901     
 -0.120712788700663     
  0.127184752045854     
 -0.142027403302095     
  0.717350711754936     
  0.451305745946500     
 -0.681116130302175     
 -8.719218724269938E-002
  0.713165587979008     
  0.574300583998492     
 -3.915640435026274E-002
 -0.283462050453258     
  0.303731837117859     
  4.251277760907152E-002
 -0.343908289980244     
 -8.538259582321496E-002
  0.430517888831160     
  0.210031299001217     
 -0.380957099151255     
 -0.303434525620395     
  -1.44678956368522     
   1.15773968462890     
 -0.373820745454714     
  0.271125287083071     
 -0.530968086289031     
 -0.334520526966613     
  0.135399576498908     
  0.329064735808442     
 -0.294309544066120     
 -0.548336011292620     
  0.177569410050835     
 -0.255925050005918     
 -2.599846224406513E-002
  9.706058940851650E-002
 -0.284561445359688     
  0.136864715136512     
 -0.290691086977102     
 -6.134024815119407E-002
  0.732321501100001     
  0.562799501680999     
  0.262530190416187     
  0.718298176123177     
  0.332451645543011     
  0.806324970538060     
  0.120020623988749     
  0.379103004475265     
  6.874611096115776E-002
 -0.175066898779904     
  0.307595142086515     
  0.733933879419732     
  1.544916862881626E-002
 -4.023330748773549E-002
 -0.108935507078991     
 -0.283462030062947     
 -0.129818514727137     
 -0.371982022607087     
  0.807616188069106     
  0.145572864941265     
   1.15909130013385     
 -0.337256996730147     
  0.394983912882646     
  0.594034071919288     
  0.576126806605061     
 -0.238850077772091     
  0.514826862641797     
  1.864192470566390E-002
  0.262891353715208     
 
  1.268913025306607E-002
 -0.167856371442261     
  0.495983396528899     
 -0.419990741624674     
  0.728321414530876     
 -0.115420432545456     
 -0.419684154824454     
  0.159634304771309     
 -0.324410143444463     
 -3.500098708800853E-002
  0.143867935427101     
 -0.177152917932767     
  3.657126210521290E-003
  0.423256798944973     
  1.908369097536427E-002
  0.549719933715933     
  0.258568335540673     
  0.293560527183425     
 -0.671504482483425     
  0.117812242804533     
  0.180798665814751     
  0.290403196397531     
  0.356215237669772     
  0.138262065304590     
 -0.541544292225290     
 -0.766764224409678     
 -0.987418470131171     
  0.805626747701890     
  9.558542133778790E-002
  0.220148467042185     
 
  0.641165044640194     
  1.988504813622162E-002
  -2.38527035583553     
  0.265067244342596     
 -0.868797064485970     
 -0.703559822456543     
   1.57917351615783     
  0.430121660126451     
   3.66300683574911     
  0.259897584638927     
 -0.623762787443936     
  0.344887886601774     
 -9.235376555362104E-002
 -0.279646918952472     
   2.51147944845158     
 -0.686439612628058     
  0.395515581722053     
  -1.22004509089724     
   2.29111210004983     
  0.137008885701375     
  -3.33332617564572     
 -0.773211325062153     
  0.741374836044756     
  0.951959172707425     
 -7.949398211317492E-002
  0.601871623530563     
   1.38440934920420     
 -0.758526973087319     
  -1.43345842054236     
  -1.39029044894600     
 
 -4.823588598161625E-003
 
  tansig  tansig 
