 0.320412162576145043E+01
 0.239428570558893217E+01
 0.203457902589460460E+01
 0.241488712166778408E+01
 0.215314818765699911E+01
 0.114944718834632931E+01
 0.955742158509154338E+00
-0.169043701098864768E-01
 0.400683380119319477E+01
 0.247706667046489276E+00
 0.119951568673025019E+00
 0.108199846695408275E+01
 0.140375648770000666E+00
 0.199581056701405579E+01
 0.319671458877444192E+00
 0.190446431442053921E+00
 0.733623241255536795E+00
 0.382177019434088050E+00
-0.162175284578217699E+00
 0.863519043463608776E-01
 0.590743321118572598E-01
 0.320958654024340762E+00
 0.357727884102201354E+00
 0.688675857462745733E+00
 0.242969478249770526E+00
 0.225329016405449223E+00
 0.119250913720346449E+00
 0.476438700321298175E-01
 0.689676422312799353E+00
 0.818615223587339930E-02
 0.100933697614123685E-01
 0.291763414163954626E+00
 0.186826641656251263E+00
 0.738034806319522563E+00
 0.113108568290395659E+00
 0.146831348848840831E+00
 0.646497443470957167E+00
 0.396289393551243152E+00
 0.251356307072853391E+00
-0.493954518542271126E-01
-0.668727197085010744E-01
 0.531147204353272895E+00
 0.142589814284036415E+00
 0.152495169796330532E+01
-0.263950340480111900E-01
-0.384629309687449308E-01
 0.295232694448702759E+00
 0.982810066110550218E+00
 0.183242510012378301E+01
-0.113146239102146301E+00
-0.181365230560478485E+00
 0.110843780464107255E+01
 0.333552245242892453E+00
 0.315135218007756723E+01
 0.357187239780645593E+00
 0.648370730116348382E+00
 0.293711833272437595E+01
 0.244854465454203041E+01
 0.346313704388353649E+01
 0.191563558149224256E+01
 0.388053326130030651E+01
 0.326748065907098706E+01
-0.461593691887479007E+00
 0.803368727666741123E+01
 0.394665192800417586E+01
 0.951145162793850574E+01
 0.740760242821071202E+01
 0.145261428846564087E+02
-0.712859056056211360E+00
 0.216665793849389443E+01
 0.594833100292330030E+01
 0.505593754401971012E+02
 0.365294934989810756E+02
 0.328008845857111586E+01
 0.844276543837071358E+01
 0.266699817488619253E+02
 0.236851770935903936E+02
 0.135688809949594713E+03
 0.174510492885447775E+03
-0.669301657851907521E+02
-0.246396535374380843E+01
 0.527955414674766477E+01
-0.490193847411625860E+00
 0.381063230031316014E+01
-0.573304226981308229E+00
-0.280108388669539299E+00
 0.349807715844862832E+01
 0.371814822604727813E+00
-0.143103611305990164E+01
 0.108844455825837377E+00
 0.592261213878893175E-01
 0.153708186076210307E+01
 0.375052975404643385E+00
 0.217574901752197158E+01
-0.848805658587535039E-01
-0.551611871529158748E-01
 0.922460012926970108E+00
 0.310559643984987643E+00
-0.330654662250545628E+00
 0.777376829616736875E-01
 0.570138664666436229E-01
 0.405397081756033117E+00
 0.195192525976156939E+00
 0.891639228034156073E+00
 0.298787437832291725E+00
 0.238030964821135282E+00
 0.456207599203925673E+00
-0.842960030268141529E-02
 0.212194143743623720E+00
 0.546570627392666611E-01
 0.466274788790748337E-01
 0.294601999674306336E+00
 0.310047390942688683E+00
 0.508286427018996179E+00
-0.616103930723388080E-01
-0.559310711107514971E-01
 0.252243079297568451E+00
 0.305195430638993057E-01
 0.601385384829248748E+00
 0.871735276279912430E-01
 0.955566197507048271E-01
 0.436374021158168271E-01
 0.373688681489871444E+00
 0.606525226861421518E+00
-0.320157139394086979E-01
-0.375645831032392838E-01
 0.627365604570961910E+00
-0.851586982036899309E-01
-0.419688817678062265E+00
 0.447477937002985215E-01
 0.613066539690889992E-01
 0.904057070050068523E+00
 0.136484341391284569E+00
 0.291167479475647362E+00
 0.268687247685583774E+00
 0.429179055639140827E+00
 0.196258131716646494E+00
 0.158596614395970448E+00
 0.188438383141424337E+01
-0.150602928172798467E+00
-0.277353720685205640E+00
 0.555982037452468103E+00
 0.225152320843808873E+01
 0.264786775057821666E+01
-0.277620346553903274E+00
-0.592106153527008683E+00
 0.472960147105719120E+01
 0.368209262963669515E+01
 0.271999140419830443E+01
 0.370086498314813417E+01
 0.908426380447410153E+01
 0.340892009185918943E+00
 0.982672014173998298E+00
 0.127833757856723942E+02
-0.260198629485231203E+01
-0.723957398353592119E+01
 0.851439905081176107E+01
 0.414786439853440640E+02
 0.140390071779575010E+02
 0.195720845172776414E+02
 0.354888255556475452E+01
 0.732281114028390068E+01
 0.179026596587829423E+01
 0.123981496526874557E+01
 0.105263837729910859E+01
 0.333913408847546000E+00
 0.260807841096565918E+01
 0.102482143618873844E+01
 0.630271731204880004E+00
 0.284496678833329630E+00
 0.114753383929931937E+00
 0.720623837923730526E+00
 0.164498041961547603E+00
 0.119955962359292023E+01
 0.141677297747854675E+00
 0.669528782735347855E-01
 0.513224111636232605E+00
 0.123313075671472511E+00
-0.357777410413265717E+00
 0.129846512705840744E+00
 0.820575944142810793E-01
 0.194854857231849199E+00
 0.463938339887238690E-01
 0.268228289675846554E+00
 0.118706693174570832E+00
 0.872254158715344147E-01
-0.385518097696992343E-01
 0.115162861955610984E+00
 0.224589249003778829E+00
 0.217386781477161856E-02
 0.177333798780438695E-02
 0.154099238534997546E+00
-0.941250575221746627E-01
-0.193310863146658213E+00
-0.103219355983661786E-01
-0.898689661064941588E-02
 0.770990032068207265E-01
 0.521274950387796768E-01
 0.218034813889071033E+00
 0.441671448889049273E-02
 0.465253955467200778E-02
 0.108529962925145412E+00
 0.100555735117247580E+00
 0.562812109894261919E-01
 0.670021790774032525E-02
 0.835394668786576186E-02
 0.865307376715003101E-01
 0.537697120399992512E-01
 0.204468976238151440E+00
 0.128898111934704601E+00
 0.168749273724376619E+00
 0.988284559635313614E-01
 0.373816259064918763E-01
 0.196396620426333574E-01
 0.360311931728460461E-01
 0.541949583306568020E-01
 0.277321976366016909E+00
 0.193485918521991290E+00
 0.312104025263930163E+00
 0.133068194880434587E+00
 0.239163526320642916E+00
 0.778996692869598911E-01
-0.256909062657148024E+00
 0.805453730017121394E+00
 0.435326865008242192E+00
 0.903878565994286065E+00
 0.384825178759883868E+00
 0.152087752093934631E+00
 0.721276265658355564E+00
 0.286086165547321747E+00
 0.640963324116970767E+00
 0.212992793936574598E+01
 0.156003964859284561E+01
 0.102861872467676330E+01
 0.658947963407105930E+00
 0.174311775172462879E+01
 0.141907976704235939E+01
 0.341871460977671671E+01
 0.904575214589759824E+01
 0.504791924092524824E+00
