 0.150670284181133729E+01
 0.430869468158340485E+01
 0.102116040184527845E+01
 0.364926496743186268E+01
 0.353217002765827059E+01
 0.188563097065372487E+01
 0.134837016736256521E+01
 0.122442795346994227E+01
 0.460508016810329934E+01
 0.114096776541619227E+01
 0.552511867762293218E+00
 0.138334801905464411E+01
-0.253825655061438671E+00
 0.166677616288826691E+01
-0.115084500013188113E-01
-0.685623684352984313E-02
 0.885392609915926054E+00
 0.427621733159726652E-01
 0.933553670639477917E+00
 0.106016540161332676E+00
 0.725271359126031245E-01
 0.666485757594733608E+00
 0.137716155182508238E+00
-0.568707437182909947E+00
 0.206958167559488759E+00
 0.191932256961570818E+00
 0.428436679067245363E+00
 0.328103356949694780E+00
 0.343871147413329636E+00
 0.360297666826472560E-01
 0.444240159560842576E-01
 0.425186698038978184E+00
 0.152115589735758838E+00
 0.966554745733680831E+00
 0.435254981604904362E-01
 0.565024179937853588E-01
 0.524403915559148115E+00
 0.363070617231897264E+00
 0.126479163002371808E+01
 0.928372912003307960E-01
 0.125685299352210067E+00
 0.107440614789435274E+01
 0.417572361366055411E+00
 0.345634420305740320E+00
 0.743523332729901371E-01
 0.108346466113371703E+00
 0.830094599068399774E+00
 0.447888363777205256E+00
 0.208358349394043385E+01
 0.803593892410308763E+00
 0.128810283691721361E+01
 0.150894515605506041E+01
 0.167747432503067539E+01
 0.452307380015036953E+00
 0.465333842126495756E+00
 0.844679790780560547E+00
 0.366086422488285912E+01
 0.667993620001608224E+00
 0.221936384985017510E+01
 0.169463721142236817E+00
 0.343285337164130677E+00
 0.539657190867614212E+01
 0.669650511884110600E+01
-0.530092864410864539E+01
 0.328764400880352303E+00
 0.792323912269353281E+00
 0.789964493279954905E+01
 0.235507913075779349E+02
 0.149947140787251030E+02
-0.233138649248904484E+01
-0.640057588541601508E+01
 0.184585581186768621E+02
 0.710185390036651825E+02
 0.474764449747962871E+02
 0.162384196797359301E+02
 0.512957939729867860E+02
 0.178556705727915187E+03
-0.590335802438047068E+02
 0.486259452178847482E+02
-0.533556868563357369E+02
-0.196423484533343240E+01
 0.762971684996696276E+01
 0.273559018377126317E+00
 0.257782151031837303E+01
-0.264278837208678542E-01
-0.129122925954627508E-01
 0.411844270299283188E+01
-0.217513162857944753E+00
-0.164423589094801176E+00
 0.167933545544619650E-02
 0.913785867921377529E-03
 0.148411876576309831E+01
-0.864796226139722402E-01
 0.246102882422283242E+01
 0.104632399623516101E+00
 0.679972773449205453E-01
 0.817104028370656543E+00
 0.283438606711654932E-01
 0.187455634702295315E+01
 0.524312973913519179E-01
 0.384538215477455286E-01
 0.692295783044985069E+00
 0.106761208542834871E+00
 0.118868936571877071E+01
 0.455007210184790456E-01
 0.362484467307659652E-01
 0.463937117038582314E+00
 0.153040368649540126E+00
 0.775750374643813356E+00
 0.148854550467723695E+00
 0.126986560567617673E+00
 0.117585571746780151E+00
 0.217573647860152847E+00
 0.739313087843179728E+00
-0.682033396226985472E-01
-0.619162717230019727E-01
 0.256375037178022513E+00
 0.214274400520607540E-03
 0.670017761730051675E+00
-0.181359834683410791E-01
-0.198800406871784095E-01
 0.978640030192037408E-01
 0.366223897178990621E+00
 0.707231585902048376E+00
 0.639863047454375528E-01
 0.750762224646356197E-01
 0.320821308027826102E+00
 0.238657999040551266E+00
 0.776119179099398870E+00
-0.392882441888092876E-01
-0.538268055776867163E-01
 0.552768516930105314E+00
 0.446822595007337731E+00
 0.104406918662940695E+01
 0.171363511703310489E+00
 0.273722071878514772E+00
 0.742012854489986440E+00
 0.131673639852362645E+01
 0.408762480091448388E+00
 0.743472113855514927E+00
 0.136919487227318126E+01
-0.203626221633339377E+00
 0.129443852261704384E+01
 0.334511387758564371E+01
-0.732419783097099097E+00
-0.156209826087983461E+01
 0.143368338962522435E+01
 0.570509140853814589E+01
 0.419543749735777105E+01
 0.404104007055435310E+00
 0.991926866084673842E+00
 0.100731731978392496E+02
-0.387437859165256582E+00
 0.784559212565214992E+01
 0.431580588228384876E+01
 0.120079786911970956E+02
 0.255605987973882414E+02
-0.261272183100079580E+02
 0.264021848362142020E+01
 0.302267556272280968E+01
 0.548082682057155379E+00
 0.794987815620923399E+01
-0.257189212724605820E+01
 0.792996601687808722E+00
 0.463066532558621358E+01
 0.146891969497256669E+01
 0.179295231108224007E+01
 0.224429502335922543E+00
 0.257741296805719466E+01
-0.315469381365453660E+00
-0.127246402968296979E+00
 0.117155308114167944E+01
-0.248512041424253427E+00
-0.226987866696133182E-01
 0.245362893045278753E-02
 0.115951900354138693E-02
 0.580342083547673582E+00
-0.345217786557333317E-01
-0.325200210321980321E+00
 0.322221597625195547E-01
 0.203630645278474326E-01
 0.128297218312508926E+00
 0.131532915049253612E-01
 0.406176618755516472E+00
 0.216902838688772075E-01
 0.159379726638677714E-01
 0.209078292720269038E+00
-0.383786958484733792E-01
 0.999145385331540320E-01
 0.302344678619876697E-01
 0.246638411206002335E-01
 0.240805034308038679E-01
 0.564673621319684085E-01
 0.281154979018644446E+00
 0.166549365980449629E-01
 0.145007873607778462E-01
 0.851317371849977106E-01
 0.568637897593284036E-01
 0.216743667688708147E+00
 0.258344107438836061E-01
 0.272138074942118099E-01
 0.483578092170967727E-01
 0.694171068731442437E-01
 0.250597857618225117E+00
 0.521228309144216723E-01
 0.649876402044618079E-01
 0.109312460387786373E+00
 0.167867265143313793E+00
 0.634268605500698524E-01
-0.122493234625826938E-01
-0.160364213788709332E-01
 0.177001439584556136E+00
 0.146448968598285073E+00
 0.213907205774647780E+00
 0.664201187023896189E-01
 0.999033128912881346E-01
 0.342507480526024310E+00
-0.369598999478107024E-01
 0.128703242629736765E-01
-0.447570216807217252E-03
-0.804418151338787959E-03
 0.518897123494127643E+00
 0.517872843926931337E+00
 0.151413530981367728E+00
 0.234223014530245799E+00
 0.486322300583146905E+00
 0.441129294196897781E+00
 0.977146815584443940E+00
 0.705381574915478482E+00
 0.135327174505543539E-01
 0.303194512913567901E-01
 0.133267649450366732E+01
 0.325762364626393941E+01
 0.156445036857570052E+01
 0.677462867100839028E+00
 0.179209530244524462E+01
 0.679022998813227918E+01
-0.291636090752274280E+01
 0.510998272021304878E+01
 0.260203152319376319E+01
