     48 -    30 -    30 -     1 
rmse=  42.5396meV
 -7.823815800662952E-002
  0.215461433103822     
 -0.128076491458901     
  8.156734670521165E-002
 -0.313079292037864     
 -0.162243809968249     
  0.440591505775175     
 -6.953401308978187E-002
 -3.887891686191375E-002
 -0.167500912070778     
 -0.211017407681209     
  0.194059932274652     
 -0.478440431540830     
 -5.551028235225554E-002
  0.432763711072584     
  0.366201475671923     
  2.632916804292740E-002
  1.584615913006328E-002
 -0.112161675133903     
 -0.187308309073064     
  2.773129342115288E-002
  0.387417597251885     
 -0.452335864669337     
 -0.187237357907850     
  0.460004030059914     
  0.151687059309345     
 -4.620238278156839E-002
 -0.356646317745366     
  3.202512910800115E-002
 -0.204512569988990     
 -0.159222743740939     
 -5.581982803166709E-002
 -7.198095839780101E-002
  1.366363147389217E-002
  8.626538647588994E-002
  0.116759098040726     
 -0.109386603004379     
 -0.201485850025566     
  0.362337108296186     
  0.566549853561656     
 -0.357484309713760     
  0.378981625584973     
  0.155268063159229     
  8.977378521869769E-002
  0.124598211409916     
 -0.137934556350834     
 -7.401466868957142E-002
 -0.644841414443909     
  0.452702479475545     
  3.525626849121144E-002
  0.213057402061674     
  0.502606814221391     
 -0.418444532737766     
  0.582101092696703     
  0.100418054073733     
 -0.435788746630318     
 -0.201837679901469     
  4.120293701266677E-002
 -0.316726335281588     
  9.743021987806325E-002
 -0.165952812616015     
 -0.380428331352105     
 -0.104675680835984     
  0.236140131184463     
 -7.012970853289628E-002
 -0.193065788665944     
 -0.382710091446974     
  2.195681619518417E-002
 -5.747841552580382E-002
 -3.767956247789432E-002
  0.464119335266829     
 -0.288916029757996     
 -4.394427384943032E-002
  0.280807205660643     
 -0.336938951259834     
  0.150703926726577     
  0.479526721825013     
 -0.159905775293945     
  0.198770295268606     
 -0.320191786530621     
 -0.374976912138014     
 -9.027979379816009E-002
  0.319137343308596     
 -0.501586362494857     
 -0.121801372757058     
  1.010745002015979E-002
 -0.413331507974800     
  0.238335523788157     
 -0.185530689158378     
  0.264302723652435     
  8.894232250909145E-002
 -0.260197576875432     
 -0.156795143607449     
  0.349066253334472     
  0.100226095556833     
 -0.157541622743218     
  5.770890721043105E-002
 -1.480648668136957E-003
  0.426244438734765     
 -0.520613538564371     
  0.116743743986207     
  0.248525149408828     
 -8.001882888172687E-002
 -0.344767474755004     
 -0.127540076562134     
 -0.602883021111098     
 -0.253887977460454     
 -0.133579794966743     
  0.145962256196158     
 -0.244848568116648     
 -0.196283416770418     
 -0.304522346460951     
  0.248867429183614     
 -0.324126137028910     
  0.288593141632886     
  0.492488096183203     
 -9.407291406013243E-002
 -0.144712600139039     
  0.349789699621356     
  0.447713003149206     
 -0.364610554175925     
  0.976195848598339     
 -0.351218004813179     
 -2.123317341119512E-002
 -0.123762038087015     
  8.459439691256332E-002
  4.127928461365095E-002
 -0.286149463353562     
 -8.557642169001944E-002
 -3.920303566005273E-002
 -5.840257384636027E-002
 -0.378761823412786     
  6.898894417462879E-002
 -2.115735925644003E-002
  9.178704667363168E-002
  0.222880112020151     
 -8.752737428090733E-002
  0.115911939541379     
 -7.728178515463408E-002
  0.281418839486781     
 -0.145132922961357     
  0.251100263962786     
  0.125118398179828     
  9.028146681588330E-002
 -4.229717170683728E-002
  6.817240756876999E-002
 -0.123843508362721     
  0.127183959676915     
  0.271630498853889     
  0.274955967321231     
  8.168827172707414E-002
  0.424559359550229     
  0.104223577861775     
 -0.257967633418444     
  3.174477413619817E-002
 -0.208328334747008     
 -0.145592489593071     
  0.224050834640556     
  0.692344009373626     
  0.843428811660871     
 -0.116952245590245     
 -6.710689528515945E-002
  9.181117607172742E-003
 -5.690115889689781E-002
 -0.383019308179360     
  7.094850723205679E-003
 -0.502351692680839     
 -0.246095822580592     
 -7.992532578128342E-002
 -0.211851357958602     
  0.118005664993705     
 -3.359232602915923E-002
 -0.154977015321493     
  0.231598475096924     
  2.311100768689712E-002
 -0.445980983761028     
  3.281622110012077E-002
 -2.182046123609429E-002
  0.123680785162012     
  0.464805075826223     
  0.291137370895366     
 -0.694299169851536     
 -0.258456615003802     
  0.454497171747279     
 -0.433653294892825     
  0.323215592328597     
  0.322289846067230     
 -0.103939953016887     
  0.235891061731400     
  2.031073380799102E-003
 -0.415025692865235     
 -0.258129262297723     
  9.819373359971201E-002
  9.846948659228370E-002
 -2.224348475777292E-002
 -0.363177030937266     
 -5.026134652840955E-002
  0.578953892460206     
  0.469929105152741     
 -0.301172756693161     
  0.300484780390813     
 -0.209142477697277     
  0.419062343135798     
  0.474747642869357     
  0.220321060840792     
 -0.125385786776095     
  6.599614474866099E-002
  0.267677596181410     
  0.248569877143019     
  6.758415141676379E-003
  0.218519022807612     
  0.116652598587107     
  0.415092714486849     
 -0.397949441131682     
  9.566807761114880E-002
 -5.805558102143039E-002
 -0.108410590491210     
 -0.521014354835093     
  0.373140267893587     
  8.847537080888573E-002
  0.375677767182987     
 -0.137712595094535     
 -2.599761123020516E-002
  0.553286006253272     
 -6.157145995253279E-002
 -0.134054106666448     
 -0.459606036575552     
  0.434319476963274     
  1.988525426278492E-002
  0.312312856292252     
  0.203351112603024     
  0.174074975891142     
  0.402574352341088     
 -0.260189917462614     
 -0.234516185689974     
  0.434769759034471     
 -0.344757744461803     
  0.346629882726946     
  0.354239525937909     
 -0.309095223056915     
  0.228442943485321     
  8.884268026556316E-002
  0.350936693049086     
  0.129606530109549     
  0.372576856983520     
 -0.401727141125221     
 -0.389707546562524     
  0.421878174665488     
  0.428163992876203     
 -0.322578230707598     
 -0.281556518035785     
 -1.929228469849908E-002
  6.457175583581007E-002
  0.162224412820577     
  9.491947445596162E-002
 -0.152881110964298     
  9.903157254460571E-002
 -0.171424885560726     
  0.618188835813022     
 -0.539800440172118     
  0.173329270378121     
  7.889502759032785E-002
  0.309819405422335     
 -0.486140302476365     
 -0.152443052871207     
  0.185233441261675     
 -0.160380539498735     
  0.154176548522593     
  0.545196470248724     
 -0.346253765686091     
 -0.456001496081205     
  0.306414887600987     
  1.401481458084887E-002
  4.940307883362403E-002
  0.504822194032043     
  6.006602006859971E-002
 -0.212617801106103     
 -0.278395126843216     
  0.455141314756654     
  0.223215750918774     
 -0.498727825980140     
  0.401699309177727     
  0.187391303725335     
 -0.202929324810070     
  0.139683737406280     
 -0.482844359941027     
  0.472704207813608     
 -0.371588909231261     
 -0.227991184079118     
  0.115970204116490     
 -1.945173321159172E-002
  8.249630189891639E-002
  0.530877660728598     
 -0.153265176299155     
 -0.322654425813974     
  0.541159361703130     
  0.381924785497892     
 -0.677171740726172     
 -0.114451954321796     
  3.117146357286616E-002
 -5.600099120781303E-002
  0.474916998319867     
 -0.135292209968907     
  0.265655662424718     
 -0.145898045206730     
  9.176149001615866E-002
 -0.379314177540180     
 -0.170514500371326     
 -0.490409074279851     
  0.125930932547613     
  0.334307811362354     
 -0.560767583160362     
 -0.397477652648068     
  0.299469957171631     
  0.172253264254080     
 -4.167315718279494E-002
 -0.445717009562050     
 -0.163853853784661     
  0.241958505018917     
  2.902241017783344E-002
  0.277727074248625     
  0.465559868734572     
 -0.516812978706655     
  0.524967813288060     
  0.467877358754947     
 -0.226335859113152     
 -0.276447300771094     
  0.341768704135891     
  4.055820149486234E-003
  0.327666574483448     
 -0.108985687114559     
 -1.405723962126214E-002
  0.107231337732532     
 -0.289045394141530     
 -0.227453943797160     
  0.255998663322734     
  0.182526379210169     
 -0.121664363588786     
 -0.363654426135807     
  0.152860501358031     
  0.160014808686787     
 -0.341275714309011     
 -0.419187596428821     
 -0.322441688405522     
 -0.342183252570968     
 -2.485176297419883E-002
 -0.587839905096352     
 -0.350964825291711     
 -0.306218344287186     
 -0.182275458229082     
 -0.156309963927001     
 -0.370131632461846     
  0.248934413678957     
 -6.369133731184380E-002
  0.256173757707450     
  0.427259438980242     
  0.252839284084000     
  0.269880692468427     
  0.344644182148807     
  5.193422917908114E-002
 -1.132961095013948E-002
  0.172111833425176     
 -0.190299074510964     
 -0.248016029925556     
  0.270761569955238     
 -3.033928415288147E-002
  0.269881367339228     
 -6.484980957114225E-002
 -1.175531927238048E-002
 -0.614606855196455     
 -0.203561407255845     
 -0.365212873872734     
 -0.696354618341818     
 -6.784805657336732E-003
 -0.373376935934620     
 -1.222765793600621E-002
 -0.143268712859372     
  0.330566817897917     
 -0.502419749541396     
 -3.321834643855293E-002
 -0.206906036792123     
  0.530491057581030     
  2.376252426406832E-003
  4.073331317620681E-002
  2.982131506283767E-002
 -0.145037894951565     
  0.228960114184255     
 -0.404358454292026     
  4.703669083407343E-002
 -8.249948329285990E-002
  0.209767843392251     
 -0.434836874352868     
 -0.121299784077880     
 -0.478972553706473     
 -0.760452697368926     
 -1.786784271537269E-002
 -0.317246763998071     
  2.205650969785083E-002
 -0.402869036690906     
 -0.254407641012551     
 -7.148042766004045E-002
 -2.830201945435859E-002
  0.273398640816444     
  0.288717614412125     
 -0.244532133379707     
 -6.829117480905483E-002
  0.232602158361537     
  0.572979275446941     
 -0.163191518485608     
  0.484487113428344     
 -8.946887388688030E-002
 -0.246765190613558     
 -0.597836414953971     
  0.190556279069016     
  0.176879914708406     
 -0.379609773892212     
 -9.122097212260075E-002
  1.871975759942340E-003
 -0.337221343699669     
  0.209958006910558     
  0.156614961702728     
 -0.246600146805977     
  1.570314031764986E-002
 -0.448594008045148     
  0.157080191466820     
  4.850310200520253E-002
 -0.723026139423340     
  0.589621497355149     
 -0.307992969270965     
  1.820644638102254E-002
  8.258284881129849E-002
  0.272990793849452     
 -0.151326518924760     
  0.135574977983363     
  0.820534303114352     
  0.222561451592782     
  0.103045637744595     
   1.01516461660315     
  6.059442389253190E-003
  6.598717558911754E-004
 -0.459312001415382     
 -0.406936737260339     
 -3.790864082856025E-002
 -3.028716433187503E-002
  0.305451107648965     
 -0.345820373879090     
 -0.126954322903375     
 -0.145152159382405     
 -0.363532412327234     
 -0.306800108012035     
 -2.327057171594283E-002
 -0.149501128800697     
 -5.415661499394381E-002
  5.722598045263007E-002
 -0.217081941891702     
 -2.980547469561883E-002
  8.525323379662339E-002
  0.605735669416895     
  5.734934267706520E-002
 -0.534986039941583     
  0.710632485566733     
  0.473908534665786     
 -9.753735626244542E-002
 -1.247982639981348E-002
  0.145959563133411     
  1.104798187531571E-002
 -2.164198492227978E-002
 -0.255769745078129     
 -0.179954483060896     
 -2.309220537289340E-002
  0.322712126907049     
  8.353296498725209E-002
 -0.224622749801143     
  0.222180989593853     
 -0.321822679502744     
 -5.040477695280673E-002
  8.832599277305898E-002
  0.101035023055761     
  9.050611942830579E-002
 -0.107124631446541     
  6.774326079514972E-002
 -7.201970309111465E-002
  0.375109502001193     
  0.573336516360039     
 -0.177944095600852     
  0.264570217849882     
  0.256577780765832     
  0.402335919231336     
  6.621535069563030E-002
  0.269439050915161     
 -0.275104416987400     
  0.120463198988217     
 -0.129920728787358     
  1.437112440448338E-002
 -0.167939788649767     
 -6.466832114173687E-003
 -4.867666948232112E-002
 -0.464513318079536     
 -0.165563286752987     
 -0.524772901921744     
 -6.368918560876538E-002
 -7.905760836465633E-002
 -2.385291589722416E-002
 -0.724413827455528     
  7.650128568618661E-002
 -1.401357267922550E-002
 -0.182948727831310     
  0.315888220138853     
 -0.119887611965880     
 -0.125720465678263     
  0.347164927011712     
 -0.141533497162664     
  0.261937824455340     
  0.132419966288346     
  0.176060051782320     
  5.161823405792575E-002
  4.327403986597161E-002
 -4.200640074435495E-002
 -0.563772593875106     
  0.219828488494914     
  9.376013121249469E-002
 -7.100011794244747E-002
  0.160793718648530     
 -2.747514917694430E-002
 -1.956670442063565E-002
 -0.181919539384372     
  0.276478213147376     
 -0.287245099096904     
 -5.569087039260047E-003
  0.298308079227782     
 -0.313366434281083     
  9.346373684506376E-002
 -6.980811653091309E-002
 -0.364192331514371     
  5.561424830830985E-002
 -0.160039272538606     
  0.243696605233220     
  0.145651016073411     
  2.573595342988191E-002
 -0.203624494638045     
 -0.124142106796752     
  0.248768845059667     
 -0.271639964645875     
 -0.203675640258170     
  1.937202415246250E-002
  0.221539920026172     
 -6.789927386049795E-002
 -0.105023926177787     
  0.409895937397170     
 -0.270961794125650     
 -3.086556572639860E-002
  6.513210317980350E-002
 -0.234357154529222     
 -0.154201937590916     
  0.132440608005121     
 -9.005361476386706E-002
  0.624452980404703     
 -4.030173626884438E-002
 -8.837337428277688E-003
  0.215701432495609     
 -3.102418301124259E-002
 -0.331073697162366     
  0.300752852475585     
 -0.378783500268601     
  0.290145629335253     
 -0.384193391056235     
 -1.403784464042364E-002
 -0.246257785819971     
 -0.111817535477406     
  4.897827755358500E-002
 -0.167606680054797     
  0.113019482199794     
  6.830450216811580E-002
 -0.159863550533143     
  7.805027846250003E-002
  0.427194091369176     
  0.409532387250142     
  0.105976376641922     
 -0.297298147030835     
  0.524301818954435     
 -0.430121234485239     
 -0.536490549372918     
  0.292953733892076     
  0.218851159936870     
 -0.145703360316909     
  0.615097677352043     
 -5.494317610434680E-002
  0.462740931830936     
  0.211699636431676     
 -9.675462591594047E-002
  0.494520312245165     
 -6.031189746197334E-002
  8.609399163891683E-002
 -0.348510619835353     
 -3.570913672800700E-002
 -0.221322191932062     
 -0.325819776097926     
  0.276532550249910     
 -0.402891972880208     
 -0.261792143832629     
  0.512856122605628     
 -0.773597476001492     
  0.114280688669650     
 -1.257258732344902E-002
 -0.530027200293590     
 -0.110767817470657     
 -0.371207398289149     
  0.308374949810413     
 -0.429738374205008     
  0.291561604992524     
  0.164901439424129     
 -0.119353050464417     
  1.462195670893093E-002
  7.334180288866931E-003
 -1.136783057954252E-002
 -0.614600473492306     
  0.240198330077603     
  0.127020581440607     
  0.161540349595487     
 -0.174082297123147     
  0.181429448086604     
 -3.886296339394009E-002
  0.202850904684903     
 -0.375906200371624     
  0.225761342285921     
 -2.976941318200897E-002
  0.311277702682667     
 -0.214401178972608     
  0.139148851080201     
  6.099818787587357E-002
 -0.301370660554205     
  0.381435447468155     
  4.881865639232122E-002
  0.546367868118791     
  0.129777888311481     
  0.189750875419843     
 -0.196194741408443     
  6.640452110740043E-002
  8.146739858264337E-002
  3.888307267362864E-002
  5.308651241126706E-002
 -0.159749443912829     
  0.481708262447836     
 -0.108462134307541     
  0.126477393022044     
 -7.439668409245097E-002
 -0.143713981364154     
 -0.609898967008311     
  9.690418677034465E-002
 -0.446079471214999     
  6.457150663424693E-002
  0.183697634398882     
  0.107656578377005     
 -0.166579351468852     
 -0.141491483027279     
 -0.237410637246176     
 -0.248379114749643     
 -0.109345335939958     
 -9.535107216637050E-002
  0.193408577953887     
  0.281379941966904     
 -8.557056636367893E-002
 -0.213573422876886     
  0.180602967720997     
 -0.145173239753827     
  2.058417761165426E-002
  0.360300634324563     
 -0.122319899682850     
  0.203645090216529     
 -0.187177026577180     
  0.252600213693416     
 -0.147598678130888     
 -9.535868606945139E-002
 -1.569854430260763E-003
 -0.748838359807462     
  1.455995312846647E-002
 -0.137274032292501     
 -0.461867551223204     
  0.496530655433911     
 -8.123743338244560E-002
  0.235505014673160     
  5.535461819314143E-002
  0.290545848000682     
  0.227794403568979     
  0.270582598929081     
 -5.371874037629504E-002
  0.423990558385760     
 -6.656439685625588E-002
  0.182823723285009     
  0.191375738025862     
 -0.414758194638249     
 -0.156011647425292     
 -0.648018259492958     
  6.325994674831058E-002
  7.299317560935326E-003
 -0.104882860576573     
  0.160703279713965     
 -0.283699747526299     
 -8.274261887537868E-002
  2.822385774875157E-002
  0.105106969777048     
 -0.156655156857875     
 -0.419497210336825     
 -8.439736846411758E-002
  0.287228313776518     
  0.113281819401921     
  0.551369603768531     
  0.790979877556747     
  0.400795185376610     
 -0.104109909867716     
 -0.669455175906363     
 -0.359925503111688     
  4.453726802438886E-002
  0.191869143007214     
 -0.175261282667587     
 -3.882332435160816E-002
  4.031137348105454E-002
 -0.343170405471833     
  0.318254110172505     
 -0.278557192830122     
 -0.179743033601138     
 -7.556009226924298E-002
 -5.848120219129829E-002
  1.522288687609747E-002
  0.370500849458858     
 -0.368978677066802     
  0.191153133614257     
  0.226607006957687     
  0.346297459973310     
 -0.662631107393457     
  2.010201152839014E-002
  0.107212467248600     
 -0.450042318258038     
 -3.442063497912096E-002
  0.154999409922667     
  0.470484948173002     
  0.229695378488437     
 -4.092040271781350E-002
  9.563474483728002E-002
 -0.131967978556661     
 -0.435496390545163     
  3.792496586176270E-003
  0.442749402701359     
 -0.398303550905559     
  0.121186844191549     
  0.514893063017233     
 -0.303666286338814     
  0.197305252651142     
  0.426725876570231     
 -4.027421717898373E-002
 -0.463423457729366     
 -9.073356527956311E-002
 -5.074163260435335E-002
 -0.148781189099326     
  0.436093475131089     
  0.237884249532139     
 -0.254006570391174     
 -0.456322594452257     
  0.221990608642396     
  0.330317497345724     
 -0.418275282415051     
  0.386525323921963     
  6.927239920861492E-002
 -0.306462486564673     
 -4.291014606454246E-002
 -0.263927948256543     
 -0.188029827323500     
  9.372722517129138E-002
 -7.311167767572804E-002
  0.205718417135888     
  0.258847082129904     
  0.256216190661955     
  0.324957758144124     
 -0.474024210272498     
  0.506538749921184     
  0.109489133984090     
 -0.925228758129366     
  0.565465955132952     
  0.120548706520697     
 -0.337652718178925     
  0.570783072355457     
  0.596226742249470     
 -0.465913837907105     
  0.289559544169752     
  4.393072501599988E-002
  0.364566575684348     
  9.568275288779943E-002
 -0.714414243507626     
 -0.592864223389705     
  0.979307187892234     
  7.583356549322103E-002
  0.474107965244574     
  0.548794852429343     
 -4.505220662249237E-002
 -0.878071526384105     
 -0.214455823413581     
  0.141940148582072     
  0.357791596134870     
 -3.370085712427896E-002
  1.816553699580949E-002
  0.115456239865810     
 -1.584758682490330E-002
 -0.556978255860399     
 -0.575909301898777     
   1.06494546661466     
  0.994193150987574     
   1.05966543612398     
 -0.168628608413273     
 -0.200664816435147     
  0.282597922511621     
 -7.315550146517848E-002
 -0.497422152079838     
   1.05122273962129     
  0.237686566245802     
 -0.574478225076147     
  4.543360789374769E-002
 -0.246447757670740     
  7.025543761364955E-002
  0.391520223784301     
  0.190217330502524     
 -0.523460742764623     
  0.105667738163114     
 -7.107610681751263E-003
 -0.220192800565617     
 -3.291879571870211E-003
  7.150182113056713E-002
  0.342267617167513     
 -3.971991568934022E-002
  0.353310682472980     
  1.320046887094469E-002
 -0.344951672194887     
 -1.210443456099132E-002
  0.155001082655011     
 -0.117533205723147     
  0.310093142487994     
  1.931862103414813E-002
  4.462724755809688E-002
  0.171363992210868     
 -0.237253405039987     
 -1.532801768940441E-002
 -0.178253381819701     
  9.250418869718252E-003
  6.785045504259636E-002
  8.024609625558311E-002
 -0.308513795792432     
 -1.674796262645869E-002
  0.312286963519277     
 -0.190454063106424     
  0.217761812904923     
 -0.706602081066307     
  0.138968820692971     
 -0.409637187679807     
 -2.438368580784588E-002
  0.352748708989849     
 -0.300255272894714     
  0.388632853496903     
  1.212811002069916E-002
  2.518732721727266E-002
  4.815050370424073E-002
 -0.237690043094688     
  2.438657733338695E-003
  8.224723284026840E-002
  0.159837532795888     
  0.233292762288583     
 -0.118620653324314     
  0.131415608866101     
 -0.427839724098351     
 -0.358641833914870     
  0.111323452613230     
  0.480894552685587     
  0.385819808370289     
 -9.265117265416070E-002
  3.904529640971041E-002
 -0.203518703818602     
 -8.495568000033049E-002
 -0.271591636791018     
  0.330811111861860     
  5.304344657345683E-002
  0.122374775322441     
  4.374276912542767E-003
 -9.243528847637850E-002
  9.874480288547241E-002
  0.125345758953033     
  0.104012115658683     
  0.412996588022261     
 -0.122561146357209     
  0.856078113940720     
  0.605631329951359     
  4.938269844528206E-002
  8.198886403249059E-002
 -5.133688143165506E-002
  0.340748800236634     
 -0.442520892704775     
 -5.361648280655628E-002
  1.527858426624134E-002
  0.246293854314005     
 -0.147263881395430     
  0.462418414803862     
 -0.189546707303776     
 -0.267088368951085     
 -0.258855567231830     
  0.248425407201702     
 -6.687517601047716E-002
 -0.629657862747669     
  0.153119301374975     
  0.218415562504078     
 -6.696045567511916E-002
 -4.295528616517373E-002
 -0.120521136245771     
 -0.215538594777164     
  6.379725577096680E-002
 -0.159313117246439     
 -0.145878021921437     
  3.569537545408843E-002
 -0.252377079785333     
  0.169671675485141     
 -0.179820114025377     
   1.36481679837435     
  0.462907470042656     
  0.199940291180916     
  0.300787038706942     
  0.371135735672275     
 -0.470047634602314     
 -0.199667678315884     
 -0.528921753487962     
 -0.256373119920218     
  0.504552928838289     
  0.185234944180183     
  2.841070424311875E-002
  9.146952068612271E-002
  5.200815543883651E-002
 -1.591826637678572E-002
 -0.642833792000139     
  0.255826272411157     
 -0.324567370922822     
 -0.682011460010500     
  0.518460365481598     
 -0.767189268213503     
  9.290763054609542E-002
  0.181616640954452     
  0.213694943470657     
  0.297557125783711     
 -0.199660353902803     
 -0.270459478141156     
  2.800395507022310E-002
 -7.773555782004610E-002
  0.219021127025830     
 -0.675115743282960     
  0.592994171393785     
 -0.571316677119993     
 -0.160149487761144     
  0.884685533617219     
 -0.672615603896410     
  0.265739824069125     
 -2.117834465980229E-003
  0.301075153648189     
  0.115857239342768     
 -0.325738765002787     
  0.265188877453601     
 -0.629484896515160     
 -0.274207460652582     
  3.199044650421806E-002
 -0.419270666513076     
 -0.535382825732371     
  0.384518191795136     
  0.168936583924681     
  5.924053259899292E-002
 -1.364559276589564E-002
 -0.173227483485297     
 -0.180818070581944     
 -0.173238491456633     
  0.448858922049280     
 -1.532270151571386E-002
  0.219379768736835     
  0.359708836125627     
 -0.298674113697079     
  0.247882968608254     
  0.372627513165251     
 -0.312898853368381     
  0.328147298277033     
 -0.205143818135035     
  0.208206025712598     
 -0.247843534797989     
  0.479563418874288     
  0.294298921288655     
 -0.448005607356894     
  0.153421961507543     
 -0.102394890841151     
 -3.808930747231058E-002
 -0.272124476336577     
 -0.292395922654651     
  0.622970350912681     
  0.177071044145079     
 -6.690177835815654E-002
  0.244905961489942     
  0.417986874639398     
 -0.180035566713477     
  7.596162059628017E-002
  0.119466340767777     
 -0.355053310264416     
  0.180061542740869     
  0.123651470266130     
 -0.139278937879856     
 -0.191224642954870     
  5.444433570405042E-002
 -0.166720459059803     
 -0.232314708513904     
  0.222731231839069     
 -0.308193504219024     
  0.255592153843156     
 -0.546490978336377     
  1.638238386968367E-002
  0.165636889217157     
 -0.131858025766609     
 -0.242699176231134     
  0.204397832033392     
  1.155203505998156E-002
  2.120171593469944E-002
 -0.216071673381642     
  6.798733848106492E-002
 -0.101015653743387     
  0.223915190954978     
 -0.316226754367007     
  0.135182099134665     
 -9.006188126736302E-002
  0.440212920450400     
  1.213702148376485E-002
  1.299153503173649E-002
 -3.651839124845858E-002
  4.282367644508099E-002
  0.123827350833606     
 -6.606104123035698E-002
 -0.100603605654661     
  0.228859788797787     
 -4.669842144390553E-002
 -4.750208545883358E-002
  6.366593506238029E-002
  0.155626027572814     
  0.116676270660601     
  2.298671085021053E-003
 -0.133992255610157     
 -0.295171895020932     
 -0.246866246260562     
  0.207233545207162     
  1.635486943021031E-003
 -0.216810729986127     
  0.208207549446306     
  0.138637270620670     
 -8.886890475709248E-002
 -0.153965418616477     
  0.213549051922332     
  6.284389483004126E-002
 -0.155621560409208     
 -0.220116891966604     
  7.100518317892981E-002
 -6.925529965786748E-002
  2.326622511577986E-002
  0.137657507676324     
  0.341687417123896     
 -0.510275999169715     
  0.263627383756685     
  0.160186795938301     
 -0.641185948435969     
  0.203952199394613     
  0.152424410598008     
  0.466805493108040     
  3.186125307814842E-002
  0.333835549475297     
 -6.312155965051475E-002
  0.122989836617978     
 -9.132737666392476E-002
  0.301084255820366     
  9.247693326000081E-002
 -6.222077138003167E-003
 -3.437123162682017E-002
  0.433047510103562     
 -0.585147864868141     
 -0.264026967917985     
  0.374105578917046     
  0.211940957021886     
 -0.403118130826080     
 -0.485656276561055     
 -3.594692162420565E-002
  0.533164005820041     
   1.02653414935550     
 -0.484101618825335     
 -8.670440741968995E-003
 -0.248357710903076     
  5.765449205476228E-002
 -8.049750017011129E-002
 -5.889823585037733E-002
  0.170692909042873     
  0.446387752210665     
  0.138322186792598     
 -2.788728391521715E-002
 -0.297898698333040     
 -0.603066248392183     
  0.945515365768478     
  8.538658063694485E-002
 -0.362035464186494     
  0.219321498132877     
 -0.416212621969267     
  0.253112396539486     
  0.214731012112267     
  0.100652710058157     
 -0.212991336830400     
 -0.122320899130227     
  0.169520175099193     
  8.921815937501995E-002
  0.584670050140805     
 -0.303090856934518     
  0.169244913060792     
 -0.443759233449648     
  0.132922000062203     
  8.234578091602815E-002
 -0.198101249143729     
  0.254034209023905     
  0.286527688876370     
 -1.119128389273035E-002
 -0.542828835446206     
 -0.357036885850385     
  1.126508296015230E-002
  0.492816858839023     
 -3.846073413969887E-002
 -0.540391617372779     
  0.342405024972244     
  0.197593203840059     
  0.240698360089365     
  0.181343981786371     
 -0.277158852866495     
  0.213705767892576     
 -0.153768677549016     
  0.264587560331657     
 -8.440689574350652E-002
  0.187587147970418     
  0.348882857507410     
 -0.526847291186675     
  0.309300361174289     
 -0.711586710874632     
  0.200379250026512     
  0.133594883361256     
  3.650451352662275E-002
 -0.248299409399952     
  0.290958227293930     
  0.438394475538808     
 -0.225071286081969     
  0.148657417386249     
 -0.138071279910699     
 -5.926175886330172E-002
 -0.216169125315482     
 -0.129876582940977     
  0.291727637420420     
  0.248319640764198     
  8.671978607271620E-002
 -8.655439843252129E-002
 -0.453688554517731     
  0.111611189202449     
  0.187991758298739     
  2.886512945480754E-002
 -0.354585125020092     
  9.505243938717797E-002
  0.226359610993253     
 -0.243778447714907     
  0.213189722130266     
  0.170157509232010     
 -0.269090467382056     
  1.213762432335619E-003
  0.451782768730852     
 -0.136079497752682     
 -0.140028726208957     
 -2.226015517311102E-002
  0.287050499809699     
  0.244849773698821     
 -7.174097179565542E-002
  0.938325421877051     
  0.151465674055460     
 -0.117543061195477     
  0.610480351626215     
  7.390429936151013E-002
 -6.022509708667680E-002
 -0.505248185319735     
  0.498468654720863     
  0.238155634298339     
  0.279947012404437     
  8.706695248744349E-002
  0.440580150983945     
 -5.317170610816586E-002
 -2.217920219544568E-002
 -0.513121248550197     
  0.187771733361850     
  0.417079439198865     
 -0.402269018559550     
 -4.106255105178166E-002
 -0.600210748008550     
  0.405958368193300     
 -0.426904315664742     
  0.185538694810820     
  0.107409266941674     
 -0.525520495250120     
 -0.215126214758964     
 -0.298480545668789     
 -7.366777705127774E-002
  0.870913348763202     
 -0.132740694370610     
 -8.733209808222152E-002
  0.656828545109005     
 -0.110709334038460     
 -0.115060634782346     
 -0.235250242710901     
  0.102214945457947     
  0.222503217102444     
 -0.147946921754735     
  5.333249123648128E-002
 -8.411784606834193E-002
 -0.258681677594982     
  0.398855347911973     
 -6.307089630399400E-002
 -7.879640836615900E-002
  0.394542558672299     
 -0.231947871781086     
 -0.103587493375140     
  8.539715208873652E-002
  0.332060262020732     
  3.011461420986141E-002
  7.600399937974789E-003
  0.100233456533291     
  0.184658381812575     
 -0.403214704578240     
  0.384441661085480     
  0.215157586946504     
  0.125734314572869     
  0.120628354074659     
  0.253611354606127     
 -0.703244620113730     
  0.436555108207943     
 -5.387547408805860E-002
 -0.145344300019135     
  0.420362597856639     
 -0.352512984640424     
  0.556605887078404     
  0.249970640779099     
 -0.350189001007026     
  0.264299492907752     
 -0.145000565801786     
  7.553476673366684E-002
  0.287137570899420     
 -0.260588973996390     
 -8.047312866098952E-002
 -0.188684000275121     
  7.215923176626533E-002
  0.830748719261765     
  0.222451962448180     
 -1.225349557917412E-002
 -0.370283312122131     
 -7.528387748696623E-002
  6.933099902328503E-002
  5.633449126959636E-002
 -1.461354127506746E-002
 -0.150489473328762     
  1.395656985049083E-002
 -4.708753138803380E-002
  0.185640494792017     
 -0.132884475490987     
 -0.100512430641956     
 -7.825779658218338E-002
 -0.409511357897107     
 -0.220800041346931     
 -0.228288629867588     
  0.327033454022916     
  2.874433005920010E-004
  0.152108660637652     
  1.321857708111489E-002
 -3.066581814610742E-002
  0.205038777830930     
 -5.425248946351126E-002
 -3.883246499857196E-002
  0.153826596682423     
  6.017033142497281E-002
 -8.213494193349212E-002
  0.193073001669774     
  0.328915991154509     
 -7.270281639036112E-003
 -0.230033444247759     
  9.335449409452047E-002
 -4.156877440603455E-003
 -0.228222095800069     
  0.296310078547880     
 -2.032240406202306E-002
 -0.131726629528947     
 -6.377508254921806E-002
  0.158524229060665     
  1.355561942273638E-002
 -0.131064198514750     
 -0.171878768454337     
  3.070935262009017E-002
  3.046084469453459E-002
  9.295173488768058E-003
 -0.127715036226123     
  0.280404547551879     
 -0.109749325153134     
  0.268268011054038     
 -1.895105958571526E-002
  1.221411555361257E-002
  0.148404046560147     
  0.240942665319412     
 -0.439832190895849     
  4.910846299933104E-002
 -5.605578627610402E-002
  0.626850927666003     
  0.355537649498988     
  0.425317385470852     
 -0.363640784912394     
  2.387636097957188E-002
 -0.236967498863121     
 -4.212279373384847E-002
  0.269124126022162     
 -0.190007897119079     
 -0.169797196183349     
 -0.634461822766952     
  2.826232890263607E-002
  0.246886058313588     
 -0.189141494928074     
 -2.429713610110946E-002
  0.323769513300493     
  0.231263904214403     
 -0.417988284095580     
  0.417129001728765     
  0.276010269331213     
  0.144872573380182     
  4.487163974744283E-002
 -9.568835754919640E-002
 -2.574832957340358E-002
  1.068710287630702E-002
  0.189589816144970     
 -5.888062131120476E-002
  9.690754262304491E-002
 -0.295276536189312     
  0.351106629606304     
 -3.336974541280521E-002
  4.068858922178979E-002
 -0.116675309893316     
 -0.455631924172121     
 -0.301803733302597     
  0.351626392085054     
 -0.212717832700913     
 -0.239665694727621     
  0.294780884569508     
  0.105768411203245     
  2.385182045653428E-002
 -4.128252915677519E-003
 -9.279766104722142E-003
  0.239841247407510     
  0.225715929282136     
 -0.321236582678077     
 -0.258265144711285     
 -0.567668419373336     
  0.272437788769451     
  0.454076144894646     
  0.272350619854276     
  0.400070262838529     
  6.561840175443252E-002
 -5.089770129543833E-002
  0.291359671818062     
 -0.170013910177057     
 -2.321493749176291E-002
  0.270815171564239     
 -0.522202814194943     
  0.313152539683620     
 -0.134003034752407     
 -0.254164356583791     
  9.981719957355233E-002
 -2.725025861643008E-002
 -0.396247633959903     
 -0.343521703809615     
 -7.219972820928872E-002
 -0.548520819722080     
 -5.252819730383776E-002
 -0.115633188562282     
 -8.766178244924405E-002
 -0.262047121930636     
  0.127307068188271     
  0.133393593196076     
 -0.315182872457797     
 -0.636901508804806     
  9.417686706546589E-002
  0.498472029895711     
  0.148326344738970     
 -5.899426376801560E-002
  5.979781544158087E-002
 -0.531263770594112     
  0.120904235006186     
  6.284878387403174E-002
  0.154304212158540     
  0.204365097907888     
  1.116484220613551E-002
 -0.544286863331054     
 -0.243666607228240     
  0.386022507595556     
 -0.646522149394245     
  0.282429423289057     
 -0.167431632133984     
  6.607132922704918E-002
  0.562131280771232     
 -2.985461996801026E-002
 -3.508148603146249E-002
  0.524395162013736     
 -0.319018921000989     
  6.446830959557290E-002
  0.453909375299589     
  0.253187505769470     
 -8.072156322134738E-002
  -1.06043978048210     
  0.328336475632524     
   1.05079154165025     
  0.314554343054186     
   1.18274265965325     
 -0.223931842370079     
   1.33022921393550     
 -0.759696214596296     
 -0.805042407342479     
 -0.731447432430815     
  0.439453335756648     
 -0.415621952147200     
 -0.129046043766718     
  0.195141186622958     
  0.462857406044662     
  0.332636500613003     
  0.584354382450064     
  0.877100103874384     
  0.272572886376032     
  0.195984880379617     
  0.109436714208231     
 -0.495567618473754     
  0.286850653856854     
 -0.849902947304561     
  0.475971017956128     
   1.12066848085969     
 -3.932920361913542E-002
 -2.180589866824387E-002
 -0.291031834457104     
 
 -0.184420147502524     
  0.485695358315923     
 -0.633462071956521     
  2.402348095918765E-002
  6.052075091615591E-002
 -0.284768179111162     
  0.137273402809343     
  0.806978092970659     
  0.482602718427727     
  1.043570938427239E-002
  0.958973557173823     
  0.147458305351865     
 -0.383366721737798     
 -0.677619103732679     
 -0.264336905899392     
  0.473938712395584     
 -0.599105615004768     
  0.310259400668214     
 -0.531441336244739     
 -0.316887612669797     
 -0.776927141267912     
 -0.187837888198853     
 -0.145556277115458     
  -1.13425853510965     
 -0.225680444334664     
 -4.160912713362188E-002
 -0.192353633878164     
 -0.163595621971524     
  0.521981611025093     
  -1.40920181739097     
 
 -0.721523320636821     
 -0.253738067520786     
  0.199262851505059     
 -4.983653368077356E-002
 -0.262065654761898     
  0.180485905117720     
  0.255801978453177     
  0.170082955146734     
  7.251136683937758E-002
  0.391245196714695     
  0.361946373346360     
 -1.441051529590621E-002
  0.146243195127664     
 -0.380603756037404     
  0.232200499380352     
  0.191966751503638     
  0.387158511965073     
  0.272432358143013     
 -0.231294687453087     
 -0.116175466405843     
 -1.063935154724422E-002
 -7.690493643629667E-002
  0.162880663531173     
  0.568737012596184     
  0.115765599697926     
 -0.289393953558345     
  7.237727414566227E-002
  0.228887825617528     
  0.294081098400056     
 -8.565167672394727E-002
 -0.866957325910439     
  0.322448926558363     
   1.07041640619693     
  3.702272164677366E-002
  0.698488325949405     
 -0.321990638408586     
  0.175592928295895     
  0.353548864719807     
 -0.159473237029897     
  0.255975895914321     
 -0.101001163456409     
 -0.295914577159926     
 -0.114481305299969     
 -9.357975002157856E-002
 -0.539265827784134     
  0.103649731236384     
  0.433909418281094     
  0.790019554397164     
 -0.633433628086879     
  0.534182748953519     
  6.668701930962159E-002
  0.543123949859489     
  0.945229410833166     
  0.236694415220073     
  0.101361543076312     
 -0.575155702734736     
   1.18145387164588     
 -0.289261205779616     
 -0.193439699333742     
 -3.630588073599283E-002
  0.250215171909619     
 -7.475346077059344E-002
  0.655426860011009     
 -0.472291414515233     
  0.269407810595217     
 -0.779239407974076     
 -0.272187669637733     
  0.324030617206913     
 -0.271636555623048     
 -0.107710829853131     
 -0.536183420131980     
 -0.320632029804387     
  0.256739863145785     
  0.246215533850752     
 -2.998366083437438E-002
 -0.236449093870375     
  0.509041732749328     
 -0.144999869339812     
  9.534773396015869E-002
  0.399307645985067     
  8.182087849052760E-002
 -8.370650219125557E-002
 -0.339842698755181     
 -0.450232335687884     
 -0.137722497048212     
  0.134839832763738     
  0.368650880033584     
  0.171431840093568     
  0.330762623470070     
  0.164312823585874     
  1.642558254034270E-002
  5.348309374491770E-002
  0.804692018286877     
  0.373101640748174     
  0.367736586972723     
  0.552895193175651     
  0.909614541308688     
  9.300372867194712E-002
 -0.693973756977108     
 -0.553657594184855     
 -6.815274535897529E-002
 -7.247225927056304E-002
  9.195313466977173E-002
 -0.182702163570545     
 -0.762329573537253     
  9.257996578560801E-003
 -0.105969070201410     
 -0.194603799183870     
  0.237524013473610     
 -0.918490923375208     
  0.112223717340594     
 -0.696449850497993     
 -0.395297613523419     
 -1.702772253321373E-002
 -0.211206333565249     
  0.104331582499716     
  0.162728930483602     
 -0.222607981719064     
 -4.144589944214977E-002
 -0.116911910004385     
  5.619505148664057E-002
 -0.302494239180455     
 -0.245015022234782     
  0.349864058663406     
 -0.146233615218976     
 -0.454297074463157     
  0.165531591639230     
  0.714037444634602     
  0.492603745010150     
 -0.429657684931344     
 -6.386636681978952E-002
 -0.167414442211195     
 -0.175080400065004     
 -7.959447835612386E-003
  0.129710036234332     
 -0.171512272106225     
 -0.164106641083954     
  1.929794783724767E-002
  6.930007993996380E-002
 -0.288414693652031     
 -8.605799770806699E-002
  6.734916828357462E-002
  0.454212737578631     
  0.323700014638641     
 -5.200397119004449E-002
 -9.983914336218117E-002
 -0.240964555280648     
  0.172849318019925     
 -0.731567195848839     
  0.885342640901462     
 -0.274018606349128     
 -0.279359241958075     
  0.547000575831171     
 -0.340127705479013     
 -0.258967408550781     
 -0.352766993238956     
  9.725446073146399E-002
  0.713911696018096     
  0.225702960786734     
  0.117286422413030     
 -0.548651140407751     
 -4.584190836906429E-002
 -0.319648746229903     
 -0.276268575324799     
  0.189391197696251     
 -0.342495313447534     
 -0.188844242626908     
  9.565613365481237E-004
 -0.162005707894937     
  0.768716478990425     
 -0.169062779054757     
  0.286566365418999     
  0.370858372982173     
 -0.180401354022199     
 -0.573263358227834     
 -0.152234761360084     
 -0.207834070313702     
  0.411918896631775     
  0.481795691407317     
  7.933714691742388E-002
 -5.890738311022162E-002
 -0.140888506354574     
  6.567595171091307E-002
 -0.254767414116620     
  4.690997324932940E-002
  0.365465868653618     
 -0.124028582507763     
 -0.218903941044993     
 -0.327941552105973     
 -7.789396540532824E-002
 -0.477220242528452     
 -3.999553114051661E-002
  0.238367314255519     
 -0.142749512971012     
 -0.258379617165333     
 -0.177253262745766     
  0.405136211540776     
 -5.283440751035252E-002
 -0.114845834364419     
 -0.236602697838819     
 -0.320073289603423     
 -0.453026974162797     
 -0.596433588183071     
 -6.550837704706106E-002
 -0.751855110265814     
 -7.364778075156689E-002
  4.003633305385221E-002
  6.234892065640907E-002
  2.934929365454098E-002
 -0.203390383969163     
  0.434098652085047     
  0.191746357904860     
 -0.319736243740953     
  0.186222377706701     
 -0.109979761069433     
  0.398741372110511     
  3.542606421678809E-002
  0.235957938241830     
  0.546061719474729     
 -0.724064864550545     
 -9.444975480411957E-002
 -0.228667036356760     
 -0.558788115128911     
  8.421963302048571E-003
  5.446983550675738E-003
 -0.264711004609040     
  0.249765614950022     
  2.766205089871343E-002
 -0.319556119308914     
  0.264947934235659     
  0.365957047502075     
  4.078848092784443E-002
  5.101595660366055E-002
 -0.222464498624275     
 -0.469667041691541     
  9.244210926115777E-002
  0.526940081417776     
 -5.285126995133766E-002
 -0.449724848835553     
 -1.595711323840503E-002
 -0.168538748379150     
  1.300921681753259E-002
  0.100169903791806     
 -0.538920700736671     
 -0.187624864668222     
  0.115494801812836     
 -0.279148408600230     
 -0.181691173936220     
 -5.380267436815117E-002
 -9.679059582101909E-002
 -0.274072460577847     
  0.635482703970999     
  0.990856836355300     
 -0.216733734386098     
  -1.08502674818603     
 -0.202672136744267     
  0.127104327173314     
  8.390477579555961E-002
  4.407470071030445E-002
 -0.495693340746505     
 -0.417859817204641     
  1.316333672867587E-002
 -0.327647147844222     
 -0.117403819700614     
   1.19042839136365     
 -0.455949534294078     
  0.120023233631000     
  0.820348523845103     
  0.414669618876947     
 -0.174950874876261     
 -1.524257861171932E-003
 -0.178770431339834     
 -0.349093242357524     
 -0.417905905242371     
 -0.109319404710116     
 -0.330908639701823     
  0.340927040348689     
 -2.676874378960425E-002
  2.675059968873780E-002
  0.825234706872642     
 -0.403044223824770     
  0.174484856930532     
  0.408355585214404     
 -0.387972097745857     
 -0.132819466664241     
  0.190430308878804     
  0.115355673992347     
  0.340277334852183     
 -0.248729230018642     
  0.218676476089327     
 -0.123788990289081     
 -0.167030370147358     
 -0.123010753855170     
  0.147890351734158     
  0.255729088788080     
  4.183511148798027E-003
  4.868090031964535E-002
  0.614972280991671     
 -9.247666883262888E-004
  0.665363910253932     
 -8.478234271955129E-002
 -0.708067444498149     
  0.334705811010115     
 -0.432710450633530     
  2.570313187331587E-002
  0.417446234890946     
  0.804794608171065     
  0.475820885294490     
 -0.325990606854821     
  0.368918776739743     
 -3.139918887371208E-002
  0.217388911434672     
 -0.334560399430151     
  0.188449734457210     
 -3.075970931909896E-002
  0.176800201471586     
  0.191081180644408     
  0.618146826751121     
 -0.386427894739449     
 -0.857894864445340     
 -3.597572102303277E-003
 -0.434854819613249     
  0.622253013667188     
 -0.216221778687780     
  1.327262611097491E-002
 -0.862692381892964     
  0.472630329736052     
 -6.652265441909591E-002
  0.728585799486948     
 -0.125853802275193     
 -0.209888041783192     
  0.333019638870724     
  -1.13995206083885     
  5.200375760753714E-002
 -0.240828755488340     
  0.429423147884490     
  0.162884299811617     
  0.122668651711531     
  0.550336684860902     
 -0.117785776726506     
 -0.430443207514553     
 -0.407471444157562     
  0.437807708051828     
  6.298316381929775E-002
 -0.665218636697818     
 -0.152091044639286     
  0.345681119304422     
  0.142498776484447     
 -6.761920955553327E-002
 -0.318472997235882     
  4.498537351981166E-002
  9.084512232533107E-002
  0.137901034461689     
 -0.110269777901269     
  0.277771643381604     
 -4.438511489274374E-002
 -0.105016494504839     
  0.200889403549654     
  5.426411137946451E-002
  6.201608931087758E-002
  9.399837897233215E-002
 -0.441603752268475     
  0.183737783427334     
 -7.734789909605971E-002
 -0.178520816560195     
 -0.371747736213688     
 -0.192654436092422     
  0.242220255737890     
  0.670713009665313     
 -0.425150977400862     
 -0.240018959143186     
  1.535962547936722E-002
  0.345291284871241     
 -0.249191599621949     
 -6.660700066513076E-002
 -0.111625683779243     
  6.762676489434305E-002
  0.174919534530215     
 -3.973475496059233E-002
 -0.163240224953369     
 -0.125838077826602     
  0.303025909056611     
 -0.136191010346026     
 -0.266686801622723     
 -0.292600614865774     
  4.084467085522722E-002
 -7.494414779086640E-002
  0.338414285690253     
  0.100933448585876     
 -8.334170516263906E-002
 -3.858199068848280E-002
  8.510512745908042E-002
 -0.311560641157748     
  0.195111881149837     
 -0.433543995073065     
  0.877601325700498     
  0.373151700387773     
  0.179526657210697     
  0.470473730153294     
 -0.320462671367044     
  0.286758707491787     
  0.152307753834513     
 -7.667738135490813E-002
 -0.272004001540138     
  0.194862705094944     
  0.148704151246258     
 -0.879824790509102     
  0.292265570163309     
 -0.245135308723927     
  0.383963965861509     
  0.705663923164324     
  0.385715237991194     
  0.555331418044866     
 -0.923293011918562     
 -5.785740080943231E-002
  0.960802232057941     
  0.185412669480345     
 -6.262407240502071E-002
 -1.898463054892241E-002
  0.231346307892179     
 -0.244355282800703     
  0.690775884504721     
  0.270910607349181     
  0.183056444971364     
 -0.376520599135425     
  0.114197734532069     
  0.410542879117656     
 -0.344996246937150     
  0.614978760274268     
 -0.585598059279601     
  0.438263112658243     
 -0.270743697748874     
  0.258983673371904     
  0.184404715117148     
  0.575113500475934     
  0.224079380615692     
  7.165006982248760E-002
  0.329968057926366     
 -0.455471022253668     
  0.660279031229305     
  0.634991190475349     
 -0.484303577172230     
 -0.166307990771085     
 -0.441881491624470     
 -0.115044372700920     
  0.857170337428054     
  0.174296903151485     
  0.157669751372403     
 -8.614787346252296E-002
 -0.184992701097447     
  1.142337019750872E-002
  9.793677085456234E-002
 -0.142672562659839     
  0.737243051698130     
 -0.147622085421327     
 -0.372702354859177     
 -9.638920325227797E-002
 -0.657014036132009     
  0.298192784182691     
 -0.293620243805793     
  0.397566608783993     
 -4.719281632601631E-002
 -0.155286948369616     
  3.057620113843636E-002
 -6.878753022076785E-002
  0.578538863069694     
 -0.149137046255637     
  0.124997685485201     
  3.425873712973379E-003
 -0.209785933186638     
  0.341778486633154     
  0.144670198456951     
 -6.618443736529951E-002
  0.232964173629303     
  0.206094888482271     
  0.845535748863342     
  8.822781883706138E-002
 -5.573917615031038E-003
 -0.579491703478397     
 -4.478890654961178E-002
  0.119059043224805     
 -8.260354757005511E-002
 -0.189537622101103     
  0.466251290612523     
 -0.510024329740842     
 -0.331763449019526     
 -0.179836621970609     
  0.209515590983356     
  0.259358356714520     
 -0.113370601344779     
  0.275516932809080     
  0.402553372611332     
  0.134808618869041     
 -7.588521762979020E-002
 -0.254176452231350     
  7.733409466171631E-002
  4.891550733760967E-002
 -0.100005683700938     
 -4.224954674935914E-002
 -0.508443787190696     
  0.257379314076627     
  0.459433731263059     
  0.413537257498807     
 -3.636038201599816E-002
  8.927269280818825E-002
  0.338193485030599     
  4.071263454219821E-002
 -0.338303582971778     
 -0.218002570367147     
  7.674704541228594E-002
  8.624178817553627E-002
 -0.735012484376170     
 -0.278676705339213     
  5.140854354816703E-002
 -0.242943188678181     
  7.483211422745481E-002
  0.166817086975023     
  0.290098321639728     
  2.043635449219265E-002
  3.063499830838039E-002
 -0.195705799934364     
 -4.322098665284553E-002
  0.244122823153369     
 -6.120095795815737E-002
  0.288403196277776     
  6.996457773572540E-002
  0.480319906266763     
  4.810235619688269E-002
 -2.227682330855103E-002
  1.981577675175853E-002
 -0.133897530923900     
 -0.424083965421644     
  0.409648274298491     
 -0.347458677262661     
 -8.889429954657137E-002
  0.570725369762874     
  0.468885110581788     
 -5.930499835652946E-002
  1.461950906323261E-002
 -0.971294095319050     
 -0.182723451055351     
 -0.369540128690386     
  0.644381384651771     
 -0.194575668065996     
 -1.561028371789940E-002
  0.328484914928501     
  0.107141009408704     
  0.423053755331279     
 -0.363316450030292     
  0.384591662054534     
 -7.237623754048145E-002
 -4.888188574670635E-002
 -0.480517550693803     
 -0.227521793053569     
 -0.277528064102055     
 -0.206150213126360     
  0.213369124892010     
 -3.263576848273318E-002
  0.219760464190050     
 -8.254538663485861E-002
 -7.484943389077811E-002
  0.309920192767347     
  0.543546112061620     
 -0.396719228447447     
 -0.424601057844187     
  0.252026666561532     
  9.248249473221715E-002
  0.120652463239374     
 -1.070184380325058E-002
 -0.422705622740541     
  1.420321528828688E-002
 -0.345826996969973     
  0.419624471329150     
 -0.149387927607645     
  0.403306323383178     
  0.141817632604297     
 -0.274599750738476     
  0.194879511819431     
  0.855305299883948     
  5.322432878918942E-002
  0.425764727257289     
 -0.432712094019686     
 -0.689918692140635     
   1.32462276927034     
  0.527015573555961     
  0.122624154561264     
  0.275476501368628     
 -5.615568536005713E-002
  7.113121073431070E-002
 -0.117580031904084     
 -0.264929794507929     
 -7.425175737877751E-002
 -0.797066647988620     
 -0.317690937832752     
 -0.187496629937697     
  0.728172453365523     
 -0.108110236878366     
  0.299187717619301     
 -0.408237086580245     
  0.667083056008552     
  0.252070544769260     
  0.486935881492876     
  3.059432520868861E-002
  1.581038741278995E-002
  0.358165515058799     
 -8.513499864975790E-002
 -0.333623821681895     
  0.128097686172573     
 -0.604153669954099     
  0.181382747992448     
  0.421268845738590     
  9.211794550656130E-002
 -0.202249578474980     
  2.219785575615216E-002
 -0.178873566485212     
 -0.245270686791720     
 -0.228175209254499     
  0.100065444727235     
 -0.124731739999779     
  0.741561062598728     
 -0.754134138123539     
  0.375396064532783     
  1.564942385300389E-002
 -0.348948797622168     
  5.542970891086639E-002
  0.198843194129697     
  0.275104679425628     
  9.922757216153200E-002
  5.830661789229423E-002
  6.788001823929000E-002
  0.259276294499852     
 -0.202480146769854     
 -3.962195980669288E-004
  0.221736438821077     
  0.322940080412857     
  0.104381563882082     
 -0.144898740527270     
  0.574488151738130     
  0.109634663727662     
  0.255256115318174     
  0.643834327423699     
  0.268730425385025     
 -0.354580433820321     
 -0.161226158810921     
 -0.204591867463000     
  4.293271199619856E-002
  0.272508502577405     
 -1.415260568945421E-002
  5.579213877143784E-002
  0.102533107606572     
  0.234033356104512     
  0.366570341137869     
  0.379047003465080     
 -1.078037107436832E-002
  0.430168158094322     
 -0.236135666792940     
 -4.573396729032359E-002
 -0.210838777502311     
 -0.314337172330627     
 -0.517286338935626     
  0.175883213324370     
  0.264726603379629     
 -0.514351124574076     
  0.394249410348752     
 -0.172463298769073     
  1.846067285348387E-002
  0.398028110996809     
 -0.142244526692045     
  0.758124108487548     
 -0.200920239317843     
  0.276876965080638     
  0.130122275983943     
 -0.696190632318323     
  0.192272194324995     
  0.533095731154202     
 -0.104423219913118     
  0.198436597447293     
 -4.473217670312046E-002
  1.745048660893913E-002
 -0.208931731460047     
  8.135747307754207E-002
 -5.556651682379456E-002
  0.233171375636864     
  7.379693805105944E-002
 -1.018766642544081E-002
 -0.107982077029177     
  5.830954891380933E-002
 -0.118010979044832     
 -0.320901061922335     
 -0.647240628504285     
  9.520463319339496E-002
  7.313909047556184E-002
 -0.368027012690021     
  3.025440002690486E-002
  0.113534732551480     
  0.388560143292438     
 -0.261895097827733     
 -0.301613041044361     
  0.209244065516223     
 -4.753122335496229E-002
 -0.240584512727043     
 -0.345711343082102     
 -0.596434783045398     
 -0.173859919501540     
 -0.480993375704786     
 -0.220889313823829     
  6.059101013160891E-002
  0.124069449914790     
 -0.232680510576520     
  0.516893555340905     
  0.376076567017574     
  1.720689952621223E-002
 -1.732964023193417E-002
  3.512155197133958E-002
 -0.304025682819874     
 -0.277105386082464     
  0.186086347400400     
  0.100734241296909     
 -0.160682889852802     
  0.238714564800646     
  4.730959998642242E-002
  6.830702829360327E-002
 -0.330821508883255     
  0.192333758620063     
  1.967460314640225E-002
 -7.567387245397499E-002
  0.189672674036930     
 -0.421859660104634     
  0.625407887254846     
  0.232530630979746     
 -0.136064842266109     
 -0.184499714092893     
  0.717598040841791     
  7.874624106699701E-002
  0.102238937608872     
  0.143749807199073     
 -0.309734133280759     
  2.652120023594082E-003
  0.143672934874308     
 -0.642106704541170     
 -0.293326805487653     
 -1.278711897944227E-002
 -3.965701053733654E-002
  0.172142998244177     
  0.390984881368577     
 -0.774214676413570     
  0.414040352219248     
 -8.897988119689895E-002
  0.146107606775213     
  0.530488580236307     
  6.303031439325986E-002
 -0.208347572856371     
  2.160501206883354E-002
  0.150721861540659     
 -7.758213112469818E-002
  0.741092471175428     
  0.267028085929207     
  0.144802265978802     
  0.530630776113686     
  0.169437925765874     
  0.293499613563345     
  0.175718733342561     
 -0.251114955165485     
 -0.532439972092012     
 -0.671335333361003     
  0.212155508734167     
  6.310495044243390E-002
  0.371599832897814     
 -0.261482947812167     
  0.937689002872584     
  0.911475234178248     
  0.115522586431954     
  0.601472722862177     
 -0.974563779447766     
 -0.118412036387588     
  0.346536781654452     
  0.273870503896672     
  3.445888196135834E-003
 -0.127695418073688     
 -0.240543391344974     
 -0.209650752340164     
 -9.648750974373976E-002
 -0.452671086661458     
  0.423760192104072     
 -5.741678467096202E-003
  8.217394275082850E-004
 -0.124365084417134     
  0.348543651744230     
  9.856841491334582E-002
  2.622795344909669E-002
  0.131225244711146     
  0.396762063944402     
  0.269910694644568     
 -0.101864706084295     
  0.963111307770063     
  0.612574792053747     
  0.267137225421059     
  0.385660448003284     
 -0.546800548758852     
  0.389890337248725     
  0.648381816788496     
  0.457122298125807     
  0.149132052513179     
  0.497358591268858     
  0.617894691397185     
 -0.106715535813017     
  0.389175127994233     
 -0.194453368670610     
 -0.181857494219884     
  6.064666992146810E-002
 -5.880238313217040E-002
 -0.122538284858331     
  0.909320015002966     
 -0.490690947152352     
 -0.465084310068041     
 -0.312821278144820     
 -0.362529059032900     
  0.116670468736018     
 -0.160913748504208     
 -9.138143357657666E-002
  3.654876541424498E-002
 -0.292058878509154     
 -0.604602460528755     
 -0.117816279805502     
  0.489022968203601     
 -0.917897821194303     
 -7.830024707678150E-003
 -0.283321135432688     
  0.162973746132750     
  0.271973506447322     
  0.178777810244764     
  0.250757812090022     
  0.551621532555063     
 -0.490031212353317     
 -0.458292615210907     
 -0.893395566139603     
  9.972601483763246E-003
 -0.343461816496976     
 -2.160271269621424E-002
 -4.206955767001397E-002
  0.204489932840312     
 -9.673155670102274E-002
  0.266902298757397     
 -7.223454037469595E-002
 -0.188090572652657     
 -2.891735616872670E-002
 -0.135774431990366     
 -0.146347115936540     
 -0.806720021502621     
 -6.804986675027712E-002
 -0.130228804874717     
  0.436405190810766     
  0.331093222519295     
 -0.741045513050200     
  0.890182080271388     
 -0.489879093076945     
  1.545340664787999E-002
 -0.874030176814342     
 -0.109018785300140     
  0.783395192154755     
 -0.809328255039190     
  0.243333420953095     
 -0.258370785317906     
 -6.303027259183203E-002
 -0.867641786376192     
  4.115567900441643E-002
  0.129439451124585     
 -1.653869454658673E-002
 -0.465300770562700     
 -0.161148966033894     
 -0.239684555169359     
  0.103345131700623     
  0.847288955446544     
  0.212972779504222     
 -0.582789093405569     
  0.174930066484414     
  0.587036024287206     
  1.962191676001507E-002
 -3.820839760014713E-002
 -0.259843534405141     
 -0.389227225297759     
 -0.475695281294834     
  0.596535839077159     
 -0.258886683540185     
  0.511804261417057     
 -0.164209537520655     
  0.494624894942200     
 -0.196715135037223     
  0.200871129764487     
 -0.229334925639850     
 -0.619364649692191     
  2.436405573019066E-002
  0.316740519099195     
  9.546000321282594E-002
 -0.129323292949053     
  0.100272322574251     
  0.398114604377490     
  0.443022104704980     
 -0.181135596478551     
 -0.181876394703522     
 
  1.073308541946742E-002
  0.172837089953991     
  0.183385358437177     
 -9.894790572465401E-002
  0.205291928202662     
  0.158724678872318     
  2.705239818482190E-002
  0.294512528313826     
  0.140016064241030     
 -9.436584662011156E-002
  0.487861198610115     
  9.552754898617892E-002
  0.210090499009920     
 -0.326567359070705     
  0.383292070118859     
 -4.347775930505025E-002
  3.726347871846542E-002
  0.164523037229300     
  0.135847749075602     
  0.579173334263116     
  1.613588785632588E-002
  0.212009185446884     
  0.117098927094509     
  6.098368970715528E-003
 -0.244477705849167     
 -0.502697794142754     
  0.181030676559154     
  6.262428867775620E-002
 -0.219334735846432     
  9.967711102647285E-002
 
  0.729362194720161     
  0.558745621959577     
   1.06468074333144     
 -0.600713685160044     
  -1.98778297912153     
 -0.843846362742002     
   1.65789779173512     
  0.985182701979563     
  0.395700233185983     
 -0.851635634276051     
  0.925457218453045     
   2.22881367424982     
   1.31000185909552     
  -3.45595474004912     
   2.88758549580719     
   1.21793264769582     
  -2.48019451457495     
   3.28175830124285     
   1.34727448235412     
 -0.458878797336577     
 -0.289829808920909     
   2.42034362988186     
   2.14228148724490     
  -2.24602919808893     
  -1.81410451480038     
   1.52489916469960     
  0.568294035265237     
 -0.209847566959936     
 -0.281418171174762     
  0.727125619707607     
 
 -4.823588598161625E-003
 
  tansig  tansig 
