 0.450812015073244776E+01
 0.407034603635796088E+01
 0.480819738868725022E+01
 0.480819738868725910E+01
 0.473589748073522898E+01
 0.217099836421192416E+01
 0.830744301135194041E+00
 0.390742193557289896E+01
 0.183988281392892739E+01
 0.183988281393064490E+01
 0.211436729465028606E+01
-0.177861909431426657E+01
-0.943254777272450107E+00
 0.144432119585276886E+01
 0.975744755494503124E+00
 0.975744755810495801E+00
 0.367984292071801189E+01
 0.223461852247442583E+00
 0.155643562130719199E+00
 0.493249434271264553E+00
 0.679616632369963614E+00
 0.679616623586151269E+00
 0.274341305346269326E+01
 0.503384973720846562E+00
 0.439049768741775981E+00
-0.982140934972427909E-01
 0.592758069176109847E+00
 0.592758101643369284E+00
 0.585907440533204094E+00
 0.504447301878004628E-01
 0.541493201306448568E-01
-0.296850232236809564E+00
 0.636289537774879843E+00
 0.636289421837021973E+00
 0.111938440418625063E+01
-0.969418851570836432E-01
-0.847034294936075960E-01
 0.286806913406295105E+00
 0.556040247307940549E+00
 0.555960884119059418E+00
 0.653855967144533201E+00
-0.188834088896622926E-01
-0.229394450357134627E-01
 0.129455737333034171E+01
 0.675780797999811944E+00
 0.675377746559186254E+00
 0.259591887390113518E+00
 0.921172919161937845E-02
 0.109855398897076642E-01
 0.111672299192462821E+01
 0.810456676893787198E+00
 0.805428494597605571E+00
 0.532304933327285901E+00
 0.909341828163668098E-01
 0.125592802444629614E+00
 0.678920956938633413E+00
 0.114440061554927786E+01
 0.111240920270375931E+01
 0.834172896228093319E+00
 0.352626713704177475E+00
 0.472547836169251445E+00
 0.197139870689940722E+01
 0.125713671623308421E+01
 0.149071678702541877E+01
 0.155677917534065191E+01
 0.588028856039821246E+00
 0.958045269121545084E+00
 0.469380474492462163E+01
 0.252818695273349858E+01
 0.242874843766690329E+01
 0.252032472530640816E+00
 0.753218916148857720E+00
 0.146752930441733387E+01
 0.627025913902177745E+01
 0.133517653658645052E+01
 0.473203663492380677E+01
 0.175053981127716241E+01
 0.129322138707918616E+00
 0.257913645230843036E+00
-0.486391700191714682E+00
 0.967060378309708568E+01
 0.943733864961483349E+01
 0.695007477821004827E+01
 0.129683775216096353E+01
 0.363718111714221415E+01
 0.146524639949262863E+02
 0.210404788271622367E+01
 0.264684690704431453E+02
 0.238125170630135656E+02
 0.123709190296540079E+02
 0.512913539188316960E+02
 0.615484414781131761E+02
 0.143457592898550445E+03
 0.109741532664426401E+03
 0.160831251326843329E+03
 0.103479881070523760E+03
 0.429471410237376006E+01
 0.282141302382408199E+00
 0.455459073854964647E+01
 0.455459073854961094E+01
 0.446079370967865341E+01
 0.327426713201669983E+01
 0.122289023189079904E+01
 0.319522219733024215E+01
 0.170107211783699230E+01
 0.170107211777863343E+01
 0.160898017150745409E+01
 0.617218427340718634E+00
 0.313150346991509343E+00
 0.116534945274879198E+01
 0.863051553825693207E+00
 0.863051555727293418E+00
 0.324582049817626439E+01
-0.602884057033712839E+00
-0.393480983422518971E+00
 0.378929472798666511E+00
 0.563283088585757485E+00
 0.563283057380501440E+00
 0.119764462687579276E+01
 0.192641279772978770E-01
 0.155789882864270143E-01
 0.470857538827510524E+00
 0.455530814737609535E+00
 0.455529581365692549E+00
 0.177787193784563313E+00
 0.527950945604794934E-02
 0.470583012002212964E-02
 0.412536812200165803E+00
 0.405998472061002424E+00
 0.406031060725933979E+00
 0.211666691290867265E+00
 0.955847290462769200E-01
 0.866350730256136292E-01
 0.462624522605846966E+00
 0.368057691964119860E+00
 0.368014126813375086E+00
 0.633786200593200594E-01
 0.620832078928470477E-01
 0.648049221366810840E-01
 0.281641585600060418E+00
 0.384172657616708435E+00
 0.384147785573548617E+00
 0.460929451875879803E+00
 0.638199567926896055E-01
 0.727320597841730337E-01
 0.494849851860372669E+00
 0.436414694522064772E+00
 0.437791893169903523E+00
 0.548421364321507343E+00
 0.432920920997601932E+00
 0.541982068554243912E+00
 0.408147855023070494E+00
 0.560217833078554772E+00
 0.548080132763593575E+00
 0.481481785721326994E+00
-0.104568880839746043E-01
-0.133679596302957639E-01
 0.181409850513598210E-01
 0.719528267278945255E+00
 0.700659032602557907E+00
 0.378026805464164839E+00
 0.246452020879113165E+00
 0.332391359626788785E+00
 0.104588482766571977E+01
 0.703661715578898228E+00
 0.944983155953875276E+00
 0.432039357123068860E-01
 0.276561647625727491E+00
 0.500087590815547656E+00
 0.139588395468548687E+01
 0.154433525040644182E+01
 0.170874867820350884E+01
 0.108280262855158904E+01
 0.510131931572052832E+00
 0.987148271398477384E+00
 0.207639541493544044E+01
 0.642086503088900074E+01
 0.330657267178888414E+01
 0.150314523052533544E+01
 0.670775782169352630E+00
 0.178026116510947041E+01
 0.644779457386497956E+01
-0.425651587029110257E+01
 0.877575349867329635E+01
 0.212693977862223305E+01
-0.143151492200032804E+01
-0.534987659721623299E+01
 0.289139204642584104E+02
 0.356271801453710069E+02
 0.327968626410727637E+02
 0.185162525732788801E+02
 0.339284690829948801E+02
 0.442737095976937134E+01
 0.106735608058399589E+01
 0.427970613331565009E+01
 0.427970613331939198E+01
 0.239319623977869167E+01
 0.260826722276720835E+01
 0.942710605913742117E+00
 0.114766542747712097E+01
 0.154682170847770806E+01
 0.154682170862612156E+01
 0.494637046523362223E+01
 0.750063949185639123E+00
 0.355701116738233736E+00
-0.902639346465789472E+00
 0.733545727947874648E+00
 0.733545732668028028E+00
 0.430000722821451298E+00
-0.256058248978266623E+00
-0.152637287277003680E+00
 0.330672099123924756E+00
 0.437269239257865039E+00
 0.437269375912874014E+00
 0.586507101940363706E+00
-0.300120596229550285E+00
-0.192620660226184098E+00
 0.853062927368693352E-01
 0.280644127589490588E+00
 0.280644237493808346E+00
 0.247649173822174079E+00
 0.723872033960857031E-01
 0.543886416058968133E-01
 0.201492679223362808E+00
 0.210871273388016284E+00
 0.210864049662074893E+00
 0.862388633519948905E-01
-0.346833364992121321E-01
-0.295147335617024879E-01
 0.162157421629452209E+00
 0.179348303658249719E+00
 0.179440528844712427E+00
 0.201578360338722784E+00
-0.236373559834846545E-02
-0.217891707172484681E-02
 0.118385965904654528E+00
 0.164805953889130496E+00
 0.165410222671376367E+00
 0.795000336313913675E-01
 0.577913223234579037E-02
 0.581791618646806865E-02
 0.136435208210309994E+00
 0.161385703065955982E+00
 0.166520296334604967E+00
 0.153403071254883339E+00
 0.271023759061911722E-01
 0.318498313056327156E-01
 0.142827009013558937E+00
 0.215197109821123084E+00
 0.195689240145532489E+00
 0.141298280560455486E+00
 0.149551666375716751E-03
 0.187586801816680247E-03
 0.190307330416417647E+00
 0.267527891931584383E+00
 0.245458439871969747E+00
 0.337509895580627578E-01
 0.123210975774529965E-01
 0.154430093235196769E-01
 0.140901335296028246E+00
 0.733074603342386277E+00
 0.307652540826887477E+00
 0.167446646442051705E+00
 0.178894003776673902E-01
 0.299577321802364308E-01
 0.243115729266608932E+00
 0.101243072705064940E+01
 0.515197392203645466E+00
 0.109471717046100786E+00
 0.645336183951286946E-01
 0.115142388671382420E+00
-0.465838278250366652E-01
 0.828884832524213744E+00
 0.919227215997431735E+00
 0.771166871540404641E+00
 0.239231607441393296E+00
 0.615927534023451240E+00
 0.729541917171023346E+00
 0.231578493795604778E+01
 0.236664945076390865E+01
 0.113467682007127868E+01
 0.101790239826654005E+01
 0.371608360514795066E+01
 0.527427221313602690E+01
 0.130737910371287249E+02
 0.863999066913806324E+01
-0.133968804085840598E+01
 0.651492761716666724E+01
