     48 -    30 -    30 -     1 
rmse=  43.2160meV
  0.111349351198778     
  0.179593577257537     
  0.260637937600328     
 -0.197717643496585     
 -3.982652896106944E-002
  0.754558405229898     
 -0.120547893529233     
 -0.766055287721810     
 -0.882386901139461     
  0.235133467789588     
  -1.00460318922404     
 -0.839690018993673     
 -6.462870445544133E-002
 -0.436666923334047     
   1.68360024524519     
  -1.13501754764633     
  0.701135915407712     
 -0.380368227394585     
  0.455087716173438     
  0.106272403482743     
  0.132883011536993     
 -0.160663028487073     
  0.376014731944572     
 -4.804018254839659E-003
  8.544961667060469E-002
 -0.195735438324718     
  0.987680540907395     
 -0.135644051047765     
  0.106543895634418     
  0.511026161989507     
  -1.21955382251536     
 -0.244112354163611     
  0.229488035475937     
   1.21219279149206     
   1.47326172009541     
 -9.961579572229719E-002
  0.650385813235115     
  -1.01913653909102     
  0.530293910174716     
  0.149108109923043     
  0.731149584862593     
 -5.948232565988733E-003
 -0.386711835478169     
  0.424942226748551     
  0.230137806753362     
 -0.276118609170638     
 -0.516616319217955     
  0.786228843637560     
 -0.492019670609036     
 -5.751834068244677E-002
  0.266319342534548     
  0.223532586671667     
  1.393933037248926E-002
  2.212501235647189E-002
  0.192531609900870     
 -0.823234789367231     
 -4.081036542432136E-002
   1.39424284424103     
  -1.03450457558430     
  0.258676883739786     
  0.796943210907190     
 -0.534788604338725     
  -1.05997690714467     
  0.430114366361676     
 -0.433248421094215     
  0.114745594301584     
 -0.122660482616083     
  0.904389110716580     
 -0.305010215721362     
 -4.880546787868018E-002
 -0.798025943390931     
   1.03221813533498     
 -0.369083115895974     
  0.548099306996844     
  0.905952086447808     
  0.546032360749686     
  -1.23284422068787     
 -0.975819847342344     
 -0.699478566991104     
 -0.355954929811658     
 -0.312563055541249     
 -0.218492540055196     
 -0.651479599217923     
  -1.22276794425143     
  0.176244053396072     
   1.15932751324572     
   1.54106301829923     
  0.247125930401691     
 -0.949581356137901     
  0.286753260570614     
 -0.771981445402051     
 -0.470594145137809     
  3.205559051274766E-004
   1.07370682607630     
 -0.290027664265364     
 -0.423870992460192     
 -0.104664400625172     
 -3.178169602720857E-002
 -0.358259546209323     
  0.665291716565421     
  6.720447413033291E-002
 -0.814061141544486     
   1.07027767698908     
 -0.293785612676328     
  0.218957941727387     
 -7.217814728566950E-002
  0.882870878622515     
 -0.116339927882791     
 -3.822618938627933E-002
 -0.660263653742508     
 -0.866299358066367     
  0.675549646504630     
  0.227134890955532     
  0.301955845627693     
 -0.102751657330383     
  0.225846497331454     
  0.813946432955035     
  0.251463364437381     
 -0.703857760898653     
  0.172774982141158     
  0.152814136215623     
 -0.353585650907991     
 -0.379731586192599     
  0.732857622807445     
  0.311121097763540     
  0.785740329928974     
  0.459556819264296     
 -0.929292320775319     
 -0.281928495227321     
 -0.290691761705467     
 -0.701585138146363     
  4.008260169621963E-002
 -0.569251939668486     
 -0.225554849066054     
  0.187270488117631     
  1.683309779004013E-002
  9.647624220034000E-002
 -0.784245178578872     
  -1.05927540385114     
  7.832854309107343E-002
  0.191878808607300     
  0.303526038701743     
 -0.555127313575517     
 -0.530575039684533     
 -0.215605556007597     
 -0.255044911468977     
 -0.121812015935630     
 -4.365003077649315E-002
 -0.397996035194537     
 -0.403222983447360     
  -1.15380989459630     
 -0.359726119096808     
 -0.265444224013743     
 -0.862378988720316     
  0.333699893210155     
 -0.194789179584730     
  0.309054174955654     
  0.251068986377969     
  9.318750837569310E-003
  0.254595484184153     
 -0.714321187884457     
 -0.563771030383960     
 -0.756890050590301     
  0.449759454991981     
  5.079604847425877E-002
  0.830198813882518     
  0.333040410627884     
  0.705031171497414     
 -0.503398295034924     
 -0.222159160957469     
  0.246552853324527     
  0.143728824226470     
 -0.221498572730969     
   1.21516097856421     
 -0.301194445074051     
 -5.875902797426336E-002
  0.188843302208765     
 -0.769972409461839     
  -1.29000738095145     
 -0.151860836840718     
  0.196812108688910     
 -0.399478460597770     
 -0.157487543146278     
  0.451542406375474     
  0.129425594979363     
  0.659403113459620     
 -0.270248204826886     
 -0.197348536581991     
  0.132193521449418     
 -0.512058708666753     
  0.551347906238806     
 -0.439173498586611     
  0.359674912833532     
 -7.843597234533922E-002
 -0.176684489299125     
  0.463086340054279     
  0.319184115210658     
  0.728188316060851     
 -6.970537836269550E-002
  0.289921513097105     
 -0.556918490279520     
  0.428731269625262     
 -0.365980090196922     
 -0.324186485969429     
 -0.232529057269771     
 -0.179598964869129     
  0.989802571609145     
 -0.559534287217875     
  0.169677407288716     
 -0.256550926919815     
 -1.508419104932251E-002
  0.243414382072049     
  0.131799015722180     
 -0.228793106067460     
 -0.944751137760568     
 -0.418520125132196     
 -5.605029591147182E-002
 -0.216558682067337     
 -0.186621435765161     
  2.930172583756962E-002
  6.100921944716147E-002
 -0.844748821763425     
 -0.610915354930433     
  0.380994427244480     
 -0.134201936289988     
 -7.390093257582506E-002
 -0.278774352400451     
 -0.240655375017222     
 -0.769272130572239     
 -3.124148870127906E-002
 -0.173544287112591     
 -7.267496849984859E-002
 -8.229648038143832E-002
  6.446013983184307E-002
  3.753213803539278E-002
  0.903766090274092     
  0.645734676717047     
 -0.476698391893156     
   1.27741780491897     
  0.225963133536019     
 -0.327450563640835     
 -1.494355031753558E-002
  0.218275928042711     
 -5.956657202662864E-002
 -0.219980829811018     
  2.999451293725208E-002
 -0.323534293007798     
  3.167035451365969E-002
 -0.409285754459965     
  0.260385321638433     
 -0.159249793636413     
  0.484618790028397     
 -0.383026249127846     
  -1.04017522640206     
 -0.368801264447699     
  0.121233647114047     
  0.517732066962203     
  9.513556280152456E-003
  0.753587420440961     
 -0.316031891480195     
  0.573389492035997     
  0.136510017876684     
 -0.829390508617419     
 -9.761408486838558E-002
  0.406408909254152     
  -1.64446150893002     
 -9.372923322030594E-002
  0.514833444700199     
 -0.143324376555821     
   1.23484502850209     
  1.104906882536286E-002
 -0.862984493524559     
 -0.295605193331119     
  0.257497400529141     
  0.996534547131362     
 -0.265598374211243     
  0.414356722744238     
  0.210427204618873     
  -1.11072729940076     
  0.396745397238321     
 -0.230253709751956     
  6.325055573315825E-003
  0.185502365711970     
 -0.796259637690714     
  0.767481701956533     
  0.733344011901796     
  0.535410633482968     
  0.125202939155147     
  0.228190666863006     
 -5.841522071924565E-002
  0.279909687116470     
  0.672592882422540     
  -1.25875533519196     
   1.60804318560702     
  0.193740048062534     
  0.669689136913688     
  2.686797037375297E-002
 -0.263696209337328     
  9.786805770858878E-002
   1.36429863399017     
  0.313878800759335     
  -1.62180058236702     
  0.157287849885006     
  0.460743819320357     
  0.955367629490499     
 -0.400453891771140     
  0.735166235299339     
 -0.317376290886410     
  0.198068945997097     
 -0.977294480206806     
  0.382956566718110     
   1.01444013924003     
  0.594061310408186     
 -0.538858537066507     
  0.150127447505628     
 -0.568301005594350     
  0.181741759943098     
 -6.671159273752943E-003
  0.132455765941941     
  0.368980122373093     
 -0.126413326947313     
 -0.169000682553501     
  9.100910101271410E-002
 -0.289931790590650     
  8.905186273074255E-002
 -0.832080257638271     
 -0.947420886255927     
 -0.766728210859639     
  0.680644235659454     
  0.495749110503092     
  -1.60542930768531     
 -0.718443971830914     
  0.578338384998172     
  0.696395003752091     
 -0.162736204873770     
  0.374506848825889     
 -0.455790888892473     
  0.266118511737900     
  0.355974869710364     
 -0.428611749382384     
   1.06403740432223     
 -1.980254116390119E-002
  0.213196647602325     
 -0.358256058632536     
  7.273006467824913E-002
  0.169930376311504     
 -0.265062925918944     
  0.365233058455752     
 -0.679570392680359     
 -0.563516843018542     
 -0.218092430696977     
 -0.478073917933709     
  0.538487759933904     
 -0.214849218360380     
 -0.105629168265897     
  0.552360635360851     
 -0.193571196448316     
  0.217134319197246     
  0.101321381175100     
 -0.442732893260865     
  0.291736316642798     
 -0.196347711260649     
 -0.299530758167383     
 -0.292940569912937     
  0.289250759603526     
  0.279292852805570     
  0.132482504287175     
  7.865253572759162E-002
  0.279493290723586     
  0.616478365786171     
  9.276769882223718E-002
 -0.227661076940453     
  9.435538008396130E-002
  0.242510854159355     
  0.169210160813342     
  0.751480553061326     
 -0.482826425514485     
  0.282393461096291     
  3.365016921437935E-002
  5.684703780182555E-002
  0.401123514367992     
  0.426828937628528     
  0.760323304689429     
  0.628905016180267     
 -2.147043101236477E-002
 -9.559265272204240E-002
  0.213528692701148     
 -3.247951030088399E-002
  0.810744559892880     
 -0.589195510129401     
 -0.481788614803785     
  0.110299334616774     
  0.607376061914499     
  0.791912830052952     
 -0.495030716868131     
  0.169060819209278     
 -0.166789601877246     
  0.598220915145851     
  0.206508909993134     
 -0.740524170293213     
 -0.392478196719555     
 -0.244479433479487     
  4.818372256170705E-002
  0.267182981939466     
 -0.553398679176761     
  0.464133766678516     
  0.303263329443147     
 -0.105716331223433     
 -0.385833622931700     
  0.422808506652460     
  1.892259429537479E-002
 -0.196815192123010     
  0.285542820441651     
 -0.251592590784759     
  0.421623712466907     
  0.387814754221958     
 -0.207218470317764     
 -0.111383925324772     
 -4.186212908848926E-002
  0.248771960214716     
  0.554208181160924     
  0.520669772928588     
  2.880216325739145E-002
  0.731693144413726     
  -1.32260975138307     
  0.211579356058897     
 -0.886616361401382     
  9.225029984251995E-003
 -0.310582490466944     
 -0.357421951585477     
  -1.32978310247228     
  0.551772000334736     
 -0.122777633293587     
 -0.261736524452764     
  6.731905330515353E-002
  0.502304274900203     
 -0.891482161771479     
  0.333592916598542     
   1.40890035603296     
  0.173614886795733     
 -0.901299509805259     
 -0.646410323580792     
  0.443834351049640     
  0.217340185479579     
 -0.319475922306900     
 -0.977331863397937     
 -7.695578823562166E-002
 -0.692582201904455     
  0.162089532967129     
  0.430287708014339     
  0.370160506377161     
 -0.360084215942089     
 -0.854952520295321     
  0.279759210951176     
 -0.143595742828982     
 -0.605173910165736     
  0.826451940491806     
  -1.13911478494437     
 -0.478052146770899     
  0.433414136534099     
 -0.152082822458297     
   1.66817514514831     
  0.795883993640122     
 -9.910813656059164E-002
  3.160044121520557E-002
 -0.127523927914201     
  8.199797344955317E-002
  0.355065688209600     
  0.494043078488970     
 -0.610574512694642     
 -0.350010978050984     
  0.738828800631102     
  0.393525619612203     
  0.280374316041233     
 -0.351169685404712     
 -0.305686353339282     
  0.767425358585435     
  0.565799108988899     
 -0.696852505796986     
  0.854550313715070     
  0.152990689103959     
 -0.112712112236476     
  0.102737656509294     
  7.982225790236955E-002
  0.439722056962132     
 -0.506071306230876     
 -4.793297365417858E-002
 -0.617742369982064     
  0.681572341168608     
 -0.134983239116823     
 -0.566356464457146     
  0.208396279037051     
 -6.423696848593063E-002
 -0.605545597313060     
  0.268195035121179     
  0.879653703283556     
  -1.10165694914470     
 -1.278358688365645E-002
 -0.735029815901340     
 -2.910364468417793E-002
  0.288449887301335     
  0.461863717943514     
 -0.432649159720071     
  0.227685685939514     
  2.098697109280303E-002
 -0.122802947365463     
  0.354818866663246     
  0.199292137408772     
 -0.990165889163270     
  0.976432109496695     
 -0.214908420300793     
 -0.231014622233230     
 -6.767617640743917E-002
 -0.796596585940595     
 -0.706797121301310     
 -0.660249196226369     
  4.457100744186775E-002
  0.604903479535337     
 -0.394362582420022     
  0.675051584001716     
 -0.439562832503663     
   1.01849012654765     
  0.799223935680300     
  0.405956621050266     
  0.261037688751861     
 -0.287174535144222     
  0.111063353767412     
  -1.40318224650649     
  0.238848883008113     
 -4.401551385738599E-002
 -0.310650347956380     
 -1.370608432534628E-003
   1.04594217401032     
  0.675099645255706     
 -0.774885529519672     
 -0.977177107715900     
 -5.789108399755166E-002
  6.344609403838830E-002
 -0.664579436542854     
  0.159113184503707     
 -0.508520010387176     
 -5.367942791271611E-002
 -0.263680459327861     
  0.808456899586239     
  -1.49663866184128     
  6.369131183723464E-002
  8.611266938359298E-002
  0.347178184122080     
 -0.182405132537159     
  -1.01881179858318     
  0.463490203134300     
  0.471022275993881     
 -0.322657114481718     
  0.708304270239823     
  0.314185722465893     
 -0.279525155351912     
  0.258417538386953     
  0.157967042384935     
  0.422777723765378     
  0.148678881819762     
 -9.402032819401614E-002
 -0.358553263728411     
  0.375881007933220     
 -0.497088591981663     
  0.573786625875080     
  0.372825061899367     
  0.600371672738929     
  0.867199100327850     
  1.886063870750652E-002
  0.375094977958263     
   1.00786327953321     
 -0.342740889363986     
  0.600005246776936     
  3.539371918771018E-002
  -1.10840576413855     
 -0.713655345667348     
 -0.730383865538793     
 -0.273188971059981     
 -8.401955304818756E-002
 -0.360555857071000     
  2.641791528963233E-002
 -0.220480600402538     
  -1.02667569293268     
  2.441050385087027E-002
  0.394874439950384     
  0.457992965272226     
  0.735571578877376     
  0.195885752595251     
  0.818700517015816     
 -0.827392076008355     
   1.02380663168155     
 -0.644869223833848     
  0.294014931990472     
  1.912735254368059E-002
  0.130224476362693     
  4.001722346783980E-002
  0.333895027050612     
  1.013388909960786E-002
  0.552087290062167     
  -1.33055666924630     
  0.592990253552253     
 -0.139757707727333     
  -1.12740061817162     
  0.586948961124152     
  -1.13266145926508     
  0.143722030938692     
 -0.289376060271146     
 -0.234609304261981     
  0.194387370001203     
  0.785161051894483     
  0.787238800951565     
  5.841378952060989E-002
  0.380870094831964     
 -0.592665382463693     
  0.461382060434817     
 -2.447386950429256E-002
 -0.623005790860230     
 -0.404553371157473     
 -0.817527530303588     
 -0.369367513490802     
  0.588849036608295     
  0.182942829938911     
  0.763169077489925     
  0.575253867074798     
  1.495484415245181E-002
  5.335875232493062E-002
  0.215019781529129     
  0.548906391350198     
 -0.501197471728979     
 -0.351345763511275     
  0.242951172113688     
  0.210024787813771     
 -0.356140415295316     
 -0.157124133888778     
 -0.596464755570048     
  0.337649329846915     
 -0.136390945045718     
 -0.649562825506286     
 -0.393388713426108     
  0.581981423603970     
  0.188711975325093     
  0.219846692002300     
 -0.103959249333033     
 -0.235094615150525     
 -0.489370658465048     
 -0.214713850249452     
  0.456025131206800     
  0.390445101131628     
 -5.698099659228664E-003
  0.206748715216453     
  0.779098745367846     
 -0.454717459607828     
  0.756000986292325     
  1.004523108987365E-002
  0.532369156176151     
  8.759809088684360E-002
  0.760486481499050     
 -0.221825933517393     
 -0.505429565880194     
 -0.264049483968648     
 -0.851715773681366     
 -0.377020808913787     
 -0.309210978702082     
  -1.02606401816607     
  0.569702773354248     
 -0.334213147619585     
 -0.776366692270637     
  0.791146879101619     
  0.882674161283362     
  0.171075563383897     
  0.552291644780967     
 -0.541845209416351     
  0.122751482556481     
 -3.274840878509329E-002
 -3.239844786598538E-002
  0.283089926393728     
 -0.474984278345169     
 -3.809496160985633E-002
  9.113047979581325E-002
  0.967675291841740     
  0.281253644278891     
  0.722132651180936     
  0.437274794340613     
  0.327553385353493     
 -0.806470557437270     
 -0.498118347628357     
   1.07730789749354     
 -0.508963150558594     
  7.983394388728395E-002
  0.503134976217722     
  1.677516870436870E-002
  0.387607748008229     
 -0.358798642265705     
  0.256077186754777     
  0.896373067257862     
 -0.760663313970028     
  0.630712543799292     
 -0.548698074421316     
 -9.924719056694273E-002
 -0.495433981867877     
  0.312088375269650     
  0.601629659170616     
 -0.894653413362341     
   1.95993428687605     
   1.06781786596478     
  0.113890288676384     
 -3.767803526461665E-002
 -4.257111671011154E-002
  0.126708992686322     
 -0.684341382607823     
  0.725249821217811     
 -0.930110056440685     
  0.267496225943394     
 -0.914600573845638     
  -1.11373776577819     
 -3.778734926004948E-002
  8.923552445414125E-002
 -9.628705924098271E-002
  -1.23352513360431     
  0.295268021919106     
 -0.285644709084660     
 -9.583799959613962E-002
  5.601947787403101E-003
  0.358470450079078     
 -6.114451781339480E-002
  0.636756112068217     
  0.381965354706711     
 -0.736820134449449     
  5.363701154021731E-002
  0.108823211033804     
 -0.268234971230283     
 -0.226200837658859     
 -0.418160619202598     
 -0.929304635156406     
  0.201653246441740     
  0.419932253076962     
  0.662267967296489     
  0.335496784529044     
  0.546771904009919     
 -0.195869578871873     
  0.250768407593542     
 -0.166585977570549     
 -0.856241113215283     
 -0.307762086865778     
 -0.128165964148988     
 -0.260797056403479     
  0.115623497732056     
  9.921373578477168E-002
 -0.699326346670119     
  0.692306270918692     
 -0.275807412517514     
 -0.415215925195261     
 -0.123758801887061     
 -7.594808096568995E-002
  0.288767437658431     
 -7.441613501528566E-002
  0.734098889486003     
 -0.124404226066959     
  0.692052308384486     
  0.241529665498616     
 -0.207243695180311     
 -3.591388642127406E-002
  2.987661224565102E-002
  0.865151971627993     
   1.00274834254915     
  3.336779362104982E-002
  0.431697626633423     
 -0.467331099150810     
  1.005612629297097E-002
 -0.337939260558909     
  0.156657788688990     
  0.863872058156486     
 -0.361311591008957     
 -0.948475697094832     
  -1.06065393205899     
  0.525502974287776     
 -0.272281669511164     
 -2.173917352662665E-002
  0.155755587393046     
  0.115331513174272     
  0.715149712913379     
 -0.120331004853007     
 -3.533771463126771E-002
 -0.570079033115378     
  -1.50002987776208     
 -1.069709766406989E-002
 -0.312552646324561     
 -0.146783750548003     
  0.420306565899446     
  0.442530875611885     
  0.605316463231150     
 -8.492070309592330E-002
  0.895742283552826     
 -0.616185147433362     
  0.514119448871918     
  0.124084887248897     
 -0.606656320282896     
  2.075389220696783E-002
 -3.653550816434770E-002
  -1.14070414058884     
  1.448696046375310E-002
 -0.831809280974669     
  0.409746778554172     
 -0.563808663762239     
  0.438039259258222     
 -0.261251027311523     
 -0.503177118751749     
  0.294968804069960     
 -0.299008301794198     
  0.401925725171163     
 -0.436115744369422     
  6.155758873678195E-002
 -0.776279141407041     
  0.289902585852837     
  0.783849128028236     
  0.623443217263156     
 -0.153346062106336     
  0.120481687972768     
 -1.265163775110649E-002
 -1.260073223484266E-003
 -0.770268704510800     
 -0.899974328262534     
 -0.443518680293724     
  0.373005359290451     
 -0.249734644959860     
 -0.290767730111159     
  0.626826025296284     
 -0.135902710742980     
 -0.650230553675203     
 -0.861748686384068     
  -1.15302506890765     
  0.818896417299984     
 -0.108200084275602     
  0.361069564441246     
  0.137877515083577     
  0.330428025035452     
 -0.581163515063787     
 -5.909123269428347E-002
 -0.507375122464298     
  3.696077813093182E-002
  0.652661224379029     
  0.350317602878790     
  0.250920256871415     
 -0.573154725080026     
   1.43257932073916     
   1.13938003862941     
  0.638849876347634     
  0.509837296111962     
 -0.437284436702521     
 -0.162824761562725     
 -0.661683189090929     
  -1.12609259447562     
  -1.20595412053007     
  0.517809610972848     
  0.193647268301118     
  -1.25806585475857     
   1.18302671861756     
 -0.282193641681779     
  -1.19741371058562     
  0.431705637880323     
  0.169553289551766     
  0.784035714366702     
 -0.891416158033293     
 -1.092517742598867E-002
  0.532765220269588     
  0.493035559544214     
  0.460862168909490     
  0.431694190224940     
 -0.134796600286836     
 -0.759417315089290     
  8.848518770798282E-002
  0.586012321020642     
 -4.838109809293677E-002
  0.183000969462752     
 -0.481728523175114     
  0.450992554101864     
 -0.938503369867131     
 -1.092512858852757E-002
 -8.291133248141061E-002
  -1.93004693905491     
 -0.467501584864999     
 -7.958780902979921E-002
 -0.325437027174301     
 -0.535243924115399     
 -5.917927215246914E-002
 -0.280969094543152     
  0.103370810820359     
  0.124871131768343     
  0.214168542020543     
  0.164725382965540     
  0.578247269686577     
  5.353002334523545E-002
  -1.70940023453967     
 -0.130904446993681     
   1.55433362885136     
  -2.11135521409621     
  0.172034691001373     
 -0.500210799420220     
 -0.166754438823842     
  7.900608275648178E-003
  0.839091175436806     
  0.218285868759883     
 -0.893086701294822     
 -0.566999110554645     
 -0.449354759422616     
 -0.584857508686326     
 -0.136991440655317     
   1.23317748995211     
  0.742235002412934     
  -2.06267527102742     
   1.63473068792658     
   2.91130882221050     
 -0.114441199471084     
  3.462166306496269E-002
  0.518232747698602     
  9.504489283033828E-002
  9.530497531528553E-002
  0.138447998329469     
 -0.568580501067924     
 -0.343265531260751     
  0.950744080096956     
 -6.299452194530712E-002
 -0.334060329763800     
 -0.261567853969869     
 -0.462096259812861     
 -0.602953098605043     
   1.11343049181725     
  0.115000377137806     
  0.274569799969932     
 -3.063874221171554E-002
 -0.132234677142947     
 -0.193793930983359     
  0.666076920808893     
  0.107641812937315     
  0.696716046011628     
  0.698956418146173     
 -0.694245197552823     
  0.514125997608620     
  0.191801518786428     
   1.01692321564372     
 -1.261390882790730E-002
  5.137064103574819E-002
 -0.406917898691960     
 -0.574315522523640     
  0.687485783272563     
 -0.164356909988473     
  0.213848522658743     
  0.129128769653498     
  0.335212650922794     
 -0.418954912334786     
  0.503575698779366     
  0.537398418031905     
 -0.296808476705413     
  0.335266147103211     
  0.315548869875719     
  0.329240365542099     
   1.39372686815533     
 -0.386788127696984     
 -0.567413621892993     
 -0.255295840212162     
  0.131727573892130     
 -0.309931678438624     
 -0.143953972518811     
 -0.144555198996290     
  0.168588873625339     
  0.969751683498121     
  0.311308544485131     
  0.287588556946260     
  0.589583846406020     
 -0.165935139346716     
 -0.134555380875152     
  0.229460535263988     
 -0.263974372173476     
 -0.139571714040988     
  0.689427506036492     
  0.530555186304818     
 -9.209700604108255E-002
 -0.157740252773739     
 -7.736605078008087E-002
  0.559683553432003     
  0.570247632082084     
 -0.716518036268516     
 -0.199993894232940     
 -3.893494204795534E-002
 -0.654091689924801     
 -0.883185459266213     
 -0.286941155076806     
   1.21892744249674     
  9.086253981542392E-002
 -0.406095931149121     
  3.674502234444117E-002
  0.231164024118056     
 -0.192076681839583     
  0.192583331350187     
  0.128171727546087     
  3.503548262765436E-002
   1.89144090025180     
  0.616733089649571     
  -1.51348074492161     
  0.400768631464668     
 -0.675020949099026     
  0.253401657349065     
  5.708638239684211E-002
 -0.645839946892464     
  0.537949954098540     
  0.345914628782099     
  -1.08066147072962     
 -0.742323937303232     
  2.315526659270924E-002
  0.138272328569316     
 -1.847146779163769E-002
  0.645128424139812     
 -0.641280772948385     
  0.577199939899696     
  0.349724637439575     
  0.249915639436278     
 -0.210450545048987     
  0.646787919917665     
  9.324342455242202E-002
  0.388108984767448     
 -0.648514109678347     
  0.357571501747631     
  0.150758287742212     
 -0.257401956207694     
  0.707262582282846     
  0.205480654144599     
 -5.420057814603176E-002
  5.990384723573453E-002
 -0.326324007831322     
 -0.285720358973250     
 -8.110671515282568E-002
  0.564525791209678     
 -0.158388173701466     
  0.311957538619860     
 -0.775131165008620     
  -1.07248540995803     
  0.454854092874662     
 -0.372076260795830     
  0.354441966268042     
  6.377808797506193E-002
  0.439282197130509     
  5.915673347842151E-002
 -0.215331700493861     
  0.336162042120363     
  0.162052174641676     
 -0.776295855271045     
 -0.490733514382486     
  0.144507843272838     
 -0.248997348676950     
 -0.843896181954548     
 -0.510715740392986     
  0.126550135633170     
 -0.224257036323795     
  0.299360269781852     
  -1.28875240662802     
  0.321035196777592     
  0.393656584645689     
  0.334363618630451     
  0.266653348392925     
  0.584426789218268     
 -0.890541570593299     
 -7.835426472092255E-002
  7.561820838136829E-002
  0.489751298859409     
  0.833821401243028     
  7.533558092294965E-002
  0.232951562375841     
  0.250167049342510     
 -0.709854470747430     
 -0.786139177652856     
  0.641604200220287     
  3.202361937033714E-002
  0.528666580451967     
  0.399568679521255     
  0.198785537014021     
 -0.678975835927881     
 -0.448014431226675     
   1.46798396343679     
   1.36248032659092     
 -0.739575138147399     
 -0.557023536636373     
  0.661352938192049     
  -1.31819218010594     
  0.484262690068510     
 -0.480855796372254     
  0.749292386974770     
 -0.679390825925732     
  -1.41546147368537     
  0.147988741917484     
  0.693492633144855     
 -0.795201464165068     
  0.314853921882331     
 -0.777758199881643     
  -1.12339623050830     
  0.251730306696785     
 -0.778360489517616     
   1.05816937675814     
  -1.40438432884800     
 -0.896330139524836     
  0.297103730517551     
  0.295047238643526     
 -1.113032948921545E-002
  0.814979585418241     
 -0.148282338407362     
  0.369561641976951     
  0.420596599600963     
  5.999703615026301E-002
 -2.487160262526363E-002
  3.984163591672223E-002
  0.998825628523199     
  0.249987053579395     
 -0.103374969006235     
 -0.243795067543741     
  0.455039426285348     
 -0.197181587424913     
  0.566788254412404     
  0.198736179091346     
 -0.275533415824288     
 -0.289359887007677     
 -0.361976925678668     
  0.811125931619301     
 -0.615645653733231     
 -0.157066974056604     
 -0.137783642030586     
 -0.803123598130280     
 -0.200287523290075     
 -4.359320266913335E-002
  0.374176001755814     
 -0.125297324794554     
  9.896899642032432E-002
 -0.265689556957794     
  0.694684350080335     
 -4.752124657622501E-002
 -0.584257176608114     
  0.629946290015964     
  0.786047189140215     
  8.299452508788983E-002
  0.154541085974004     
  0.225630394583303     
  0.162186605822345     
  1.139447080314488E-003
  -1.06781058452243     
  0.847319065561682     
 -0.815931628402629     
   1.12256155172949     
 -0.322195941060828     
  0.235029791581300     
  -1.08628155736062     
 -7.534979162165593E-002
  0.737305697415119     
 -0.503390869398917     
  0.239481098626601     
 -0.184661652330523     
  8.963912056170459E-002
 -6.246492098675541E-002
  0.523776142416116     
 -0.187406992140786     
 -0.222101801041738     
  2.746559394777174E-003
 -0.264008908217355     
  8.136311858517743E-002
  -1.10087343609304     
  0.770860853086100     
  0.203131093334343     
 -0.149205453274375     
  2.217689222154082E-002
  8.375310664145551E-003
  0.410196519734532     
 -0.131100488847916     
 -0.208854157954818     
 -0.139577578310162     
 -0.142907110106631     
 -0.121522387310015     
  -1.39152022446759     
  -1.60790010534665     
  -1.60790741991040     
   1.20888086050398     
 -0.636904885708400     
  -1.75002142250473     
  0.623415716522055     
  0.297755349587146     
 -0.124990007177961     
  0.401790052787126     
  0.234247313966316     
 -5.066321710246539E-002
 -0.276694814446979     
 -0.143050426293333     
  0.303117305801308     
 -0.177980110414139     
  0.697246030859405     
 -2.075470546804644E-002
  0.113418415701024     
  0.670575707435919     
 -0.546397188311102     
  0.700741291119649     
 -0.742962232126760     
 -0.129169634703969     
 -0.112098461002647     
 -0.371989581535169     
 -0.230643233857168     
 -5.019347804687792E-002
 -0.119065249560399     
 -0.186825563776029     
 -0.182870672686540     
 -0.127996458614495     
  0.402363449365411     
 -0.519617730027894     
 -0.924203154886862     
  0.963575914080675     
  0.441836119261359     
   1.15379808535059     
 -0.209257467968194     
  0.311169075856696     
  6.423820979800665E-002
  0.109575373060186     
  0.199588603814067     
 -4.036409626460577E-002
  8.868892858391750E-002
 -0.198913585027838     
  0.117023316249557     
 -0.531591913112231     
  0.797452343687773     
  0.620881560626245     
  0.302388401216739     
 -0.517028966723656     
  0.552428614298887     
 -0.186704378241826     
  0.560369138630920     
  0.272013887477899     
  0.533042267237206     
  0.554560675550298     
  9.984638686959173E-002
  9.112507582289062E-002
  1.937903611083222E-002
 -6.084291955716429E-002
  0.127401960277064     
 -0.726498834076145     
 -0.842427505390010     
   1.02662235765944     
  0.193413153148255     
 -0.307991324408875     
  -1.15820966901803     
 -0.437152514580452     
 -0.754920216171300     
  0.323179694086938     
 -0.183468065376566     
  -1.39673151953621     
 -0.470694011836900     
  0.126704318821127     
 -0.181818964559098     
  0.316464345544752     
  0.391192701535507     
 -0.785483800782314     
 -0.575672708585140     
 -0.701659314748077     
   1.30113855361567     
 -0.777760909014339     
 -0.348628322296623     
 -0.811904015559911     
  0.763227733010870     
  0.502694526442564     
 -0.300776747477522     
 -0.508764005806683     
  0.129250068570348     
 -0.519826231618796     
  0.645986804857514     
 -0.172461758179089     
 -0.987712616195693     
  0.278673958641255     
   1.02679971355281     
  4.431234189219889E-002
 -0.888645074288754     
   1.08412879340070     
 -0.385478138811766     
 -0.280907552543634     
   1.18548220756842     
  -1.18151985559164     
  0.147478417280525     
  0.956510550743115     
 -0.430388185418748     
  0.113966851847056     
 -0.252369058700163     
 -0.522313758395235     
  8.555830439772885E-003
 -3.516654140202094E-003
  0.386689490197364     
  3.347990150225195E-002
 -0.908263217516035     
  0.370300805554365     
  0.619401325960353     
 -7.006555506740782E-002
 -0.345847919917828     
 -3.218519250827843E-002
  0.259234549595814     
 -8.572333656801402E-002
  0.256425342469040     
  5.297415430712247E-002
  0.157122554517994     
  5.084457786385059E-002
 -4.101641893099867E-002
 -0.128119254964501     
   1.05745690767353     
  0.132343975210874     
 -0.797133978355938     
 -4.553232616727060E-002
  0.104228103534947     
 -0.220639372316335     
 -0.564283316304300     
  0.512277044051858     
  0.856540058130492     
  0.458655201508934     
  0.270768969645437     
  0.989347394944985     
 -0.208006897332837     
  0.294183048509149     
 -4.065708843272459E-002
 -5.613407162875041E-003
  -1.03770835160520     
 -0.747937750337622     
   1.23994416049476     
 -0.403133157855745     
  0.756527740795035     
  0.457259612709419     
  0.307662226136932     
  0.104094057959681     
 -0.520293052354912     
 -8.543500426128223E-002
 -0.702196926065250     
 -0.427409319579038     
  0.214971442958973     
  0.478988302270298     
  0.156323881278993     
 -0.522466274574433     
 -0.132493260377794     
  0.181128917917588     
  0.838530023661721     
 -0.228960240238329     
  0.395583748778813     
  0.626199487193362     
  5.446715808890117E-002
 -0.411441361260520     
 -0.709131288958768     
  -1.32561230970519     
 -0.544974141294042     
  6.236220441625636E-002
 -3.199104167421291E-002
 -0.159774619030194     
 -3.903054530854236E-002
  0.245851899581639     
 -0.876346370959863     
  -1.01379521858515     
 -0.694746737747784     
  0.660811688243018     
  0.445766004041151     
 -0.298561382513359     
  0.698049172175766     
 -0.156815641392666     
  0.246588518012795     
  0.258675860386994     
  5.759962171815424E-002
  0.693667573758829     
  0.220592902472732     
 -5.982188233822954E-002
 -0.186716780415220     
 -0.346172083477468     
  0.391867418168931     
 -0.420571679122208     
  8.807986633345921E-003
 -8.272275371018391E-002
  0.249310751237290     
 -0.170869271939841     
 -0.259183890815733     
 -0.491911419863985     
 -0.164357695674005     
  0.324605545546298     
  0.362175853765290     
  9.607128020231553E-002
 -9.046045373847665E-002
  0.258384506421260     
  1.857007292952112E-002
  9.120003855994534E-003
  0.889660270586411     
  0.419131236469816     
  0.461508279231098     
 -0.242154558748608     
  3.474789597684972E-002
  0.277434481026257     
 -0.262200825714285     
 -0.242406157733935     
 -9.824330358245988E-002
 -0.507494261794855     
 -0.411160624681780     
  8.891652436714453E-002
  9.502289745872818E-002
 -1.970727255870909E-002
  0.352408892160515     
  -1.31367918703197     
 -0.359463834330842     
 -0.225036943963701     
 -0.158336882217731     
 -0.230968320906564     
  0.257465279796662     
  4.328635458097680E-002
 -0.266903855046016     
 -0.509908835044114     
  -1.14579267544279     
  0.242635279379922     
 -0.942025724315467     
 -0.291701586244227     
  2.811279667288393E-002
 -8.835648707066958E-002
  1.601683686103986E-003
  0.629007766873470     
  0.396746532243377     
   1.39169479434362     
  -1.06004255873595     
   1.00900750311056     
 -0.366972294545424     
  -1.10975807290472     
  0.810252367704764     
  0.635190226160173     
 -9.344953870579457E-003
  0.324495241005525     
 -2.102502429296239E-002
  0.288809104182703     
  -1.03019154032302     
 -0.462882104433588     
  0.146998496101364     
 -4.384478531818899E-002
 -0.841793936869149     
 -0.517841799457143     
  -1.12703078546079     
 -0.230335718025491     
 -0.289191929799408     
 -0.937704581159647     
  0.324378789980179     
  0.824171303005736     
  0.718658049346569     
  0.250610852310660     
   1.25833048047301     
 
  0.409888735667454     
  -2.30878596599309     
  0.645900729622466     
   1.79008799087332     
  3.823400697164273E-002
  0.350912648198411     
  -1.12770262304577     
  -1.04456512818779     
  -1.05807111606479     
 -0.228543951283097     
 -0.488430754029852     
 -0.849943761577030     
  0.656084913839068     
  -1.85909651807602     
  0.504151906630289     
 -0.716835958355455     
 -0.268460197745026     
 -0.760360864242916     
 -0.738677721288814     
  -2.29551638338718     
  0.707754269094526     
   1.02222872999253     
  8.286214585312603E-002
  0.698164208299499     
 -0.656601139108251     
 -0.988459988495886     
 -0.202201584476996     
  0.549709622611722     
 -0.861454023129365     
   1.38481952027329     
 
 -0.358663933837845     
  1.695773101968551E-002
  -1.36466433040485     
  0.611035448553213     
  0.140380391982994     
 -5.710466882196516E-002
  0.714066437455031     
 -0.335407968606042     
 -6.416481060102355E-002
  0.886972495857717     
 -0.374212668510551     
 -0.385843964451550     
 -0.306193060966349     
 -0.278519682611486     
  0.653718166228253     
 -0.458528244005525     
 -0.991053986537935     
 -6.226494608339925E-002
 -0.713577074476173     
 -0.435300910612127     
 -0.288739449776872     
  0.189143796801168     
 -0.277810929531345     
 -0.250582571424443     
  0.401561296090757     
  0.821624988060191     
  0.257407815041014     
  0.998303183420485     
 -0.898471551590305     
  2.771793032657313E-002
  0.102960764128976     
  -1.06558358308106     
  0.808925155438905     
   1.14902883934879     
  9.455552712096200E-003
  0.938488418565950     
  0.138798715735455     
 -0.457890948371175     
  0.918077034737975     
  0.253196838089096     
  0.890122852159208     
 -0.507627463777722     
   1.77155797602252     
  0.100731174832193     
  0.107318834705933     
  0.775722280539953     
  0.405061389918476     
 -0.522848835082937     
 -0.112534500655329     
  -1.38268757799525     
  9.159380785078311E-002
 -0.112282523840801     
   1.69251251067381     
 -0.652766314180451     
 -0.352399613700202     
 -0.426463949130719     
 -0.540496578950797     
  0.319999523716453     
  0.192702624885659     
   1.12635351154270     
  0.931514784501544     
   1.58816461598106     
  0.713553825116453     
 -0.196378560966170     
  0.183756531362944     
 -0.697775846675312     
  0.273168102254395     
  -1.51659041669259     
  0.382855661265445     
  0.455753114284893     
  0.221346221076300     
  0.617019278540568     
   1.02594252226700     
 -0.261184175980114     
 -0.318671157200322     
  -1.55011143048831     
  0.228040424676537     
  0.104177039423122     
 -0.919041640596293     
  0.290568104752203     
  0.144142147042678     
 -0.910331179683475     
 -0.272215666450302     
 -0.885945768567850     
 -0.970498032134619     
  -1.26661152104838     
 -0.494891763326859     
 -0.580445930908753     
  0.344577277002811     
  -1.06143809203784     
  -1.62690904005704     
   1.05648443780263     
  0.277827713794402     
  0.976120691564726     
 -9.819534383099540E-002
  0.762087537999949     
 -0.169398940074024     
 -4.128121402690005E-002
  4.393707218324059E-002
  -1.21422736691527     
 -0.902481607308093     
   1.40886873209594     
  0.833650219171703     
   1.10532789964715     
  0.141180425917039     
 -0.516133782360326     
   1.39726463665333     
 -0.702479903627768     
  1.904457023595862E-002
 -0.197072303831739     
  9.300753971595591E-002
 -0.564545254986097     
   1.03961330763995     
  0.216436271331472     
  0.759048933765398     
  0.152707428076481     
 -0.941474924108743     
  0.222637268012652     
  0.792993998444457     
  0.953029817071630     
   1.29674736235307     
 -0.481511162946174     
  0.398069464925505     
 -0.592093551472793     
 -0.630953573196626     
 -0.158733806492700     
  0.182295224477804     
  0.276190069307862     
  0.384282631320707     
  -1.44778948699499     
  -1.21097303548374     
 -0.278053434066188     
 -0.426653549995429     
 -0.299609126732325     
 -0.913492651157815     
  0.612497892975243     
  0.671821463840479     
  0.204612427215472     
   1.27923517515853     
  -1.44954066068395     
   1.06764556686788     
   1.27938426809178     
 -8.712393436083057E-002
  0.657809872207057     
  -1.83710799316216     
 -0.480442912188503     
   1.04784967950361     
 -0.517525317820203     
  0.333095703755867     
 -0.752304606766117     
  8.137858793725998E-002
 -0.618864001834866     
  0.770222277013961     
 -0.286555942643117     
  4.748185835284589E-002
 -0.193982639601473     
 -0.425953998848523     
 -0.365895591211001     
  0.132480369314353     
  0.228579847604452     
 -0.586875135047831     
  0.368330545948666     
 -0.301157150977890     
  -1.34652659653515     
  -1.50784170547488     
 -0.908699245407548     
 -1.330105484028360E-002
 -0.174717636845793     
   2.87077347247267     
  0.637643021186759     
 -0.621949604480372     
  0.294219960563817     
  0.429477755163982     
  0.663313231806228     
 -0.326615852806644     
 -0.677803716470213     
 -0.641831779366681     
  -1.40696090180779     
  0.729723758164017     
  0.245330472932646     
  0.281629213018893     
  0.380188898192185     
  0.321003081606604     
 -0.412081466375695     
 -0.478512228710213     
 -0.635101859221774     
  0.321191641658222     
  -2.04983569206056     
 -0.174095977354792     
  0.519956278067149     
  0.892278131211133     
  0.325533115077288     
  -1.43280476430229     
 -0.201476325198353     
 -0.626320979994209     
 -3.324428656429820E-002
 -0.922299122615785     
 -0.651560438708778     
  -1.02238850347834     
  0.845155877042833     
  -1.34514419464853     
  0.288857991626829     
  0.166170105356259     
   1.30452089965781     
  0.641920794757044     
 -0.124983052250736     
 -0.327592874733138     
 -0.749476768082008     
  -1.09716272363857     
  0.445443531342363     
  0.698131972827323     
  0.240454485586085     
 -0.943811943481541     
 -0.988007970742446     
 -0.727695400270184     
  0.186827896036824     
  -1.07861572409695     
  0.129158344302505     
 -0.322189342787429     
 -0.301984454987309     
  0.203417737295802     
 -8.922490967637429E-002
 -0.869262661586617     
  0.245297835186545     
  0.476486034518594     
 -0.360870220857441     
   1.16091263931703     
  0.438250194699367     
  -1.52198287536023     
 -2.631771746972971E-002
  0.919651099334088     
 -5.304068436023892E-002
 -0.967785097144698     
 -5.547207014597510E-002
  0.896509532046336     
  0.157565529639239     
 -1.042144584289895E-003
  0.189985178442295     
  0.323064142232414     
   1.12079822225612     
 -0.643320140788984     
  0.686267721182826     
  0.516462681311773     
  0.375314913213468     
   1.59609510358650     
  0.603875947386124     
 -0.514837484831626     
  0.306570051770872     
  0.942066372545663     
  -1.07529445280125     
  0.122877495348250     
 -1.120903214543811E-002
  0.531216894839549     
  -1.04265578493497     
  0.390776708584839     
 -0.412925545949784     
  6.402172157486040E-002
 -0.178078576330373     
 -0.623259946807544     
  0.854153133115079     
 -0.194942149199117     
  0.118596129386210     
 -0.963587896403970     
  -1.13788768001130     
  0.405507667304937     
   1.13710051994880     
  0.387928348131704     
 -9.512669703665058E-002
  0.396629984974630     
  0.918114793003846     
 -0.871668703491292     
 -0.789557176159458     
  0.259778163115950     
 -0.828843983369524     
 -0.562681156446423     
  0.316603731632025     
  0.935632344771844     
 -0.179629229133539     
  0.859130493402243     
 -0.466554509983965     
 -0.152817356512409     
 -0.868960608880599     
  -1.11822601411472     
  0.568305969083601     
  0.468110599944686     
 -0.138896481344129     
  0.117964231684692     
  -1.21901080289810     
  0.162483718862794     
 -1.894038612434037E-002
  -1.18146730172766     
  0.562138315692038     
  0.538827601157361     
   1.24734407887150     
  0.277025667415528     
  0.250266146998700     
 -0.185823057057658     
  0.177483546108487     
  -1.88387781683547     
 -0.591855360792229     
   1.39195627265193     
  0.706600766439056     
  0.234632328617275     
 -0.526107658401486     
  0.919051147222883     
  0.622655295800988     
  0.131679516815304     
   1.20113445179558     
   1.24017914744452     
  -1.26471671866325     
   1.41506124625326     
 -2.595202506574594E-002
   2.23545731177116     
 -0.992649228381516     
   1.49965215083370     
  0.170217294599815     
  0.581421396055188     
  4.181677252111351E-003
 -1.801289860856154E-002
  0.346162883642671     
 -0.273011871638325     
  0.675863547793549     
 -0.131124841261170     
   1.15863892156931     
  -1.89209062073299     
 -0.459083405725333     
  0.543386065340432     
  0.138438041620242     
  0.402973992052074     
 -0.188441766969287     
   1.45924473309037     
  -1.16439214237943     
  0.486946843920394     
  -1.17943127058370     
 -0.225284591910156     
 -0.750797394824714     
 -0.369810542873174     
  -2.05479496914185     
  0.568374774252877     
  0.558777528843673     
 -5.322692384872259E-002
   1.10353330912825     
 -0.381834804992700     
 -0.188781722416772     
  1.895198102750558E-002
 -0.434787304898049     
   1.06662855608830     
 -0.149937923896813     
   1.76488988735061     
  -1.34191243129246     
  0.951092803550515     
 -0.795578481841712     
  6.844110273942350E-002
 -0.171539285858207     
 -0.516682722117496     
 -4.483358627946361E-003
 -0.407890293952633     
 -0.889292018673962     
  0.498848535982360     
  0.257248107761000     
   2.10041106300961     
 -0.720597042648719     
  -1.19579494073972     
  0.118399012394354     
 -0.595840423205504     
 -0.769041416766794     
 -0.787382573009439     
 -0.572645068348651     
  0.378606616056471     
  0.297902560374291     
  0.388656294780879     
  -1.48046633550655     
 -0.563822338994566     
 -0.165445157060709     
  0.433146361188705     
  0.407145360701013     
 -0.753390290481773     
   1.16015465431620     
 -0.996487641430782     
 -0.790883089237685     
   1.73469215575128     
 -0.510087785905218     
  0.606366373733137     
   1.25422472008965     
 -8.112038792965001E-002
 -0.803740866525255     
  0.365835546826909     
   1.10872633618858     
 -0.521055199975166     
 -0.611476937916961     
   2.88940437554838     
 -5.869252014660208E-002
  6.881658117540690E-002
 -0.680616795743471     
  -2.22990502940063     
 -0.231642997921509     
  0.457826297713903     
  0.156358301074260     
 -0.218498661305694     
 -0.812562694965254     
  0.160043374796793     
  -1.19671221091867     
  0.256339901961758     
 -0.210706865569334     
 -0.233768258384121     
 -7.784889807112734E-002
 -0.721001118227627     
 -0.616438185821726     
  -1.09959190635433     
  1.225748052774042E-002
  0.727760682594597     
  -1.00854923553741     
 -0.679569112034873     
 -0.984578481893740     
 -0.715677964962778     
 -0.798231144406501     
  0.136790171029284     
 -0.426696535692534     
 -0.279788241861984     
  -1.02835181741338     
 -0.787610606891433     
 -0.705131352982041     
 -0.561264966217524     
  0.973959800993740     
  0.669461632865867     
   1.54352876593293     
  0.472207378975396     
 -0.560501385623517     
  0.397777664364947     
 -0.773803776606145     
  0.190938261277991     
  0.111210248094616     
 -0.295461713136940     
  -1.73345016903590     
 -0.540912422787839     
  -1.11283801431964     
 -0.107038194666052     
  0.594124994696039     
   1.81341251386853     
  4.937734867038958E-003
 -0.836283713645484     
 -0.172407655676911     
 -0.283795087489109     
  0.611239524525744     
  0.785517855303216     
  0.177986410768589     
  0.126633432750898     
 -0.600883363282925     
 -0.379128802668738     
 -0.215988837910022     
   1.29364723421098     
  0.440736327427509     
 -0.218041180646353     
   1.20200008882768     
  -1.08646774825661     
  0.233774189981688     
 -0.215712335234575     
  0.373653281287369     
 -0.570568481183102     
 -0.420340269061252     
 -0.108347798448422     
  0.881791480308071     
 -0.250035878779161     
 -0.307809339994360     
 -0.811465091876530     
  0.476091704769721     
 -0.646579563093838     
  0.188067710097168     
  0.925730314731101     
 -0.191548969307322     
 -0.490829789149118     
 -0.532936603356406     
  0.962969762364195     
   2.40188915498811     
  0.120546548044360     
  -1.48612708693892     
   1.80828189390612     
 -0.660699716270027     
 -0.699317961946934     
  -1.74654107082519     
  0.237790183922646     
  0.884666087792758     
  0.261595541672583     
   1.06014350604405     
  0.368479782381714     
  0.803338866516418     
  9.693791415379954E-002
  -1.23715508635427     
  0.183061725919712     
  0.403257292535799     
 -0.633885909433909     
  0.467988869849998     
  9.413115590194418E-002
 -0.410471281743323     
 -0.113059128773712     
  -1.09221323727511     
 -0.427740252496965     
 -0.366621485219642     
  0.708139351106617     
  0.240472195515198     
 -0.340751437522534     
 -4.876703791088369E-002
 -5.075718539159422E-002
 -0.898849848778632     
 -2.688082924862514E-003
 -0.464331393855022     
 -0.103729486227951     
 -0.110829117458068     
  0.624557740384977     
  0.339767435229768     
  -1.02764554393696     
  -1.77054200271506     
  0.488872618689955     
  9.110399450751572E-002
 -0.235975503303492     
 -0.860184000021717     
  0.313405372285080     
  0.647851295101432     
  0.224048879450736     
  0.823889696714809     
 -0.648526391705650     
 -7.690787375407065E-002
  0.378396540994012     
  -1.58519128767111     
  7.288524384684172E-002
 -0.262206950403851     
  0.492999402130361     
 -0.822351379684216     
  0.227193389312163     
  0.874063461723153     
  0.647101311664550     
  0.286911855924012     
   1.09492383893589     
  0.823195059436280     
   1.04718668731669     
 -0.171460147898168     
 -0.422899309182678     
 -0.965567515934302     
 -0.113492024689432     
 -0.715117789814483     
  0.388827328393129     
  0.422821728447126     
 -0.241412346981650     
  -1.00118135010375     
  0.557160773374433     
  0.435465753065163     
  0.474368594849923     
  6.649406297949359E-002
  0.293707002173985     
  0.325576424814929     
  0.518134474039709     
  0.222097762123417     
  0.622410339145331     
 -0.486394339019343     
  0.225090659261220     
 -0.629139799472777     
  0.167210593976198     
 -0.258079996267578     
  0.939012095174650     
 -9.518004831811393E-002
 -7.912366490469164E-003
 -3.515979959752463E-002
 -0.257509096356920     
 -0.538055828544591     
 -0.812003959401428     
  0.808879201821912     
 -0.375454614677132     
 -0.447218344085853     
 -0.698830466206028     
 -0.114372869140408     
  -1.25886813777419     
  0.528342238913431     
  0.153578108528207     
   1.03004738701748     
  0.839321009812389     
  0.386608081037411     
 -4.693889277279500E-002
  0.449606994434107     
  0.576801621992132     
 -0.769593513475810     
  0.611609283082141     
 -0.102063268436012     
  0.499466437344046     
  0.326795254069846     
 -0.101563950016737     
 -0.608224452350079     
  0.614467868829088     
  0.112922488453592     
 -0.329456800914233     
  0.769766870383440     
  -1.46243812194878     
  0.835944953604250     
 -0.243819647533143     
 -0.111993792471351     
  0.761491376900123     
   1.07336213560187     
  4.837721011674891E-002
 -0.100805088824883     
 -0.579309302725781     
 -9.308734334472597E-002
  0.550147954209221     
 -0.702004068156023     
  0.115202074106555     
 -0.998957148997864     
  0.502958691241920     
  -1.38856467021669     
   1.09503172313527     
 -0.390882820098190     
  1.498787260183707E-002
 -0.386703310349945     
  0.206134635137552     
  0.842007386000111     
 -0.820548637676852     
   1.02974714051782     
 -0.230453773597162     
 -0.774724923074086     
 -0.532831465739683     
  -1.25428274880403     
  0.297254131098570     
 -0.801848821033350     
  0.622675175254734     
  3.165832272500473E-002
  0.465320202701930     
 -0.367577885532825     
 -0.522912031487874     
  -1.26444490509849     
 -0.817308499034054     
 -0.425793686865805     
  -1.25479902143749     
 -7.119781194587499E-002
   1.09532395369197     
   1.39006421656651     
 -0.425571593913644     
 -0.736858557378201     
 -8.352744132667034E-002
  0.572221641728570     
  0.298602240988526     
   1.30040215150561     
   1.05677058900678     
  0.395471890347022     
  0.389564135658627     
 -0.235877281386766     
 -3.312257794584444E-002
  -1.24520666521058     
  0.460713571514945     
   1.20919821589166     
  -1.47066692194041     
  0.244938275230259     
  0.230301094407731     
  0.563803667160848     
 -0.582971779508349     
   1.15096013623163     
 -4.222725672831318E-002
  0.462223948379569     
 -0.869848509868524     
  0.579204648541998     
  0.996592841991357     
 -0.196696944236415     
  -1.21288140962087     
 -0.448898051939745     
 -0.571715056400189     
  0.660230680956311     
  -1.63241447855282     
 -0.994594045495809     
  0.135448192234115     
 -0.875720151564775     
  0.101970411980553     
 -0.757550347401983     
 -0.933595149620446     
  0.708638872039070     
  0.184199560890264     
  0.733041030689177     
  0.619443011489754     
  0.186047010027961     
 -0.119002390650734     
 -0.371019924792788     
 -0.879302838689603     
   1.34024237824661     
  -1.22095287502942     
  0.161852371702028     
   1.61625866612068     
 -0.803189673833244     
   1.26646323488783     
 -3.245036574035289E-002
   1.36374638134969     
   1.43788221342919     
 -0.197149771029773     
  0.626588702993886     
 -0.614102237957342     
  7.951448302851449E-002
  0.138858676911020     
 -0.695313761227423     
  -1.22410672797628     
  0.251070982227814     
 -0.972336485129875     
 -3.484204194726781E-002
  5.733539445538492E-002
  0.438784187466654     
 -0.968737906643427     
   1.05822947226972     
  6.060108804935475E-002
 -0.767171074603787     
   1.29721999742475     
   1.52434323272418     
 -0.491504168364039     
  0.205537839581367     
  3.009578711264689E-002
  0.792846917240606     
  -1.21038417275248     
 -0.273883708467828     
 -4.728422508923737E-002
 -0.224922407888320     
  0.779068507269480     
  -1.00736986845503     
  0.523340619530838     
 -0.494282303038680     
  -1.20131804276863     
   1.47434907104915     
 -0.333179288862953     
 -0.944523971186915     
  0.226393966436565     
  0.235165111380049     
  0.120015751129072     
  -1.63720525238476     
  -1.68017207723137     
 -7.199234905947095E-002
  0.105520317058103     
 -0.291447846084376     
  0.560012056179916     
   1.28424476440343     
  0.760696480326892     
 -0.170013491657765     
  0.361642567457259     
 -0.719695716307100     
 -0.640035776338174     
 -0.280979309645160     
 -0.440227836010094     
 -0.275175629713974     
  0.348039384938839     
  0.730494828114255     
 -0.422934476755048     
  3.012373037363056E-002
 -0.233667669742698     
  0.385406260931949     
 -0.556623569868180     
 -0.354134669423385     
  0.310508685216948     
   1.40831829336025     
 -0.605651945707076     
  -1.02431939377287     
 -0.808157643887289     
  7.065676298966600E-002
  0.834288320987823     
  0.763111590506733     
  8.278842097593828E-002
 -0.619605088135787     
 -0.270582749162534     
   1.92505219103310     
 -0.254324339406225     
 -0.654565138671646     
 -0.604714278614614     
  -1.22644429169967     
  0.751821623845240     
 -0.147069463184497     
 -0.332674068640667     
   1.27424063757354     
 -7.744285043385116E-002
 -0.399618318853571     
  0.741716756505612     
 -0.330644483999704     
 -0.191750031453709     
  0.436728345611034     
  5.413650426607922E-002
 -2.235272840167275E-002
 -0.344945287310526     
  0.937090798839437     
 -0.430262464676960     
 -0.744026917511804     
   1.40693350247186     
  0.775507303432923     
 -0.131630806660692     
  5.066084397716548E-002
   1.02736449783091     
   1.32694102373562     
  0.491337457763543     
  0.458403610301260     
 -0.335921472506551     
 -0.279704540492767     
 -0.416061270243584     
 -0.703734060006709     
 -0.717799083975266     
  0.598089119847054     
  0.116938592857362     
 -0.640428838344949     
 -1.515388251824502E-002
 -0.681688695615505     
  0.660067268693218     
 -0.630057313600032     
 -0.452865361952056     
 -0.475075823419172     
 -0.228771595487107     
 -3.671258190534218E-002
  9.298183628903942E-002
  -1.12907988181178     
  6.797594394442559E-002
  1.902544856833875E-002
 -0.334723807798667     
 -0.979405480680918     
   1.23661229723307     
  0.502814292121709     
  -1.90101062643007     
  0.709450563711024     
  0.131887951386071     
  0.368660713357983     
   1.78711392923722     
 -0.691079129119510     
  0.450276789444553     
  -1.16183282710422     
  0.271528948955373     
 -0.269813765167259     
 -0.221743412198022     
  -1.47657214586733     
  5.869686679227849E-002
  0.645474267749143     
 -0.535738217198176     
 -1.081568876615675E-002
  0.849223412699448     
  0.864737322188795     
 -0.776893373158445     
 -0.500593173288051     
  0.450706460698768     
 -0.294521500520169     
 -6.276897814305191E-002
  0.355590494711501     
 -0.387444247558000     
 -0.191615508733123     
  0.100415725400472     
 -0.249081401651273     
  1.293416837730175E-002
 -0.501465672629579     
  -1.97798212235174     
 -0.160529447695965     
  0.523195397434574     
 -0.624201385189989     
 -0.760179378357898     
  0.481715353617762     
 -0.401698332041120     
 -0.855198398576425     
  0.586414518990861     
 -0.367992943022773     
  -1.17331754623008     
  0.345610208434080     
 -0.560802987961208     
  -1.41110812899844     
  0.268422561110458     
  0.890138242331253     
 -8.818006521397123E-004
 -0.587540064736651     
   1.77688861899060     
   1.53578865716346     
 -0.500662415606318     
  0.626525211508721     
 -0.489154175307625     
  0.212702379103137     
  0.525788663637445     
 -0.829117378714781     
  0.534311283521982     
  -1.12291917451042     
  0.248265419849232     
  0.117512023343884     
 -0.411096332650879     
 -0.117932746324630     
 -0.589375301338422     
 -8.257808899813003E-002
  0.410163934361949     
 -0.572708496283005     
  0.320950413345924     
  0.232824924623703     
  0.114399057128576     
   1.08438023607655     
   1.11834053202978     
 -0.651356844343359     
  -1.56510806938253     
  0.295525942546698     
  0.416647256400098     
  0.832405584908268     
 -0.484947027419597     
 -0.506081954304306     
 -0.209338633315029     
  0.158422171745434     
 -0.156516547509424     
   1.13024223976714     
 -0.497845189620261     
  0.667552163589752     
 -0.193982550113509     
   1.02762608454274     
  1.147872827604853E-002
  0.805078150112555     
  0.573602864476249     
   1.33945323177085     
 
  -1.24804883068763     
   1.07498092949915     
 -0.498069073319514     
 -0.132383603591441     
 -0.516505569224176     
   1.30161979820382     
  0.336439236213850     
 -0.754917936452792     
  0.575564046579749     
   1.15013925174575     
  0.307825588438709     
   1.07909268307460     
  -1.11220620000712     
  0.492925509507477     
  0.651050402689878     
  0.812375929657637     
  0.403652060156353     
  0.817647614945993     
  0.137099010499435     
  0.693398505132384     
  9.248128741576798E-003
 -4.793181310114157E-002
 -4.559179556431267E-003
 -0.964497515075697     
 -0.773299325647271     
  1.874663533403105E-002
  -1.33325255240677     
  0.845906539576191     
   1.58893859257541     
 -0.700015526764457     
 
  4.448014434517798E-002
  1.496040065806536E-002
 -7.884125287291248E-002
 -3.075834941965509E-002
  1.878554472899709E-002
  6.152825311402746E-002
  3.103739992350808E-002
 -6.393112236692619E-002
  3.495140536854920E-002
  2.124683349716566E-002
 -3.656041977578044E-002
 -8.072604961835123E-002
  4.520366709314320E-002
  4.366610211473729E-002
 -5.954047014865162E-002
  1.704669135380492E-002
 -0.128377618550646     
 -8.406849183676540E-002
  9.509566977766934E-002
 -4.360270423567161E-002
 -2.115811880824231E-002
 -1.816103480574321E-002
 -1.349298291178641E-002
  2.282256775914644E-002
  1.867040175111280E-002
 -4.768000498472531E-002
  5.522151617132664E-002
  4.678202992258176E-002
 -2.759416375626336E-002
  6.491537839625003E-002
 
 -5.099142396373572E-002
 
  tansig  tansig 
