 0.600880129649392014E+01
 0.629326138064130625E+01
 0.609395990553686229E+01
 0.627063252185955111E+01
 0.110309892654210095E+02
 0.618243614540236575E+01
 0.155105030994650761E+01
 0.149865200181059111E+01
 0.153716802549408094E+01
 0.151970725185761446E+01
 0.205299106776962681E+01
 0.151619525142274680E+01
 0.635977905738220994E+00
 0.480312404027675943E+00
 0.625898742203446101E+00
 0.614519865234803730E+00
 0.102440857574184929E+01
 0.722012248450947580E+00
 0.485382171926299455E+00
 0.269932779803297718E+00
 0.383555904431353567E+00
 0.294706016356007849E+00
 0.114569016787990141E+01
 0.336485562197818389E+00
 0.344585639320869774E+00
 0.102543951610571671E+00
 0.594635585322089294E-01
-0.876565037938749736E+00
 0.953514318051841614E+00
 0.151092361788414370E+00
 0.121786369224219926E+00
 0.371061545865985498E+00
 0.382421264772160596E+00
 0.130369518368046089E+01
 0.389289526163239197E+00
-0.458944436672064776E-01
-0.342384144145717814E-01
 0.440325164867350849E+00
 0.150210663083554075E+00
 0.100334100525547454E+01
 0.357005294280427141E-01
-0.658030472385678772E-01
-0.648223228089762349E-01
 0.783460184834132989E-01
 0.266278276305470796E+00
 0.528117393166492088E+00
 0.523161719476061715E+00
 0.166580378462764273E+00
 0.193092678195808637E+00
 0.551970489656887775E+00
 0.558463998033731257E+00
 0.109739739099165734E+00
 0.619987857945120457E+00
-0.760299738558399690E-01
-0.109115665058314271E+00
 0.157455433785008009E-01
 0.252793678271307221E+00
 0.682799474636334058E+00
 0.919635064869856911E+00
 0.365873893825618524E+00
 0.641296296210893568E+00
 0.206085673788166723E+00
 0.889423295180180706E+00
-0.854712648574931927E-01
 0.156925717422081457E+01
-0.315904279776902053E+00
-0.567506453397443100E+00
 0.212121487132888564E+01
 0.696369561005394655E-01
-0.173108573026725082E+00
 0.265661976063996441E+01
 0.125900390905111981E+01
 0.187871850091827874E+01
 0.352264229495869552E+00
 0.232898168757190449E+01
 0.205648283015562239E+01
 0.514047494653739889E+01
 0.249233936588401805E+01
 0.541839515999222510E+01
 0.633179556680166566E+01
 0.833786578953109192E+01
 0.157587614955564295E+02
 0.751859959809594880E+01
 0.138560796317236251E+00
 0.379508830154765608E+00
 0.142820895397707872E+02
 0.845907005903481135E+01
 0.136251269517998921E+02
 0.271645974124601217E+02
 0.495020050639378173E+01
 0.195730660739595628E+02
 0.661784566027435659E+02
 0.491109140119302623E+02
 0.264640633546798547E+02
 0.126500462530803134E+03
 0.551742105049532867E+02
 0.852199691261923853E+01
 0.233049875752544473E+02
 0.136838182473476557E+02
 0.934522175302046954E+01
 0.442030889456797443E-01
 0.622598879560699636E+01
 0.155950270910126143E+01
 0.819292343063743767E+00
 0.138264837383626915E+01
 0.802190614619576636E+00
 0.426092456364974836E+01
 0.152283117799198098E+01
 0.638191598805747939E+00
 0.613945016272012145E+00
 0.122192245278931710E+01
 0.997361636298949805E+00
 0.702278533649219550E+00
 0.879718900869743414E-01
 0.538569617778998505E-01
 0.157294227598923253E+00
 0.357102153785274601E+00
-0.359375774613495902E+00
 0.113055828026685656E+01
 0.498489597932622208E+00
 0.353706996966252185E+00
 0.170321805525662506E+00
 0.379205921325460604E+00
 0.902016391783184934E+00
 0.743485121363673812E-01
 0.896074046007483138E-01
 0.642484705614679852E-01
 0.205197867032843789E+00
 0.320500903782067414E+00
 0.699751117154730817E+00
 0.288501457997101918E+00
-0.557463499288527245E-01
-0.574777755511473379E-01
 0.129153110938918098E+00
 0.117183222592316380E+00
 0.779805625384579315E+00
-0.257678951552265834E+00
 0.148494812250251407E+00
 0.137235307625166142E+00
 0.176617498989636940E+00
 0.279331342881168621E-01
 0.479199043221234466E+00
 0.320807347155031231E+00
 0.162517639047354334E+00
 0.180534260066290392E+00
 0.177374308947878617E+00
 0.276291481904134273E+00
 0.372080908930309609E-01
 0.359936320992051584E+00
 0.336013758820383340E-01
 0.438829397235990168E-01
 0.437372158644133771E-01
 0.477520504628011988E+00
 0.579568039489193609E-01
 0.444679776403151372E+00
 0.143362247563849465E+00
 0.202812076887896209E+00
 0.289024755326144391E-02
 0.872165157270137548E+00
 0.817049126322763719E+00
 0.539316244993922056E+00
 0.435465156917765217E+00
 0.704849918245936347E+00
 0.456216607759401094E+00
 0.146165846984091563E+01
-0.207755495268813373E+00
 0.937130027169539526E+00
 0.292007743613884430E+00
 0.516886396999385989E+00
 0.299469247916019699E+00
 0.624860423601244289E-01
-0.263693976378148176E-01
 0.176750022218144553E+01
 0.176081881313899791E+01
 0.344036447069798701E+01
 0.110118951691628575E+01
 0.396983647632888692E+01
 0.525478201804776646E+01
 0.247522879282669273E+01
-0.814010859640521445E+00
-0.203156379250017460E+01
-0.893011206778762445E+00
-0.425707297853292843E+01
 0.171368538128010650E+01
 0.762847553692323732E+01
 0.759668595440139960E+01
 0.206936207605627942E+02
 0.501056145963828659E+01
-0.276412408935920197E+02
 0.289715131238358587E+02
 0.210592976230989315E+02
 0.150081360058662607E+02
 0.632898177300867548E+01
 0.635038982004018426E+00
 0.578632156550538213E+01
 0.286090695002654583E+01
 0.142075332603594013E+02
 0.133308344214963022E+02
 0.336664683335238157E+01
-0.434265980602252299E+00
 0.465767537768446260E+01
 0.286679543512258050E+00
 0.141399132251599280E+01
 0.870940111043247089E+00
 0.310057023286895495E+00
 0.106346629088048950E+01
 0.105824513024252465E+01
 0.284729573124113344E+00
-0.228619170308256903E+00
-0.450617639673901060E+00
-0.227654015167998325E+00
-0.100846651991626970E+00
 0.225277315621241647E+00
-0.385020567064478861E-01
 0.739383201305126470E+00
 0.504020251626721483E+00
 0.296822116637219691E+00
 0.349239806733352420E+00
 0.185594122616336538E+00
 0.135480797354143367E+00
 0.127817481980877862E+00
-0.110481529283967678E+00
-0.814412974307462401E-01
 0.126555843862059036E+00
 0.648948153197382444E-01
 0.420735738052604447E+00
 0.118812278498371587E+00
-0.114297090731321979E+00
-0.739426656171822821E-01
-0.256899389434591882E-01
 0.934379128161760414E-01
 0.542968135854065212E-01
 0.115057603104090009E+00
-0.137810495415771374E-01
-0.118428172164620951E-01
-0.466161155393266177E-01
 0.193363847829535279E+00
 0.156684928175618354E+00
 0.966712445334068915E-01
-0.161649042932648299E-01
-0.156448984399928034E-01
-0.312211200722916707E-01
 0.136270239462643522E+00
 0.490445182827294116E-01
 0.105671694554508394E+00
 0.171405362729478809E-01
 0.204528135665838599E-01
 0.103124042646175654E+00
 0.652555325831135208E-01
 0.492125353814664782E-01
 0.994922306914342303E-01
 0.340481804908528965E-02
 0.456247980081167254E-02
-0.688031209430272767E-01
 0.152688717896838133E+00
-0.243332983833563304E+00
 0.155355331461318080E+00
 0.702122310160615409E-01
 0.108646811464520876E+00
 0.137736033019797421E+00
 0.367262347834714231E+00
 0.388097396827893001E-01
 0.209002097208916104E+00
 0.118028703855609873E+00
 0.164413861231668679E+00
 0.345230242196639392E-01
-0.182515443033265173E-02
 0.536566279698894477E+00
 0.347702997033133954E+00
-0.339192974270000492E-02
-0.660884014164891433E-02
 0.522504475435653370E+00
 0.421268202426984650E+00
 0.948607560468640698E+00
 0.727395542190302113E+00
 0.335698956211411492E+00
 0.750500946939824387E+00
 0.554993536618844652E+00
 0.226899951123348353E+01
 0.114815662522697903E+01
 0.115243052942876645E+01
 0.224996550071813822E+00
 0.706644318301812735E+00
 0.231209433142656939E+01
 0.125146990533550079E+00
-0.205502141779505187E+01
 0.647618634073646771E+01
 0.000000000000000000E+00
