 0.483517590710515233E+01
 0.988884887492475961E+01
 0.480819738868730617E+01
 0.480819738868725910E+01
 0.485462841672163314E+01
 0.436860249962725966E+01
 0.167166944495037040E+01
 0.219436988046556047E+01
 0.183988281393224606E+01
 0.183988281393064490E+01
 0.196895942927210421E+01
 0.124988020016674667E+00
 0.662848764861634215E-01
 0.205940200262460582E+01
 0.975744755723481072E+00
 0.975744755810495801E+00
 0.132781242924124254E+01
 0.113239505002514562E+01
 0.788725223354648564E+00
 0.813116362588144792E+00
 0.679616625840981037E+00
 0.679616623586151269E+00
 0.157751659069698680E+01
 0.174170048421846579E+00
 0.151910214792708387E+00
 0.158491734366269443E+01
 0.592758032647837108E+00
 0.592758101643369284E+00
 0.239212630989365266E+00
-0.737006246265948656E-01
-0.791130947053636235E-01
 0.649730346272720860E+00
 0.636290356026560366E+00
 0.636289421837021973E+00
 0.131011563308269507E+01
-0.176211303965204208E+00
-0.153965458142348660E+00
 0.772333797990624404E+00
 0.555945964507110313E+00
 0.555960884119059418E+00
 0.954344469359700076E+00
 0.204153216865418763E+00
 0.248004029596168796E+00
 0.144137386890763275E+00
 0.675440632722394851E+00
 0.675377746559186254E+00
 0.157097765164535885E+01
 0.120331605504557779E+00
 0.143502661092721584E+00
 0.121300785228601926E+01
 0.806781707546570193E+00
 0.805428494597605571E+00
 0.147542277377343578E+01
 0.293459718059260966E+00
 0.405308842661528279E+00
 0.177902600527835997E+01
 0.110510618761651314E+01
 0.111240920270375931E+01
 0.179159973337317013E+01
 0.942744755001490159E-01
 0.126335293590261993E+00
 0.280636018894829542E+01
 0.153052063639815050E+01
 0.149071678702541877E+01
 0.137276957814376477E+01
 0.425706878417924650E+00
 0.693582392618457111E+00
 0.108181974531544434E+02
 0.244436672741808536E+01
 0.242874843766690329E+01
 0.352841945850080774E+00
-0.290819354770346206E+00
-0.566616047827559921E+00
 0.109912653140990653E+02
 0.839924731705305838E+01
 0.473203663492380677E+01
 0.213242361014672810E+00
 0.114163294864604392E+01
 0.227681600569530174E+01
 0.172285968893852477E+02
 0.172601672697101378E+02
 0.943733864961483349E+01
 0.141491175324212293E+02
-0.236189231223359997E+01
-0.662429059029517120E+01
-0.102879801671124582E+02
 0.210297111414257749E+02
 0.264684690704431453E+02
 0.526266913033284354E+02
 0.205866319247213614E+01
 0.853547114419303377E+01
 0.723832918125317519E+02
 0.402796959165231243E+02
 0.109741532664426401E+03
 0.126746712938289917E+03
 0.112932835966805627E+03
 0.468703904788173364E+01
 0.644625577893465262E+01
 0.455459073854984009E+01
 0.455459073854961094E+01
 0.448793170500658256E+01
 0.471192309602070125E+01
 0.175983342079829352E+01
 0.966496027468571217E+00
 0.170107211777817646E+01
 0.170107211777863343E+01
 0.176392780418836348E+01
-0.163858864145411309E+01
-0.831350100577027851E+00
 0.462340560610358664E-01
 0.863051555802429871E+00
 0.863051555727293418E+00
 0.276458692793258809E+01
 0.210630404208780209E+00
 0.137470974094972581E+00
 0.142277562078007125E+01
 0.563283067543642102E+00
 0.563283057380501440E+00
 0.660062419927601396E+00
-0.143532319439126452E-01
-0.116075242331290882E-01
-0.283984623022934812E+00
 0.455529531344856964E+00
 0.455529581365692549E+00
 0.106017942617014471E+01
 0.564450168200341551E+00
 0.503116174879827738E+00
 0.112214234841727947E+00
 0.406029972289246144E+00
 0.406031060725933979E+00
 0.410412493878281159E+00
-0.764631071653351924E-01
-0.693038201722261382E-01
 0.318396382925783539E+00
 0.368025791560485871E+00
 0.368014126813375086E+00
 0.514141586675931350E+00
 0.667069709859882121E-01
 0.696313899916708445E-01
 0.180690582057920712E+00
 0.384129670268917478E+00
 0.384147785573548617E+00
 0.687917919206997741E+00
 0.445790024026338078E-01
 0.508042128326629400E-01
 0.528383705328670850E+00
 0.438966020314745853E+00
 0.437791893169903523E+00
 0.559015039036508510E+00
-0.645854040050165973E-01
-0.808557155897862839E-01
 0.802076156973869803E+00
 0.546290492523169857E+00
 0.548080132763593575E+00
 0.585230047637396389E+00
 0.185963190413884816E+00
 0.237733100154680188E+00
 0.139540462900017759E+01
 0.599961866067713845E+00
 0.700659032602557907E+00
 0.137096556388590612E+00
 0.160635888085730955E+00
 0.216650612379693158E+00
 0.330740643638430942E+01
 0.983775487863834508E+00
 0.944983155953875276E+00
-0.196115557733001836E-01
 0.206395157999349099E+00
 0.373210306656731938E+00
 0.345050608898916789E+01
 0.123200613633525702E+01
 0.170874867820350884E+01
 0.769883937814600960E+00
 0.974114797723169556E+00
 0.188499421267904932E+01
 0.326360351193141751E+01
 0.207007153616249839E+01
 0.330657267178888414E+01
 0.488282572409020421E+01
 0.149106185486508003E+01
 0.395732759821405056E+01
 0.428770825123537147E+01
 0.234462485764192730E+01
 0.877575349867329635E+01
 0.145606926582962188E+02
-0.240205550650659072E+01
-0.897699377210616944E+01
 0.445629196893787594E+02
 0.494567499284297725E+02
 0.327968626410727637E+02
 0.290129498242423445E+02
 0.329852843259760178E+02
 0.430429352905159668E+01
 0.326958101133023638E+01
 0.427970613331991601E+01
 0.427970613331939198E+01
 0.427889625559992126E+01
 0.880833919011845268E+01
 0.318361351265251269E+01
 0.249019713939476217E+01
 0.154682170862164958E+01
 0.154682170862612156E+01
 0.426602800823401462E+00
 0.175448597150395846E+01
 0.832025882650529014E+00
 0.147218871222526326E+01
 0.733545732689101948E+00
 0.733545732668028028E+00
 0.125388628876935054E+00
-0.169828030596361979E+00
-0.101235129105428118E+00
 0.642468247553198868E+00
 0.437269391627487347E+00
 0.437269375912874014E+00
 0.115370096977638559E+01
-0.231196369311322286E+00
-0.148384342354771021E+00
 0.370274545409956690E+00
 0.280643967218000612E+00
 0.280644237493808346E+00
 0.208536049878118523E+00
-0.643581329709420891E-01
-0.483559422710133358E-01
 0.149225194967452124E+00
 0.210865748788284346E+00
 0.210864049662074893E+00
 0.334497144433153537E+00
 0.146698729962015301E+00
 0.124837295534337589E+00
-0.101208842703872884E+00
 0.179438983756839254E+00
 0.179440528844712427E+00
 0.199674998789163477E+00
 0.200245507264101008E-01
 0.184588477077895566E-01
 0.144511329415637352E+00
 0.165383715739666870E+00
 0.165410222671376367E+00
 0.212081609639711760E+00
 0.703588713277351480E-01
 0.708310521202764748E-01
 0.138435586902099672E+00
 0.166488994549881586E+00
 0.166520296334604967E+00
 0.205795751050334652E+00
 0.216854797059401437E-01
 0.254840709466412109E-01
 0.210147074788643945E+00
 0.201085507261625523E+00
 0.195689240145532489E+00
 0.211741170047093835E+00
 0.345009609406565993E-02
 0.432755119304430950E-02
 0.130235679692413509E+00
 0.234357027095636244E+00
 0.245458439871969747E+00
 0.278340477245689166E+00
 0.544511974757559344E-01
 0.682480067225259279E-01
 0.570296732112065663E+00
 0.523046374861376506E+00
 0.307652540826887477E+00
 0.196357887522914248E+00
 0.120836718082478756E+00
 0.202354129340898831E+00
 0.575883461068281699E+00
-0.420957146058376586E+00
 0.515197392203645466E+00
 0.351991977707051373E+00
-0.301167653487175932E-02
-0.537350359013593314E-02
 0.410119815411366495E+00
 0.824760920235707684E+00
 0.919227215997431735E+00
 0.152013322167943543E+01
 0.143424713515944685E+00
 0.369262369043509453E+00
 0.289410310487792843E+01
 0.234136492730093471E+01
 0.236664945076390865E+01
 0.223929831503837296E+01
 0.793242099738112771E+00
 0.289591022358320460E+01
 0.563283767336026830E+01
 0.654069491613149978E+01
 0.863999066913806324E+01
 0.707711414830259677E+01
 0.868902053880779413E+01
