 0.429570651409446569E+01
 0.451060123178276129E+01
 0.429626771562453147E+01
 0.429626771562449239E+01
 0.436123287059953224E+01
 0.355311341053349539E+01
 0.151264274455861858E+01
 0.192780563010411139E-01
 0.182902075949923137E+01
 0.182902075949810250E+01
 0.232637503567640014E+01
-0.933439776459610848E+00
-0.535078611213443467E+00
 0.160059996553089090E+01
 0.104845530751362026E+01
 0.104845530742300608E+01
 0.313976044888890060E+01
-0.215583141992221783E+00
-0.151254969554538571E+00
 0.120867935459497833E+01
 0.735605178363105572E+00
 0.735605182277253800E+00
-0.109214833206260975E+01
-0.505370124691603348E-01
-0.448170492434570925E-01
-0.667152387207281095E+00
 0.652346703766066405E+00
 0.652346614828990701E+00
 0.130981332682560669E+01
-0.172462171236652806E-01
-0.170318617657422740E-01
 0.702677924159506251E+00
 0.644238606194698860E+00
 0.644239984883496986E+00
 0.187112351305702140E+00
 0.183997915636031295E+00
 0.183690874747475585E+00
 0.921914842942098134E+00
 0.643163552744206557E+00
 0.643151621517255245E+00
-0.117843650113901588E+01
 0.807802429675581246E+00
 0.893139496399690924E+00
-0.287945464468009227E+00
 0.711108001781194821E+00
 0.710606841865493610E+00
 0.656906919069221829E+00
 0.740120904017111947E+00
 0.962766209040474941E+00
 0.827720128029649921E-01
 0.925025561874143754E+00
 0.924605989036134002E+00
-0.505401244633627456E+00
 0.459604789305587458E+00
 0.624478066617852545E+00
 0.143750417719927115E+01
 0.125685847469961387E+01
 0.124325371625560344E+01
 0.108040446696018377E+01
-0.472992289578441846E-01
-0.733538896204443958E-01
-0.178713779858113586E+01
 0.194919578718303255E+01
 0.215600326500537420E+01
 0.342275852951518900E+01
 0.561192299928464777E+01
 0.734388931307115822E+01
-0.262547409766562811E+01
 0.255076167516936536E+01
 0.262635185861976561E+01
 0.136277819496300689E+01
 0.379256405936879537E+00
 0.651646062603704723E+00
 0.401901879696519249E+01
 0.438277053793836124E+01
 0.663871431515813804E+01
 0.147132327739550508E+02
 0.209805433800408148E+01
 0.511563077219957307E+01
 0.970419043785156532E+01
 0.106863942583566871E+02
 0.107415676865098693E+02
 0.211618357932366443E+02
 0.133742494258395634E+02
 0.429113354968184666E+02
-0.274136050421230237E+01
 0.342873408944840250E+02
 0.494968741952857272E+02
 0.623310565675699522E+02
 0.250734363957466009E+02
 0.965222756166246967E+02
 0.206074275573253516E+03
 0.131991966148683503E+03
 0.500630964238461615E+02
-0.127986941961378150E+03
 0.126488522850879903E+03
 0.437977803735321380E+01
 0.373989176970424041E-02
 0.457033967521782447E+01
 0.457033967521760420E+01
 0.421942305936281681E+01
 0.328336815344701316E+01
 0.132803526333505073E+01
 0.406201132867070186E-01
 0.184858108212338301E+01
 0.184858108212261385E+01
 0.162526099436940807E+01
 0.258071444141646555E+01
 0.138306146880859893E+01
 0.917683110040187988E+00
 0.990695144577898312E+00
 0.990695144527929838E+00
 0.137231091808037431E+01
-0.187874114393557279E+00
-0.116342395877163607E+00
 0.678254174936086196E+00
 0.613495089922927006E+00
 0.613495086587702465E+00
 0.120030577830168839E+01
-0.245663190917332075E+00
-0.175447259636745401E+00
 0.541798146426058502E+00
 0.438144729479626238E+00
 0.438144808878975778E+00
-0.381040226360393197E+00
-0.309287960698453220E-01
-0.275777008895185943E-01
 0.450900887773201475E+00
 0.390672312902886287E+00
 0.390672343288565371E+00
 0.778729876878788030E+00
 0.181219321971771097E+00
 0.182510889588069186E+00
-0.173902562645217917E+00
 0.393456672221967285E+00
 0.393451556060642360E+00
 0.339129313859098502E+00
 0.103664930969316532E+00
 0.107841114918812014E+00
 0.417495928699558538E+00
 0.409307234451557089E+00
 0.409314525462105783E+00
 0.535604419112143737E+00
 0.525545491031929268E+00
 0.581445338937176426E+00
-0.178962598702734482E+00
 0.452843355572933648E+00
 0.452927584234823377E+00
 0.248444913045744564E+00
 0.591318997768147780E+00
 0.699164985960830654E+00
-0.159084251323768633E+00
 0.535433868244745925E+00
 0.537977093640667370E+00
 0.746119986723548290E+00
 0.311864486694463594E+00
 0.444254865627519924E+00
 0.921675667630877243E-01
 0.762732248582491668E+00
 0.787751278650436704E+00
 0.641574193091287270E+00
 0.102974627472021157E+00
 0.150333195514461532E+00
 0.123871989275508865E+01
 0.111351678628302397E+01
 0.117863995603345950E+01
 0.145749187577661532E+01
 0.153059473544933278E+01
 0.204013428430344490E+01
-0.101319323030615460E+01
 0.148420984289906421E+01
 0.233449157076006530E+01
 0.428020211365187819E+01
 0.293967145535709928E+01
 0.641968395494447375E+01
-0.422927060280539890E+00
 0.324123231419830171E+01
 0.659285491416229963E+01
 0.667068813426089680E+01
 0.399098293467101239E+01
 0.129226921867445199E+02
 0.104711147597019902E+02
 0.104950204467779766E+02
-0.403447904529628598E+01
 0.916441388252262712E+01
 0.567870591760798948E+01
 0.220603542892025075E+02
 0.519303369785555589E+02
 0.407705334080533106E+02
-0.569647121308238127E+02
 0.170847505133267887E+02
 0.459087178391336792E+02
 0.523915503065663568E+01
 0.979014202073063833E-01
 0.465277958656637836E+01
 0.465277958656548574E+01
 0.553155284145616744E+01
 0.267202842417269748E+01
 0.934806737738961169E+00
 0.640189475287720189E+00
 0.162777074801635302E+01
 0.162777074797412635E+01
 0.521600546460898062E+01
 0.254570738546019859E+00
 0.114500611130964644E+00
 0.632274594506984533E+00
 0.732137348123720000E+00
 0.732137346380351550E+00
 0.242892639564057200E+01
-0.585563239682127978E+00
-0.311877063255000309E+00
 0.199535990539494806E+00
 0.389943955764849415E+00
 0.389943964317473191E+00
 0.914880625236902278E+00
 0.241524362192695657E+00
 0.161961033415534861E+00
 0.211479430742083280E+00
 0.261488015024459619E+00
 0.261488135345967210E+00
-0.297949622797912095E+00
 0.160952762479919964E+00
 0.127796981585712982E+00
-0.108043152476837559E+00
 0.207622277033825769E+00
 0.207622741274792327E+00
 0.306929006417384020E+00
 0.127718570318888058E+00
 0.114779407915487019E+00
-0.651958113636017522E-01
 0.186588073829099643E+00
 0.186581194198638750E+00
 0.909590289846514133E-01
 0.367719172457994237E-01
 0.332978865120653542E-01
 0.181251586615151866E+00
 0.168960146008594686E+00
 0.168716418163084469E+00
-0.146429579074546429E+00
 0.174536158084674653E+00
 0.161879330093526175E+00
-0.646817530307104011E-01
 0.156707673347012189E+00
 0.156697030418451067E+00
 0.128469268953449567E+00
 0.375826955864695528E-01
 0.429370596917953498E-01
 0.131671865741448457E+00
 0.179033638212088092E+00
 0.184014607917488027E+00
 0.200973217187909309E+00
 0.171520031884787386E-01
 0.238746504278907652E-01
 0.213911325854281353E+00
 0.249205033381653368E+00
 0.278278872637698793E+00
 0.309056884998037754E-01
-0.108123156471214288E+00
-0.139289364405273175E+00
 0.183353797977281824E+00
 0.321037711432025030E+00
 0.193689280308520645E+00
 0.273708248325626846E+00
 0.276482276833406093E+00
 0.364641318020913041E+00
 0.288575442187173681E+00
 0.423403682766717193E+00
 0.768959817511049581E+00
 0.138356102662271807E+01
 0.914567989396497971E+00
 0.199664798747606742E+01
-0.890283227841792035E+00
 0.924357861730950137E+00
-0.394167561535884656E-01
 0.115143765116976526E+01
 0.649916720128662750E+00
 0.196301967357658258E+01
 0.246521546288810134E+01
 0.279194643221952798E+01
 0.116027856651134553E+01
-0.201905858749188205E+01
 0.248182035501131582E+01
 0.842107110411696524E+01
 0.106664831227760288E+02
 0.947336070361914828E+01
 0.882871855330187216E+01
 0.117341458222062727E+02
 0.888213291401548410E+01
