     48 -    30 -    30 -     1 
rmse=  55.9416meV
  -1.53677894004200     
  0.783636249789500     
  -2.20411241420783     
  0.648933059321483     
  0.461674346026631     
  0.992010520056423     
 -0.197061514800075     
  9.866777276969865E-002
 -0.188121156801324     
  0.334973315460676     
  0.473418299148095     
 -0.170732263821193     
  0.617060663311223     
  0.958498580774651     
 -0.240689618118209     
  0.602620710331776     
  0.233335832894935     
  3.370144659412787E-002
  0.733582286404493     
 -0.965124677469053     
  0.249424903106848     
  0.111927703994838     
 -0.887066067709703     
  -1.15026801377554     
  0.386769087588178     
 -0.256140841812565     
 -4.522360716763179E-002
  0.198395578857377     
  0.312894092180720     
  -1.06582548357673     
  0.466551614258105     
  -1.61546539247431     
  3.800113350880951E-002
  -1.16784090876847     
  0.190574420069476     
  0.802254576018685     
  -2.51885604199281     
 -0.434152902886862     
  0.737897612203886     
  1.564102164053910E-002
  0.625711707296626     
  4.791807591615437E-002
  7.842974451709175E-002
 -0.867546727307901     
  8.616372909021520E-002
  0.953870599401446     
  -1.01104393064767     
 -0.102636204889387     
  0.335681723310423     
 -0.195765876554273     
  0.578191198914953     
   2.10932301935889     
   1.34569496627101     
  0.154865456771662     
 -0.146996314799526     
  -1.86932817833168     
 -7.295390589796510E-002
   1.13762663532664     
   1.10431961440334     
  0.904813481866257     
   1.50791970577653     
   1.41710728921813     
  -1.40705925134798     
   2.06567906405294     
 -0.788418265493489     
 -0.708670680624056     
 -0.120918197579961     
 -4.189769345130952E-002
 -0.726790858318123     
  -1.70037891594105     
  0.270162945991204     
  0.889417695985565     
   1.08505841082449     
  0.247932106459124     
  -1.27240243928602     
  5.255749507818134E-003
 -0.479966047386312     
  0.469149000580262     
  0.709121072754594     
 -0.476173702689819     
 -7.107382872188996E-002
   1.26056113367900     
  -1.27267391268109     
 -8.805627855835391E-002
 -0.451089462163438     
  0.253478918967838     
 -0.148394476696470     
 -0.442347987059125     
   1.24458433682213     
 -0.413920856347132     
  -1.33300947241340     
 -4.440169006952015E-002
 -0.627346587033942     
  0.435583082795609     
 -0.577234555637864     
 -0.638235616452186     
  0.284274204626133     
 -0.840528791054135     
 -0.752449378370854     
  -1.05862345113315     
  0.886248195993372     
  0.814040311391838     
 -0.282819269331423     
  0.255054436615873     
 -0.710853401367611     
 -0.384217687384487     
  0.428709238716642     
 -0.910962364336198     
 -0.383420361687157     
 -0.377649645569754     
  0.653564308858106     
  0.324671374890455     
 -2.769522401563454E-002
 -0.659397649021028     
  0.677524043158466     
   1.66989685861841     
  -1.18306430071934     
  0.427101379590404     
   2.34508492063506     
 -0.141041781049134     
 -0.711340040368877     
 -0.903128266188217     
 -0.501959662277750     
   2.21791354919877     
 -0.686839713703102     
  -1.65805355349493     
  0.899693297197475     
 -9.725895002366411E-002
 -0.233202874749420     
 -0.532156309173822     
  -1.28149296021969     
  -1.24943661537177     
  0.464073245370226     
  0.798056386592829     
  -1.41016627227878     
   1.79258600922576     
   1.18633033675316     
  0.230350826047835     
 -0.463449687817072     
  0.518340162776856     
   1.08517393397577     
 -0.340180619790519     
  0.248088321923390     
 -0.442371040166349     
 -0.490618052519324     
  0.514860239960214     
  -1.76645416057370     
 -0.942613202227738     
  0.688262003131126     
 -0.414487596047906     
  0.145743516643833     
 -0.404622433429650     
 -0.364137402552419     
  0.538940799043578     
  0.168810248719422     
 -0.514791363039953     
 -0.726715833719978     
  0.528102622420606     
 -0.437630199382619     
  0.212172146757851     
  0.424698631147531     
  0.606780130200666     
 -0.612579802301037     
   1.88243758021646     
  -1.05648921915829     
 -0.544001345582576     
 -0.431735477685950     
  0.431588523171891     
  -1.07098544104864     
   1.33498485024335     
 -0.365103326110944     
  0.542141579139471     
  -1.01583864884782     
   1.45729120104161     
 -0.321389790971792     
   1.22035722525291     
 -0.619606191111603     
 -0.498306995417420     
 -0.436319851173121     
  0.476742173323747     
   1.26716808438250     
 -0.270982999314353     
  0.178388874590630     
 -0.778640770790336     
 -0.495684090970699     
 -0.151387734009063     
  0.631467143228022     
  0.401876440034396     
  0.274773822121939     
 -0.310727105182086     
 -3.107822826977780E-003
  0.159596096114631     
  -1.08147307824425     
  0.595000609398206     
 -0.293173729530033     
  0.559530480037406     
   1.39940010564323     
  0.889884918773102     
  -1.21215386375426     
  0.341890211541990     
  -1.72249505676191     
   1.84882129844682     
  0.501290728569619     
 -0.462095508357220     
 -0.921257202750836     
  0.644167931310989     
 -0.424893615565489     
  0.174527795144735     
 -0.144065400005607     
 -5.281695414023589E-002
 -0.285867168004553     
  0.905675458332391     
  -2.27350777230541     
  0.951061079633863     
 -0.617355874054808     
 -0.513841236096923     
 -0.867315965500750     
 -0.608125948281092     
  0.921506289523131     
 -0.851372445180844     
 -0.252645383869965     
   1.12522006825254     
 -0.549421005987907     
 -0.697510756633645     
  0.627395846528539     
  -2.43954360630153     
  0.574835425572869     
  -1.54349846672547     
 -0.509785494376122     
  0.351249473804609     
  0.163072953050363     
   1.19856577359281     
  0.187280504773119     
 -0.786132376997121     
  -1.06451209003411     
   1.76278641871337     
 -0.592395383282474     
 -0.343640529467509     
 -0.710741901242367     
  0.473429463552400     
 -0.916478588723791     
   1.57867764882875     
  -1.68035739255769     
  0.191620950504634     
   1.25863842896441     
 -0.581226366638374     
  7.449790101583943E-002
 -0.648764233893497     
  2.578357281999902E-002
 -0.260927545388235     
  2.942767606184631E-002
  4.329722685610639E-002
 -0.144810673912154     
 -0.922689473994571     
  0.383074879856406     
 -0.509534177695519     
  -1.51755503654535     
 -0.231975139394240     
  0.682233163136994     
 -0.416168853799432     
 -0.397424155794447     
  0.797863474309907     
  0.140921158248555     
  2.584830799569973E-002
  4.288391888665810E-003
 -9.879495917166983E-002
 -0.166815179519923     
 -0.133237078494210     
  0.538125580810689     
  0.513401126248600     
 -0.888660100371339     
  0.798651081934937     
  -1.60009541021511     
 -5.999334549740693E-002
 -0.756567893893467     
  0.218089446758743     
 -0.601894180816332     
 -0.458761193562404     
  0.215515857062822     
 -0.163474012521459     
 -0.440999675596324     
  0.123469715593736     
 -0.775942219006194     
  0.462967887428956     
 -0.397022544341320     
 -0.347897012459027     
   1.74379084805569     
  0.154969642338842     
   1.13970201719886     
  -1.01201478092924     
  0.905679340432591     
   1.32772817645960     
  2.038075325442455E-002
 -7.957629430801927E-002
  0.284495871035079     
  -1.65923543831510     
  0.776441728970311     
   1.64710210902207     
 -0.933380914785797     
   1.16451133866684     
  0.587189839411984     
  -1.69873767273264     
   1.69545616324261     
   2.23992343170448     
  0.709578875657108     
  -1.75668218014320     
  -2.35455132574048     
   1.69252898432097     
 -0.565551919022918     
 -0.561133305400664     
  0.545236176945909     
  0.876587561800153     
  5.860647896215072E-002
  0.941286848174558     
  -1.17365053407684     
  0.856038011729567     
  0.578364657716864     
  -1.36541324795841     
 -5.857316146872377E-002
 -0.427606913862976     
  0.506745080275190     
  0.827857119377112     
 -0.960298060971874     
 -0.929528432320016     
  0.322614315745333     
  0.172970272589627     
 -0.225497289136737     
  3.773520489524792E-002
  0.160980495972817     
  0.578899532257236     
 -4.211954909228898E-002
 -0.617213722991578     
 -0.307868111873339     
 -0.319144391788128     
 -0.597432107315088     
  -1.17108185542914     
 -0.438395705148472     
  0.574829556871268     
  -1.34516306818655     
  -1.94130494858465     
  -1.39650470136240     
  0.277552152743340     
  0.175307883898433     
  0.737310535944904     
  6.078834753838137E-002
 -0.425541644357948     
 -0.189281640717463     
  6.551987846679044E-002
 -0.878528319669194     
 -0.410980641528144     
 -0.191681088784728     
   1.22193077336528     
 -0.337139695485471     
   1.23011804418927     
  0.140907525316428     
 -0.310497765667767     
  0.528943022664439     
  0.290414557822072     
  0.738699552127573     
  -1.64769303137672     
  0.503246158549971     
 -0.931048037630248     
  0.647954226833636     
  0.158872216356053     
  0.104447554587023     
  0.170714541224294     
 -0.304910304122440     
 -0.716625511241763     
  0.721599210731603     
  0.351852334178178     
 -0.847061246818875     
  0.930262306348933     
  0.863478803950101     
 -0.733335367003478     
  -1.17169885909101     
  0.405937832158697     
  -1.66179264732560     
  0.544974945017240     
  0.299169321216801     
 -0.342505576614488     
  0.231998600933528     
 -0.624552950658088     
  -1.36141117761481     
 -0.253992592209221     
 -0.324429214158633     
  9.847443661390275E-002
  -1.01599452808545     
 -0.837284501783708     
  7.201017693099229E-002
  0.400836196228294     
  -1.52259239455801     
   1.30674803286021     
  -1.82384624439579     
  -1.01794071255609     
   1.24458159519934     
  0.225380469192496     
 -0.344490252760931     
  -1.07045521794532     
  -1.47863198347297     
  0.592620102936793     
 -3.515575859761178E-003
   1.22702317424454     
  0.372011845813397     
  0.233018269778246     
  0.295087313516790     
  7.433826234715504E-002
   1.90983883818199     
   1.52459754655373     
  0.184251611207821     
 -0.588902390275753     
  -1.96249254533390     
  0.423623607676299     
  -2.64999871543155     
   2.82582513249333     
   1.04668989261267     
  0.931593567070341     
 -0.534582020294550     
  -2.39590212262394     
   1.98617711240442     
 -0.480153193092272     
 -0.223213742576926     
 -0.510650690838010     
  0.648320279659331     
 -0.975553547364791     
   1.43559979213652     
   1.57415455962977     
  0.104809004739050     
  0.264394202510358     
   2.39857489402898     
  -1.28359798262196     
 -0.207586022712113     
  0.136638682017601     
  4.051686063917020E-002
  0.645204626171511     
  1.971733019674885E-002
  -2.19505767320647     
  0.319832812730198     
 -0.803055595645388     
 -7.924398769652782E-002
 -0.476244085787879     
  0.238798460834671     
  0.541115790569695     
 -0.695399434270889     
  0.956624416035394     
  -1.74925552471990     
   1.34426212672552     
 -0.856313561039484     
  0.217530987488373     
  0.156603336410050     
  0.583625599029739     
   1.08203868195461     
  -1.95838366319557     
   1.49519309973587     
 -0.649860316034359     
  0.380304547899938     
  0.622927613555685     
 -0.790865848452173     
  0.976299904363514     
  0.252518414849613     
 -0.250387409318439     
 -0.690301770935238     
 -9.123310140229378E-002
  0.425681256033151     
  -1.98722247270487     
  -1.11849160975320     
 -7.602061755701221E-003
   2.13082084228069     
  0.606970436208534     
 -0.796964698662362     
   1.02243392935364     
  -1.02698680273653     
   1.18388767823523     
 -0.355318552526726     
 -0.376299275282169     
 -0.515141786307987     
  0.484321995222239     
 -0.267298978855250     
   1.74858947997747     
  -2.04867071253828     
  0.262418302263823     
 -0.679252177748998     
 -0.112775888093942     
  -1.42100212044038     
   1.32925308597747     
   1.41238616617895     
 -0.638076027179539     
  -1.09978513833182     
 -0.793212328027304     
 -0.534440628226481     
  0.817717017610618     
  0.811214671373762     
  0.655185261846267     
   1.00567934646318     
  -2.26346719246693     
   1.26748595928970     
  -1.28292696203716     
 -0.675218309585360     
   1.01982115173650     
  0.538616951038570     
  0.327710902063334     
 -0.404474463969441     
   1.00265335695055     
 -0.278230544215924     
  -1.39902162179663     
  0.283893721835210     
 -0.661134986226997     
  -1.05350457504060     
  -1.05893258038027     
  0.523169560672345     
 -0.221408815655679     
  -2.28757440069773     
  -1.42369240814662     
  2.310696402700682E-002
  -1.43989293277119     
  0.207152308039336     
  -1.03121265309697     
   1.68719437832486     
   1.24891867946664     
   1.32638134561095     
 -0.399784715596944     
  -1.09229799382418     
 -0.581534561346979     
 -0.252194008646720     
 -0.734894332713029     
  0.350417671408907     
 -0.360478560297205     
  0.372797954920305     
   1.58291505966061     
  0.394558324766490     
  0.455817418832166     
  -1.49133711319016     
 -0.669351419023860     
 -0.621368030834156     
  0.492903836694378     
 -2.364815482844418E-002
  0.931293237011678     
  0.203035205907882     
 -0.207547982770973     
  0.376585267900728     
 -0.860835394537135     
 -0.217829606285539     
   1.01562060457090     
 -0.816724164124314     
  0.792699492767860     
 -0.721595071101558     
 -7.941076244381380E-002
 -0.209461076128464     
   1.09102485148832     
  0.341820249985006     
  0.286345825494340     
  0.253276253123374     
 -0.786529376779157     
   1.18105619175500     
 -8.157179429363670E-002
  0.458545240341333     
  0.396954868598187     
  0.333258660881118     
 -0.371242390790395     
  0.691295297221457     
   1.27973046340590     
   1.29757003397683     
 -0.185802373342370     
  7.756816873354551E-002
  7.471318338326398E-002
 -0.332487233575287     
 -8.222622964046206E-002
  7.880441019522712E-002
  0.516150164049918     
 -0.521971070032392     
 -0.295947641569988     
  0.945443998208282     
   1.62650499163171     
  -1.07008168359716     
 -0.533404704409379     
 -2.276003040773153E-002
  -1.03110936664539     
  0.377087757406987     
  -1.81532904272200     
  0.817171596144988     
 -9.919114711792199E-002
  0.750760077845148     
  -2.75048988661254     
 -0.186027537572351     
   2.39990335665456     
  0.351440243532616     
 -0.229013836375684     
   2.01791152281694     
  -1.00655868909416     
  0.606785492182841     
  -1.91410179589288     
   1.66496458605619     
  -1.61242084366476     
  0.758280945889057     
 -0.653291482031943     
  -1.82014709055729     
  0.381240058633588     
  -1.30589070572182     
  3.787922612479255E-002
  0.352847907273648     
 -0.250411108258027     
 -0.769073356672604     
 -0.746662011201514     
 -0.514708183704967     
 -0.680904217331605     
  -1.12309634984104     
   1.54120045447710     
  -2.30605256523291     
  -1.10920899607851     
  0.414024140764533     
  0.979282986597602     
  -1.32618323544234     
  0.371145178789868     
  0.939425795116388     
 -0.124262189470614     
 -0.997685865537718     
  0.849540909266189     
 -0.331365828217306     
  0.200126713366498     
  -1.87834048270967     
 -7.004401914019265E-002
   1.29884630202850     
 -0.856210803174083     
  2.991623142477351E-002
   1.62743979190379     
 -2.587926762795489E-002
 -0.897898823247582     
 -0.242683705491690     
 -0.494992886032274     
 -0.463853142611234     
 -0.842268927851687     
 -0.157174763698096     
   1.32266573415704     
  9.806332187071760E-002
 -0.289380290619040     
  0.504453032006809     
 -0.492682849294401     
   1.17173141551662     
  0.921607788611412     
 -0.161406294118966     
  0.364601257200411     
  0.979626886913155     
  0.895213267507447     
  0.476583286224399     
   2.03755325225013     
  0.292993591847274     
  0.978104334689982     
  0.663800469474398     
  0.302698414886670     
  0.743685181656967     
 -0.769851018140693     
  0.156108985195725     
 -0.497158643076855     
 -0.420702623917229     
 -0.961161172272863     
  0.591961526488630     
  0.163187003918503     
  0.285151268230699     
 -0.246913253902068     
 -0.818310342587369     
  -1.29415074726230     
  -1.04200909650875     
  0.158726674124441     
 -0.123002574718038     
 -4.225276646042265E-002
  0.581710357408841     
 -4.676192499959642E-002
   1.38689991093697     
 -0.966165844789059     
  0.842446588173653     
 -0.644945243368755     
  -1.56218023619220     
 -0.445810746571095     
  0.121381777364764     
  0.244717391726613     
 -0.455947200664049     
  0.395425087110452     
   2.96056041806552     
 -0.189605035989539     
 -0.170106134563805     
  0.526297130520881     
 -0.234748601182186     
 -0.194233522934210     
 -0.344220303969341     
  0.176291032991520     
  0.503896576141187     
  0.471051977981863     
  4.765058669682443E-002
 -6.337802939443374E-002
  -1.02287709220144     
 -0.631685063786394     
  0.856848334620773     
 -0.483829759337588     
  0.234144487219027     
 -0.107620220066920     
  0.496518792985087     
 -2.123242463776244E-002
 -2.866999761023684E-002
  0.205048215611327     
 -0.326366250196518     
 -0.396959978339117     
 -0.350306771720804     
 -8.229099584275894E-002
  0.397745540277213     
 -0.157102710021284     
  -2.27364957492550     
  -1.06650761968424     
 -0.613393604829283     
 -0.327629713207968     
 -0.174510779984214     
 -0.133400361496302     
  0.136796348230046     
  6.201292741448767E-002
 -8.962567068388935E-002
  5.281724274216584E-002
  0.896825501564030     
 -0.354052342997014     
  0.195072824744858     
 -0.648014541284861     
 -0.748532289110685     
  0.115297658459914     
  0.583728336180145     
  0.592299382035336     
   1.19754194916929     
   1.05584596668902     
  0.159487085479577     
 -0.808582474100485     
 -0.255775005713494     
  0.189972428494032     
  0.190959052647008     
 -1.195150057290375E-002
  0.311207570580192     
  0.100488186333277     
 -0.135155379105273     
 -0.518164994955548     
  0.340427203024039     
 -0.547019909468178     
 -0.367661763696455     
  -1.42627072612853     
  0.689069474419767     
 -0.731086021829785     
 -0.532671684310374     
 -0.377595816840262     
  1.829475696455696E-002
   1.08729766965795     
 -0.145659548105776     
  0.412075159542546     
 -0.221313194898771     
  0.972687696630944     
 -0.449218317042982     
  0.768915524154628     
 -0.884179503357760     
   1.43120322088145     
  7.145567391129914E-002
  0.167790297070204     
   1.46329026787737     
  -2.17946077185402     
   1.03062125082486     
   1.50225691899306     
 -0.608402381163173     
   1.49132676718813     
  -1.35305167168334     
 -0.257814709115976     
 -0.448726774337430     
 -0.128385553578430     
  0.165983340413487     
  0.461707556244955     
   1.48880632407426     
 -0.130622883786166     
 -0.158860450409053     
 -0.155609754710687     
  0.934750806110886     
   1.62993926483033     
  0.796128735909112     
 -0.381119716973308     
 -0.215956515392894     
   1.13492340101994     
 -0.168513297748199     
  -1.07394938403161     
  -1.16871739962443     
  0.220481110973795     
 -0.237352580309046     
 -0.652024898920680     
  0.812393809211348     
  0.601472201136965     
  0.477093346828356     
 -0.607253753266440     
  -1.00948758691182     
  0.728567792739277     
  0.918138554295731     
  -1.08677986062052     
  0.122147553609461     
 -0.129818005789398     
   1.19496964655137     
 -0.700520711317245     
  0.142882500813333     
 -0.623863128436458     
 -0.850221898425660     
 -3.568315816646800E-002
  -1.22695557317948     
   1.06886341830870     
  0.105992396405240     
  0.727909737536619     
 -0.255975360456421     
  -1.61202304139537     
 -8.598076901464365E-002
  0.646839393448022     
   1.39543537998702     
  -1.90116307448771     
  1.729963630412082E-002
   1.02482590830085     
 -0.429498490492260     
   1.47795218403149     
 -0.268069083545787     
 -0.836595913960697     
  0.326567890760994     
 -0.719823511769966     
 -0.679656344827087     
 -1.695114157753126E-002
  -1.94978115111907     
  0.475740572951603     
 -0.230489863750298     
   1.78915765874754     
  0.345876648074221     
  0.325252165728870     
  5.739414099873418E-002
   1.02818113358830     
 -0.146288420360023     
  -1.42089715695408     
 -0.855515341496583     
  -1.45153825427819     
 -0.796635127152851     
  0.985716359249252     
  0.568562552169292     
 -4.238124452945111E-002
  0.305811916688105     
 -0.365814589119107     
 -0.126812718597095     
  0.134195562803339     
 -0.700706197227646     
 -0.339759843972284     
 -0.851338815443205     
 -0.189080619092439     
  0.716470075917909     
 -0.205582872776335     
 -0.904881437822371     
  0.946250718220396     
 -0.491343545040692     
   1.46950560247256     
 -0.331964597497701     
 -0.572587383529589     
  -1.28755095973320     
  0.808104060002144     
 -0.473923508504944     
 -0.103039674447930     
 -0.948184643434288     
 -0.106859477386712     
  0.306298220869518     
 -0.707384941332710     
   2.12018153229962     
  0.131863188636658     
   1.20835628498226     
 -0.130241829309123     
  0.139089021528625     
 -0.852409503152291     
  0.370784642037708     
  0.459624477264436     
  0.433684905078059     
  0.503347637732770     
 -0.697575445868725     
  0.129833565894573     
  0.682064439374184     
  0.103714062991797     
  0.635497631283726     
 -0.794689602162522     
   1.11755165994551     
 -0.270228619524342     
 -0.121900082309343     
  0.653795171787632     
  0.145151206114868     
  -1.89859010242786     
 -5.968413607184578E-002
  -2.05463138132409     
 -0.165994103445875     
   1.64632109651935     
   1.17181224130991     
  -1.78964556260189     
 -0.515883110494753     
  0.327106539297531     
 -6.086460978519675E-002
 -6.727119270989146E-002
 -0.150266576250767     
 -0.575000382264896     
  -1.03007729262407     
   1.69783329545133     
  0.495060870694105     
 -0.352449326170257     
  0.408158774947574     
   2.67171155910128     
  6.077470038724696E-002
  -1.01652308051932     
  0.712725304110077     
  -1.23088668726660     
 -0.467218599572812     
 -2.595327281285779E-002
  0.959221823008884     
  0.373286375460144     
 -0.993602128118896     
 -0.296165490502682     
   1.52440537788036     
 -0.453726851931540     
 -4.161229043886909E-002
   1.54139100015584     
  0.508212068920020     
  4.363818427988363E-002
  -1.38545744368573     
 -0.553412384546766     
  -2.05761987227341     
  0.956807847454256     
  4.586643415056066E-002
  0.651323817030528     
  2.438564293223297E-003
 -3.106498807914434E-002
  0.639498004353564     
 -8.627205091859658E-002
  0.124681270061754     
 -0.292907752882917     
 -5.690072637917728E-002
  0.204689519349424     
  0.438577250994533     
  0.430047172237817     
 -0.248047435499080     
  0.302704307653717     
 -0.362483721985077     
  0.361131750152858     
 -0.838801125993458     
  0.759065574475723     
 -0.673312365541997     
 -0.742212434718652     
  0.182864377126160     
   1.70146676379177     
  5.025101670944825E-002
 -0.594716933693428     
  0.936215226774894     
  -1.25733287715120     
  0.682938582389721     
  0.595074493408236     
   1.67974504757973     
  -1.04274313768138     
   1.82420782063822     
   1.23586516424810     
 -0.813015958369365     
 -8.387691158360511E-002
  0.341770548745080     
 -0.111847025329403     
  -1.01470483927924     
 -1.277888018086842E-002
  0.830695486613324     
 -0.176897540604151     
  -1.89178397378264     
  0.307305725228049     
 -0.346370244936768     
 -0.548818399631388     
   1.21267332079694     
  0.219026960126200     
  0.605511521136873     
   1.64913491735345     
 -0.376991880226565     
  0.628851229210645     
   2.53272284772590     
 -0.788831916980768     
 -0.851027384530619     
 -0.968186054536308     
 -0.363573845502651     
  0.897235784154443     
  -1.46583050820386     
  -2.02769097305769     
 -0.457007631066909     
 -0.957147246773058     
 -0.760836534244592     
  -1.51518442819829     
 -0.598541807646979     
  0.942996957670298     
  0.949273968683842     
   1.00807095298307     
 -0.939414098544832     
 -0.340613274380238     
 -0.600931781612018     
 -0.904952192380741     
  0.183106409746040     
  5.413351436650367E-002
  0.687393414354504     
   2.00455266259927     
  1.150764337155463E-002
   2.70951090678822     
 -0.906146501419064     
   1.20333535290777     
 -0.268306064700669     
  -1.57702357076823     
  -2.18762752169500     
 -0.460646558862877     
   3.23026512314774     
  0.648594377198256     
  0.782864680087353     
 -0.611783132716048     
  0.338791352582815     
   3.30540157583081     
  4.014949455584294E-002
  0.913964923601891     
  0.172948931398841     
  0.316027319660023     
   1.00399839694414     
   1.12882331875142     
  0.477915456047743     
  -2.63751461103960     
 -0.523003298697613     
 -6.468601487926924E-002
 -0.122210439158669     
 -0.586400455561465     
  0.510663711082115     
  0.220503074608818     
   1.14800413555517     
  0.234119334062522     
  -1.77942016742007     
  0.243933047764169     
   1.25711623010080     
 -0.383274130551367     
  6.391575528096119E-003
 -0.728942055067377     
 -0.479060605636665     
  0.375941025142029     
   1.24675830154018     
  -1.00328951926377     
  -2.33767268525657     
  -2.34913782282399     
   1.22169121834928     
 -0.145627118241385     
  0.431650212160274     
 -0.242667766592375     
 -0.112738007510221     
 -0.773139580245946     
  0.448455811902587     
 -0.613817451210363     
  0.466825841091011     
   1.54548450905270     
  0.700845636020946     
   2.04797081365337     
 -0.794456267796779     
  0.340841836958736     
   2.79909303783663     
  0.896478130030355     
 -0.439222330298787     
 -0.967091290698570     
   1.15408386405190     
  0.402693949721904     
   1.68520039738767     
   1.18577700527778     
  0.481430009095165     
  0.376552589025039     
  0.328807502415356     
  0.231397118051538     
 -0.526084115214069     
  -1.13151680200378     
  1.462594393601842E-002
  -1.32828965216578     
   1.73341608298631     
  9.578898124359470E-002
   1.50861374547056     
   1.58774524368950     
  0.607864641089547     
  0.414373413481508     
  -3.02173912269145     
 -5.682036378261163E-002
 -4.829318132377362E-002
 -0.159928848222102     
  0.211111864741684     
 -0.132467774364377     
  8.632022775468064E-003
   1.94997602625203     
 -0.542231972219370     
  -2.11025255268502     
   1.90557159085681     
  -2.57240929348944     
  -1.90551709490528     
  -1.02001309749375     
  -1.49007059929247     
   1.51937813095588     
   2.50929257702877     
   1.52013378601130     
  0.372221164441154     
  0.863707169467430     
  0.956476072916675     
 -0.380335547389603     
  -1.02353394584427     
  -1.00040229872314     
  -1.48388828136425     
   2.60711882209943     
 -0.317845576111257     
  0.549761803404414     
   1.50298370245616     
   1.24027015335316     
   1.82135377144885     
   1.18127645759200     
  0.244255280364102     
  0.645838554176579     
  0.508185923898063     
 -0.318432407238536     
   2.00194972838724     
  0.640443740328764     
 -0.935542828294068     
  -1.27485036403374     
   1.26724227167342     
 -0.901963128598883     
  0.607818831959691     
 -0.198698150802781     
  0.872283889179922     
 -0.370235601296635     
   1.50128215408912     
 -0.421404045429104     
 -0.508474727272875     
   1.35839413006740     
 -0.175065016287636     
 -0.876850034176456     
 -0.360513582991298     
  0.330816036638766     
   1.36264830638126     
  0.670462818297026     
   2.16925444105203     
   1.37975015469882     
  0.422307599154687     
 -0.463410212426476     
 -0.209962869515631     
 -0.779644831153504     
   1.48444900397139     
  -1.82364581407593     
  0.336036756073813     
  0.892753125436140     
  0.710969044064539     
  0.574132065283317     
 -0.541164517940192     
 -0.147578726833817     
  0.695059222436843     
 -0.652606874590121     
 -0.770284651938108     
 -0.364863544221747     
 -0.573318144672632     
 -0.551375624317609     
  0.440407961759235     
  -1.72916722769080     
  0.377802659892469     
  0.199317542314534     
   1.27149974958124     
  -1.61793316978439     
  -1.02563307461070     
   1.11732969546938     
 -0.672396004093921     
  0.322160003585123     
  0.411078713551714     
  0.284293926874117     
 -0.367970790905946     
 -5.702369411516890E-002
 -0.641381313507308     
  0.687172442101160     
  0.200344925584043     
  0.218700073764246     
  8.270147299333785E-002
 -0.383438302176461     
  0.974858606326744     
 -0.178181658940716     
  -1.27311090268970     
  0.627834634527428     
 -0.184248660312589     
  0.802027151514944     
  -1.17512252024151     
  0.101428931357949     
  0.617478206078648     
 -0.652500791525130     
 -0.860035880327022     
  0.365204548306347     
 -0.564410459670390     
  -1.22481115267503     
  -1.66299075727508     
  0.325454091915823     
  -1.13712453244780     
 -0.265746458727058     
  5.486121806231343E-004
  -1.18287236059358     
 -0.218329576222254     
 -0.791375086684340     
   1.17559891333522     
  0.160254346565082     
 -5.884029154007737E-002
   1.36343205320706     
  0.460637967584271     
 -0.803917826578720     
  0.548628366435505     
  0.130872529075106     
  0.307628988470487     
 -0.761252177965719     
 -0.255418199855027     
  6.865008621167595E-004
   1.16999119239950     
 -0.421045523592351     
 -0.175194830987768     
 -0.101375479680378     
 -0.133872574640110     
 -0.231793458152235     
 -9.897829403798572E-002
   1.48453133702269     
  7.977293608085120E-003
  0.868973013782676     
   2.38339027122339     
 -0.811351173068112     
   1.52503543179304     
 -0.657356708627776     
  0.562246827888135     
  -1.31923602506086     
  0.818454095191142     
  -1.94295661081639     
  0.707846618375300     
  0.266396231993034     
   1.05799226960637     
  -1.53235146431293     
  -1.58106546204476     
  0.775054997777216     
  0.523584420833405     
 -0.490417348926351     
 -2.915232450196757E-002
  -1.69258200604539     
 -0.787503977646469     
  0.846868627125780     
  0.179063476632835     
  0.475680288625417     
  0.692791841403959     
   1.62773041522026     
 -0.880352453566694     
 -0.455205724215898     
   1.43379735149624     
 -0.318761473594835     
  8.875561702998815E-002
 -8.574861045790493E-002
 -0.377173617263321     
 -0.548740335661764     
  -1.40043119080393     
  0.461266509536261     
  0.649802301647102     
  -1.10519153879735     
 -0.324903274399681     
   1.10488695712107     
 -0.234324934263470     
 -0.636901071825059     
  0.397712619243632     
  0.397472707524921     
   1.31194649374543     
   1.77055761458020     
  2.702023854300534E-002
 -0.341165594599665     
 -8.166077061378912E-002
 -0.139336875286240     
  0.790285227881825     
 -0.386457725531220     
  0.457968943059454     
 -0.492025920170984     
  0.537669252350478     
  -2.00819909915465     
  0.483268634531781     
 -7.128968650192205E-002
  3.528869434764402E-003
 -0.440888360250475     
   1.77142537921610     
 -0.698252316480945     
  0.686924683458900     
   1.18158710590101     
   1.08215311161794     
 -0.976718795022367     
 -0.112460800290739     
  0.763580650037670     
 -0.425433470645601     
 -0.106865388012408     
 -0.806113300983044     
  -1.95355392339725     
  0.594090075575259     
  0.981501838747987     
   1.01756088987454     
  -1.53621634552244     
   1.52104339324004     
  0.464779868687284     
 -0.619872886219692     
 -0.975020884914282     
   1.83451451344468     
 -0.219195469968759     
  0.817352421513902     
 -1.999099403897752E-002
 -0.529880023217398     
   1.48791180714559     
   1.08350614145747     
   1.69355066096833     
 -0.818389596658710     
  0.359479959671564     
 -0.646887593373173     
  0.640152144818809     
  0.215378727840207     
 -0.412478668964813     
 -0.519370555597369     
  0.860326599704767     
  -1.28397547907552     
   1.07988456647783     
  -1.05649510664344     
 -0.180446369507609     
  0.305973329294221     
  0.715209790786879     
  0.860755245275055     
  -1.02357002414103     
 -0.340400737852461     
  0.700725562578355     
 -0.177811213905471     
  0.787631578430066     
 -0.525353922280059     
 -0.452806182483508     
 -0.742461340606580     
 -0.599511792269332     
 -0.366390862019180     
  0.340986441929195     
  0.695177347820225     
  -2.15411775046520     
 -0.391180783375292     
  0.724691922511055     
  -1.13417580219023     
   1.73291484030575     
 -0.722393364942524     
  -1.06538548539233     
 -0.859561256647298     
 -0.413327688492476     
 -0.626259182109361     
 -6.545145965477808E-002
  0.593398873941996     
 -0.502829942791160     
  0.848125233810799     
  0.331624498208742     
  0.664491729473585     
 -0.332505201288596     
  5.557810275119159E-002
 -0.295365893528883     
 -0.357186106296694     
   1.04093621722979     
 -0.342435312838591     
  0.541011175789936     
 -0.407033715635352     
 -0.344206111631614     
 -0.387610852998032     
 -0.278016824686074     
  0.551417685490200     
 -0.605772772782377     
 -0.603572599636859     
  0.967954728908065     
 -0.967639772619512     
  -1.18327240539420     
  0.854450840487305     
  -1.44683905606455     
  0.402121350293737     
 -0.345358611600728     
 -0.397738408655452     
  0.149070000589783     
   1.63795033397498     
  0.113748215270833     
 -0.436073426123905     
  -1.34149846324523     
  0.713523753409824     
 -0.345050410308622     
 -0.912530954885810     
 -4.366080946301059E-002
 -0.616077545234829     
 -0.103638999810699     
  -1.43494127549340     
 -9.960471770551309E-002
 -0.402783930132947     
   1.41709338018677     
 -0.164563618792132     
 -0.913051258678691     
 -0.193654494901688     
 -0.133555659854918     
  -1.13811244572584     
  0.689686210131538     
 -8.112237774427972E-002
   1.40928107047759     
  0.994567380324927     
  0.790836712305516     
   1.41742478380055     
 -9.688268812591086E-002
 -0.606231619971852     
 -0.889194824508862     
 -0.880272135232981     
 -0.954923454077248     
  0.384550680957080     
 -0.287492674339542     
   2.67078418116776     
  1.498668908418057E-002
  0.680839472625315     
  -1.34765444069269     
  0.138804787138463     
   1.72150002673932     
   1.66140364505959     
  -1.89257291127462     
 -0.453986748214828     
   2.91333447996590     
   1.33136618281270     
   1.53371361901052     
 -0.189399617271265     
  8.107498067702883E-002
  0.493331831437069     
  -1.33869667330969     
 -0.847763940498203     
 -0.788043217570085     
   1.75097134386718     
  0.884130818911506     
 -0.213818467291016     
   1.52438080303883     
   1.27703177371426     
  0.893618382258736     
  -1.00974904873493     
  -1.77052504782921     
  -2.12146738187133     
 -0.496995297726419     
  0.884665212089704     
  -1.49943373620518     
  0.241003246705203     
 -0.840037041331783     
  0.551751568802987     
  0.122542311205499     
 -0.332671811989844     
   1.49029168948341     
  -1.87396023935069     
  0.556385586052791     
  -1.16083210947604     
 -0.675179166021146     
 -0.768267326789333     
 -0.535911133669031     
  0.119357946104314     
 -0.460114431265849     
 -0.839532547017931     
 -0.544582104424349     
 
  0.150397045145420     
  0.220061137494017     
 -0.344343997105690     
 -4.677837487142731E-002
  5.571150557322786E-002
   1.48822349934020     
  0.774036186276063     
   1.28940933416456     
  0.220724116866798     
 -0.800900894861351     
 -0.901648001695600     
  0.271581782850874     
   2.21546633592560     
  -2.39072933405117     
 -0.432673670727439     
  0.809595992048780     
  3.733013300422305E-002
   2.49375291661901     
   1.79537996782484     
 -0.653833406740507     
  0.618172970959449     
 -0.710827238447060     
 -2.735305338709582E-002
  4.292693209753147E-003
   1.52793296848597     
   1.43495460633904     
 -0.144795506683692     
  0.585042161460764     
 -0.265127645743391     
 -0.533006109758563     
 
  -1.47323273963133     
 -0.674240038776284     
   1.40915715138365     
   1.86084146284472     
 -0.318884119859170     
   2.29163935595161     
  0.372212011487391     
  -1.48273179998878     
 -0.603958379370711     
  0.392569361425597     
  -1.39912340007919     
   1.38136922684184     
 -0.592387062712115     
   1.18733455376249     
  0.799127310143621     
 -0.453255193035549     
  0.433921084250337     
 -0.321858162121192     
  0.362279080121845     
  0.313182873778571     
 -0.718843142042495     
   1.39927778174346     
  -1.47791989590579     
  -1.22374291079090     
  0.675262179248216     
  0.701295637958218     
  8.292378038018186E-002
   1.16227800394957     
  8.843320384002001E-002
  0.671306713659276     
 -0.444226896098272     
  -1.02783028900371     
  0.139005122518754     
 -0.259441973236971     
 -1.961072866537076E-002
 -0.974832863229495     
  0.339685910598191     
  0.103907355748775     
 -0.712887598724044     
 -0.955773154489241     
   1.43875856474877     
  7.414895735728608E-002
 -1.855441265835525E-002
  0.326324104532070     
 -0.788509106721654     
  0.646041348826233     
  0.844523955552399     
  0.626250947238698     
 -0.152184928804141     
  -1.19501483823695     
 -0.542723656567257     
  0.838621807241439     
   2.40620957340365     
 -0.349484360813779     
 -0.242677809667759     
 -4.617970260885713E-002
  5.706166390903498E-002
  0.564311025933592     
 -0.972987049120603     
  0.547328153362962     
  0.855550664659672     
 -0.809610047998780     
  0.326190438158128     
 -0.166415925252215     
 -0.350607602646640     
   1.19486792758014     
   1.09188297798650     
  0.340578025764964     
 -0.290963276972935     
 -0.133559306451283     
 -0.995188087221894     
   1.16061852427794     
  8.807895418273554E-002
  0.908622176416124     
   1.44628334832993     
 -0.156581226953637     
 -9.490017729019085E-002
 -0.443926041567105     
  0.232390230350310     
  0.732222840704371     
  0.535042024718863     
 -0.500361214552274     
   1.82239552406533     
 -0.269513907387090     
  0.754728038633749     
  0.258743611706673     
 -0.523027966344099     
 -0.106620887283163     
  9.792144872878081E-002
  4.836362976436991E-002
   1.47000871465792     
  0.509207961690283     
  0.493442320096908     
  0.459711266036076     
   1.68604617622220     
 -9.071993522492640E-002
   2.08177438034845     
   1.93340193350660     
   1.10263633611773     
   1.21781222017651     
 -0.965997472822632     
  0.460326184625798     
  0.845124229984733     
   1.43214090751292     
 -0.161934582807058     
 -0.712882633787194     
  0.847033183472198     
 -0.175791395279715     
 -0.121014045785660     
  0.702982435973415     
 -0.728397482695442     
  0.209005610681318     
  0.715284115641632     
  0.416765416701550     
 -6.051546634781748E-002
 -0.816034982474196     
 -8.797386039902408E-002
  -1.25567336588787     
  0.196157386403631     
  0.500028179005803     
 -6.502694145136649E-002
  0.273085474705585     
  0.142302895267983     
  0.230348561630145     
 -0.488635874797809     
 -1.742108485773269E-002
 -8.336914964306547E-002
  0.392388277410769     
   1.11531744458469     
  0.708733963610560     
  0.556267638146631     
  2.444840880228167E-002
  5.534070614360738E-002
  0.259732433530758     
  0.357684281999420     
  0.256535990302512     
 -0.528689476581270     
  9.706929008534221E-002
 -0.198899344624232     
  0.362685086792042     
  0.201014740548447     
 -0.361206734624421     
 -0.235154961524849     
 -0.479553608226011     
 -0.752893681710265     
 -0.353816822319997     
  0.154826134929987     
  1.271250612782926E-002
  0.554691973514539     
  5.179989011196635E-002
  -1.94027470606767     
 -0.802189067078110     
 -0.817862609680259     
 -1.326303554818922E-002
  0.574739489276549     
 -0.197436557330190     
 -0.520354677764537     
   1.69236429324519     
 -0.473295735987478     
  0.253485090637116     
  0.633692892674086     
  5.739556210970620E-002
  0.115561569529979     
  0.468114379256645     
  -1.26116340895801     
 -0.363921810336994     
 -0.381796620436754     
 -0.160791422622911     
  0.865193360608339     
 -0.982414519358682     
  0.109056945550377     
 -1.355904799596418E-002
   1.39439582571987     
  0.669960725853060     
  0.922383452835660     
  6.052818923859987E-002
  0.365284045633822     
  0.880786510739565     
  0.240243211192854     
   1.05889759704885     
  0.176438766629968     
 -0.296803185820662     
 -0.906547077976510     
  0.500615662822641     
  0.959478173943133     
  0.617772652267292     
   1.50299804742811     
 -0.882233220204855     
  0.242095816774959     
  0.669680844005903     
   1.23013665088547     
 -0.776545417406607     
   1.04356301108692     
   1.46630936851387     
 -0.601163750709445     
  0.864250353827690     
  0.469860422506332     
 -0.614930391861539     
  8.827310214698683E-002
  -1.64595117639702     
   1.35535297192853     
 -0.337403070596035     
 -0.531514660588388     
  0.644841091359637     
 -6.022231653625303E-003
   1.00656785474117     
 -0.200029381985351     
 -0.807211298154484     
  -1.11238054912284     
 -0.185513792724987     
  -1.42619818886950     
 -0.694157746676079     
 -0.171222980133556     
 -0.795329984413669     
 -0.355726835024828     
   1.03835184735459     
  0.332436048340532     
  0.450097921056532     
  0.357703226574829     
  -1.45732970620030     
  2.220118598624260E-002
  -1.38526619979686     
  0.830088280090331     
  -2.43880729094432     
 -0.716877208045935     
 -0.106779200174331     
   1.49544428794833     
  4.105340177569430E-002
 -9.806260555434796E-003
 -0.422481914917827     
   1.66896012280813     
 -3.782895335001697E-002
  -2.45185765508209     
 -9.038516794568136E-002
 -7.669383511522868E-002
 -0.343858804090016     
  0.243540846115304     
  0.897258623998552     
 -0.276274796792149     
 -0.891891493765229     
 -0.440399253831203     
 -0.148081054144764     
  0.515672454225622     
  0.435830338399699     
  0.255933328617444     
  -1.02448107288436     
  0.422252850052284     
  0.808702931892600     
  0.413395284611574     
 -0.510507073915648     
  8.818269411372032E-002
  0.265681650947627     
  0.493126818551408     
 -0.541725123102959     
 -0.933842243553610     
  6.670641019776558E-002
  0.229746068233014     
 -0.248663750388160     
  0.457543617242482     
 -0.846744584397291     
  5.917797029568280E-002
  0.149314585669668     
 -0.871032583300089     
  0.266915405368302     
 -0.760729792883648     
 -0.663500215418178     
  0.492067669273710     
 -0.250336259538104     
  5.676200942170453E-002
  0.596659148946971     
  4.534442037961207E-002
  0.348945741198171     
  0.761674547811003     
 -0.171333228348480     
 -0.649136976913366     
   3.34671153357737     
  0.229515999521681     
  0.334032106179541     
 -0.630678045670919     
   1.00831643746791     
  0.500571832673301     
  0.286274392652673     
 -0.364830580412597     
  0.482862601086958     
  0.619395054681874     
 -0.470084416467624     
  0.235520330547095     
 -0.431830560876620     
  -1.67787781792325     
  0.516295165029194     
 -0.932579039084736     
   1.31788384889722     
 -0.101908636715765     
  0.163820075361853     
   1.54028572491076     
 -0.122913248346968     
  0.790110157219011     
   1.08298438870021     
 -0.389090336329348     
  0.172830624888983     
 -0.600088510836343     
   1.29541079523738     
 -0.363994770826441     
 -0.779144287647420     
 -0.156510516284140     
  0.303391856095097     
  -1.46316552128098     
 -0.547392954402125     
 -0.188529723043033     
  0.805675869717104     
 -0.115064023775048     
 -0.481091701435706     
  0.415900026650823     
   1.04691713561769     
  -1.96124908393694     
 -9.037776381122232E-003
 -0.769035992428951     
  -1.99803673985473     
  0.239059735103884     
 -0.539388677443878     
  0.901472514778805     
   1.24127001355264     
 -0.232649235954561     
 -0.774520048894708     
 -0.161058240035037     
 -0.134294035188542     
  0.978927330034026     
  0.591796844882617     
 -7.389216026374885E-003
  0.573399041117324     
  -1.63970789500327     
  0.489013541224456     
  0.179310733168336     
 -0.940579573999784     
   1.16676317134411     
  0.754215397919652     
  0.680849909710209     
 -0.160333558846539     
 -1.840888252236793E-003
 -0.112407037315381     
 -0.597178916009791     
  8.998878907503768E-002
  0.910890000696552     
   1.55232321368124     
 -7.346116602693847E-002
  -1.04211110775290     
  1.540037198767140E-002
  0.382302720215944     
  0.803174249150713     
 -0.436567676905181     
   1.05376066268117     
   2.14329499096480     
  -1.16887718578574     
  0.374773803356788     
  0.602968915227604     
 -0.639746413667146     
  0.333656347894628     
  -1.29544786638607     
  0.561423798365786     
 -0.328086049835899     
 -0.109658796362221     
 -0.607716807034726     
  0.615398803889503     
 -0.243070681098721     
  0.786252920755025     
  -1.42649482405175     
   1.51500850273459     
 -0.701977342432019     
  0.184105751619948     
 -0.198009611038062     
 -0.266107674722732     
 -0.544267051963317     
  0.215455203353206     
  -1.22660181534875     
  -1.39926722442921     
 -0.940381351307586     
  0.360041190889933     
 -2.796422650678243E-002
  0.893360394691507     
  0.512542338816087     
  0.538794436623874     
  5.823245763098061E-002
  -1.35482230834213     
  0.111498610480503     
  0.181398165681379     
  0.184653212346818     
  0.140449462543583     
  0.108917993552000     
  0.484349733667088     
 -0.121844994250117     
  -1.26134616576253     
  0.477784883877191     
 -6.090586427005684E-002
  0.186536871981709     
  0.495620428839665     
   1.05275473508837     
   2.20210837222749     
  -1.15958534704958     
 -0.809045959131727     
 -0.976801498771755     
  2.044748885040045E-002
  -1.25789292730632     
  0.486803430288382     
 -0.377955952778710     
 -0.851830743119501     
 -0.233366514673983     
  0.618581317210257     
  5.015091498544207E-002
 -0.921743644006907     
   1.61756443829244     
   1.99847020021354     
 -6.666257984246655E-002
   1.10408427828668     
  0.265793364500542     
  -1.21818681645526     
   1.24760027598634     
  0.248261717552487     
  0.304249876188372     
 -0.370284748648172     
  8.497017000995583E-002
  0.370501319531817     
 -0.248260121273153     
  0.603121081250854     
   1.36321698793400     
 -0.492172609444947     
  0.361860970520897     
  -1.34255586360354     
 -2.577527813702439E-002
  0.754623740496095     
 -2.616262387409905E-002
  0.543692301163073     
  0.669618805836736     
 -4.345243891009870E-002
 -0.190872466935095     
  0.554422587304304     
 -0.744073356454768     
 -0.730975041060650     
 -0.602566562722259     
 -0.588277788372139     
  0.491266912288671     
 -0.570063695409176     
   1.39295509472252     
  0.122315245870667     
 -0.830953073697004     
  -1.90274585176998     
 -0.712812296827848     
  0.922075052900958     
   2.23290829491352     
  8.718874575377795E-002
  0.477285171075289     
  -1.58518973823408     
   1.08198812557695     
   1.23340953781056     
  0.403434124588723     
  -1.23956236206777     
 -0.951540029692744     
 -0.248155254441187     
 -0.906529497108320     
 -0.941078927183542     
  -1.19780503803724     
 -0.464159132744443     
 -0.749472675875357     
 -0.799155027196555     
  0.145180069279228     
  -1.30576733205429     
  0.766297113005081     
  0.226258641484549     
  0.244449382865090     
   1.26232797259250     
  -1.99020968207630     
   1.16267176801713     
   1.06016883523780     
 -0.461742673280224     
  0.436090904225602     
  0.289456722208914     
  -1.20460518753751     
 -0.736530792177705     
  0.996756578793110     
 -0.541639832803828     
  0.776142673086203     
   1.03807760150504     
  0.829256761844518     
 -0.192254095752749     
  0.961210840386956     
  0.683619906369479     
  -2.24648795804619     
 -0.674761775271372     
  0.885822595214831     
  0.158876562749182     
 -0.378209995853916     
  -1.10452778692279     
 -0.839504591731683     
  0.503593879908916     
  -1.69489760753576     
   1.47411676373948     
 -0.174502246210542     
  0.825441530763336     
  0.376500889727147     
 -8.019920451397093E-002
 -5.692151835874772E-002
 -0.608879068055321     
  0.710632816589627     
 -0.824008109237530     
   1.47893080428682     
  0.526867839297262     
  1.507922047061497E-002
 -0.567715954047249     
  0.385511735425258     
 -0.363927838445607     
  0.273257539623876     
 -0.128138413601495     
  0.181311650130124     
  0.133811332752444     
  5.038889949610392E-002
  0.971828627884604     
 -0.679566680783581     
 -0.745824000665959     
 -0.655677778371707     
 -1.252128020468632E-002
 -1.417926547189934E-002
  0.794869716791857     
 -0.585983159933053     
  0.225072882262904     
  -1.19732953838055     
  -1.36403943974512     
  7.874449085187027E-002
  0.489421552244246     
  0.177804513322295     
  0.210589067541738     
 -0.648193756286810     
 -0.792336269865397     
  0.115402956510181     
  0.908851611072035     
 -0.615047153983430     
 -0.444913648791837     
 -4.023809344616689E-002
 -0.411907848064491     
 -0.298270016288259     
  0.140774763836875     
  0.264399971487078     
  0.236196424574092     
 -0.540453294657913     
 -0.243389457093998     
   2.04837190940368     
  0.370404863204224     
   1.48912981124627     
 -0.836723245536038     
 -0.442577194384383     
  0.633838122419755     
   1.88737066047988     
 -0.243538067986561     
 -0.355117048368363     
  4.979374054781560E-002
  0.661555909014603     
  0.803326920854985     
  0.153333273359964     
  0.668506157947114     
  0.481013226698258     
  -1.07892638812216     
  0.426831047233805     
 -0.515238274681260     
 -7.811467799779973E-002
 -0.645002429600458     
   1.06576891348881     
  0.307869524928050     
  0.770203650918408     
  0.671054054236859     
  -1.52445523391647     
  0.210723178727224     
 -1.645693821834663E-002
  0.618912431835771     
 -0.660988819437579     
  0.802394114963266     
 -0.584115145512286     
 -0.113616260755371     
   1.69133939859171     
  0.745318683279620     
  0.249394739094334     
 -0.345726965222590     
  0.254261812226549     
  0.234406926906758     
   1.00342509525449     
  -1.13219682787217     
 -6.721571014013873E-002
  0.255873832855932     
 -0.949884446725510     
  0.503300951198550     
 -0.295310838529959     
 -0.805458075930473     
  0.430689150654042     
  0.757628893165736     
  0.458346409907688     
  0.498516184422156     
  -1.11788974859832     
  0.476998969138963     
  0.863636270114057     
  -1.14378041618861     
   1.34776561836705     
 -0.475083623621147     
 -0.205784254804705     
  -1.50210102991697     
  0.936569829309495     
  0.535856047432804     
 -0.878236568891682     
  0.456512326232604     
 -0.480320689289917     
  -1.15752323312011     
  -1.59838944470100     
  0.415009642990892     
   1.17235052941242     
 -0.264454109535794     
  0.214228649241302     
  0.620442441336846     
 -0.494147921444202     
  -1.04345823993486     
  -1.02961818039589     
  0.459073852014961     
 -0.454958194670695     
  8.847361182759731E-003
  0.664048027519882     
 -0.271062171125725     
  0.438374202037379     
  0.308483628813161     
 -0.402426229070067     
 -0.588355702922340     
 -0.224550405198929     
 -0.176791551800969     
  7.727550502523434E-002
  0.732640446817287     
  0.381703398256087     
   1.24352669552806     
 -0.890017476276556     
 -0.117457569875111     
 -0.897145433509529     
   1.07749488822215     
   1.20522185857999     
 -8.015106793023209E-002
  0.310586699644540     
  0.792105742041661     
  0.858319826112484     
  0.217519401999533     
 -0.658122352210026     
  -1.21931000618565     
 -0.126082087571574     
 -0.316715539677237     
 -5.950044017847821E-002
  0.789028606709383     
   2.01566773299350     
  0.281426739813990     
  0.863825747726343     
  0.881336092710995     
  -1.13503166948079     
  -1.18413853950522     
  0.276132511816659     
  0.507654208791469     
   1.05457991689964     
 -0.226772848229281     
  0.574526158845077     
  -1.34131252411016     
 -0.411836375073384     
  0.859510967363084     
 -0.190234486976375     
   1.14552449770497     
   1.13272503848062     
  0.300197860969463     
  0.898774341438573     
  6.819074034148179E-004
 -0.627940748178383     
 -0.467495872569263     
 -8.237998543696637E-002
  0.277931180313011     
   1.50522969942466     
 -0.424238634563212     
  0.164326743823302     
 -0.167398259801746     
 -0.379189302834816     
  0.657825099954714     
 -0.950880168327736     
  0.942195296901229     
   1.20167127460768     
  0.401325383667088     
  0.452066506954759     
 -0.389649512536457     
 -0.577283175861158     
  0.562500054776743     
 -0.390128598581380     
  0.674081706898707     
 -0.985318042477361     
  0.859451604198269     
  0.938876946134521     
  0.797865422162204     
  -1.11620144112544     
 -0.563586665340117     
 -0.753764470948279     
 -0.289723328566612     
 -3.298556077806776E-002
 -0.574416024064168     
  -1.23974800577166     
   1.00668519227320     
  6.700803319594030E-002
  0.326820400559119     
  -1.81004383672997     
 -5.081999374015998E-002
 -0.550469579004936     
  0.289241508074093     
 -3.711216091197198E-002
  0.850506759451411     
 -0.127309839901035     
 -4.494513699333812E-002
  0.716959034532824     
  0.745211919369853     
  0.586785657500333     
  0.581806875792427     
  0.380044650679817     
 -0.470268986173710     
  0.411900849379010     
 -0.340971516091236     
 -0.188737025967031     
 -0.695708161905711     
 -0.141544410358889     
  0.418202546546328     
   2.75126891835596     
 -0.669916883792269     
  0.477494685794170     
  0.463254458002845     
  0.547971584856557     
   1.11570243758832     
 -0.892752609340445     
  -1.30916126847398     
  0.991728567355756     
  0.346277877929289     
  0.307497437950333     
  0.610495874788006     
   1.10945165629127     
  0.195035494581716     
  0.632335450123005     
 -0.941875880200670     
   1.31039915533686     
 -0.194283324665244     
 -0.100464874560866     
   1.52227167262374     
 -0.205193447571663     
 -0.762243717390945     
 -0.138412853886925     
 -0.882252163074792     
 -0.811514457209642     
 -0.745371969451417     
  0.242247795074227     
  0.140968095715132     
  0.128736787012654     
  0.339089025765576     
 -0.152369392638076     
  0.237174709204134     
  0.811299227863883     
 -0.219828611284384     
  0.830804685804684     
 -3.433669214554667E-002
 -0.509611889002200     
  9.504367289752393E-002
   1.16743522316251     
  0.606051547685837     
  0.683594790555176     
  0.208166254036226     
  7.509291751336312E-002
 -6.128687347546983E-002
  0.276288874281564     
  0.241283157193474     
 -0.191233792760436     
  0.848841218786445     
 -0.118636920360191     
  1.775153169879160E-002
  0.293446586348235     
 -0.703024158187025     
 -0.929162975979978     
 -1.356586102658432E-002
  0.401990767582297     
 -0.461597748341403     
 -0.732626853632403     
  0.135079032258663     
  0.111338869600399     
 -9.579819014758642E-002
  -1.11452326338250     
  0.255887991733925     
  0.757740950403979     
 -0.809616894970930     
  0.297660934290706     
  0.789780047129022     
 -0.432013572372296     
 -0.846106632113025     
   1.25536459589881     
 -0.115668199760438     
 -0.109497267252249     
  2.987569127844360E-003
  4.917491187714800E-003
  -1.19679049696566     
 -0.402316561136901     
  0.615500954601190     
  0.515355353803749     
  3.112789282962546E-002
 -0.415150611156221     
   1.37750425472423     
  0.147999504230199     
  0.877478152646112     
  0.558560857470875     
  0.697811778818837     
  -1.06826426101941     
   1.17661731824435     
  0.228962228745483     
   1.15964783615215     
 -0.566225507642214     
 -0.371212103946983     
 -0.204848613981261     
  0.150571326759725     
 -8.887990636427462E-002
 -8.342488780307228E-002
  0.468969224120585     
 -0.191729503178637     
   1.02779587653862     
 -0.461681747766283     
  -1.62131623890904     
  0.284435370979551     
   1.13141622881508     
   1.02436175473114     
 -0.266528697196530     
 -0.671805870265546     
  0.265610374116705     
   1.14921504873962     
  -1.20885099316090     
  1.223466112012121E-002
 -0.827148567471924     
 -1.087526833806921E-002
  0.879661408437807     
  -1.07898041442511     
  0.338952527251699     
 -0.577960718137775     
  -1.28076521715004     
   1.13795363594944     
  0.600150017720371     
 -0.711975703744127     
   1.04040865514079     
  0.422759407454016     
  0.343348611842946     
  0.174260312605474     
 -0.283986364908543     
 -0.429270279008240     
   1.53504672125500     
  0.293035713668994     
 -1.178747118382654E-002
  0.133907480581973     
  0.917139408244632     
 -0.689478396499291     
 -0.328142475290442     
  0.336020437343617     
 -0.602088404379671     
  9.557387121548898E-002
 -3.551006615749215E-002
  0.283045364856079     
  0.477566801791333     
 -0.183090405926488     
  0.181275147738457     
  6.428259231856309E-002
  7.956686225502380E-002
 -3.304025052217640E-002
  0.944225844035247     
 -9.240001986313733E-002
 -0.262347549565889     
 -8.015827949588192E-002
   1.16359524110099     
  0.359535272388233     
 -0.246757503643311     
 -0.963997647557714     
  0.194273744447750     
 -0.755275870780087     
 -0.723831475596572     
  0.244484241062682     
 -0.437993924604844     
 -0.294386853388147     
 -0.144701068020599     
  0.265606374091887     
 -0.674966241233528     
 -0.692684550583151     
 -0.766631669322173     
   1.13250778976689     
 -0.183836999388112     
 -0.976923514467998     
 -0.712229756803821     
  0.528807374283579     
  0.873660092820264     
  0.500302732321960     
  -1.02359943651767     
  0.802062470839350     
  0.227580799359146     
  0.284468891292653     
  0.287240637340618     
 -0.627488564626286     
  0.324343634089695     
 -0.575823536312692     
 -9.692257548884159E-002
  0.196199118835968     
 -8.452480481315260E-002
 
  -1.31186008780923     
 -0.411871478058226     
  0.165853881623163     
 -0.158113588802683     
  0.442520801421423     
  0.166760070969515     
  -1.30238524338314     
 -0.706546427379039     
   1.06288299407644     
  -1.59762887729711     
   1.29923546489898     
 -0.138125594780359     
  0.861760970424916     
  0.621218774142183     
 -0.933817014840205     
 -0.647789488847819     
  0.375040782584412     
  0.336286434989759     
 -0.186895424177538     
  -1.21459132272323     
  0.683212223411743     
 -0.180468055117035     
  -1.71025232142872     
  0.292819337975555     
 -0.314814714726994     
 -9.505407081752440E-002
  -1.64373934193040     
  0.303110198951829     
  -1.76817987438055     
 -0.192296388497672     
 
 -1.166101970141505E-002
 -4.578849395816931E-002
 -8.613935538585339E-002
 -3.276892620361203E-002
 -0.115608698018472     
  2.729140110673900E-002
 -1.695007240027389E-002
  1.658011148746200E-002
  0.185648926455402     
 -2.938478738103753E-002
  3.618576806539684E-003
  3.654108388587888E-002
  6.692374135911090E-002
 -1.110947281346947E-002
  1.230609075683878E-002
 -1.455246917402272E-002
  3.504098313454158E-002
  0.197791994946884     
 -2.041686435194091E-002
  3.592545567506297E-002
  4.193666427995279E-002
 -4.322083849055514E-002
 -1.976888769787215E-002
  3.222579112384857E-002
  1.859755072216548E-002
 -0.138315486653230     
  8.447100472546237E-003
 -3.579218151328531E-002
 -9.631953302581002E-002
 -2.860379929375962E-002
 
 -5.099142396373572E-002
 
  tansig  tansig 
