 0.663458107774057670E+00
 0.479258374764615436E+01
 0.283359742457365416E+01
-0.156982093183090243E+01
 0.319214124059030313E+01
 0.173032076360753440E+01
 0.632347835149505100E+00
 0.193584561094179186E+01
 0.764638252237127447E+00
 0.137533092115412914E+01
 0.134851372438516054E+00
 0.481577603395353937E+00
 0.248803770651722767E+00
-0.265932600721282275E-01
 0.547250576550947443E+00
 0.172031321238941981E+01
 0.148728392337721127E+01
 0.259387543228416118E+00
 0.184875551125251530E+00
 0.474606394932874820E+00
-0.173461663408479239E+00
-0.433762553399768991E+00
 0.144915252215404133E+01
 0.167781182799633166E+00
 0.150551955607729410E+00
 0.189848251848578758E+00
 0.152210901834706046E-01
 0.848032754853363713E+00
 0.921848722136289767E+00
 0.193303374864437161E+00
 0.233942784621970684E+00
 0.408814589504697345E+00
 0.582404316880367312E+00
 0.305107435191823539E+00
 0.697775034571210706E+00
 0.139886443443190178E+00
 0.185971087702593352E+00
 0.498607905485297209E+00
 0.144089230384614769E+00
-0.263348969402910860E+00
 0.106331482053067861E+01
 0.146222155665879122E+00
 0.214973535643531249E+00
 0.914305870787973790E-01
 0.989771780043568916E+00
 0.786647586230253770E+00
 0.157739020638051985E+01
 0.286009075783605071E+00
 0.401014480708339949E+00
 0.696609725415442527E+00
 0.174881588460309612E+01
 0.681404965772197113E+00
 0.863414496901587336E+00
 0.588352480137772416E+00
 0.734222277479087193E+00
 0.983691558190614490E+00
 0.744670775997987255E+00
 0.430536572696800846E+00
 0.186810813649219587E+01
 0.849853459193397498E+00
 0.120200113356823457E+01
 0.315227623795565570E+01
 0.420821878722970666E+00
 0.473126718720612782E+01
 0.501622395489650930E+00
 0.221537964668468118E+00
 0.387489699903937834E+00
 0.877965644406620838E+00
 0.695462291737672267E+01
 0.517825800205174414E+01
 0.562364086888409553E+00
-0.987371593645484547E+00
-0.184524054459604092E+01
 0.136576571756256127E+01
 0.132333335620827697E+01
 0.234981820443464773E+00
 0.740829185538914103E+01
-0.233031345697390790E+01
-0.509543579799209123E+01
 0.369061380803011971E+02
 0.191222050759897968E+02
 0.328259222952068228E+02
 0.617177627387531302E+01
 0.517702797685444160E+01
 0.143124954828381004E+02
 0.149015672132765111E+02
 0.414044301371249617E+02
 0.904727286983880390E+02
 0.407692894534826422E+02
 0.131502599216805383E+02
 0.464727587156000581E+02
 0.158873404719747697E+03
 0.147443115971696841E+02
-0.441233976485481492E+02
 0.180569668201861958E+03
-0.197761279177791738E+01
-0.760085274848830705E-01
 0.367043065678850988E+01
-0.677753910592600151E+00
 0.895993510468455767E+01
 0.556386411104206058E+01
 0.497867715433531899E+01
 0.180341357677618475E+01
 0.679077639919524856E+00
 0.125544421327640721E+01
 0.741294357830504458E+00
 0.152399628103241325E+01
 0.697960347335231601E+00
 0.326821690324441860E+00
 0.886962842009894503E+00
 0.514151127401849095E+00
-0.166632666222598780E+01
-0.421810890825749352E+00
 0.571438330818077711E+00
 0.325186600689252259E+00
 0.573278719933883907E+00
 0.640202639806405016E+00
 0.619063072795861702E+00
-0.791201742041302336E+00
 0.230626530355636135E-01
 0.176582848278947109E-01
 0.325357252358302595E+00
-0.268581363110937832E+00
 0.426436854066332083E+00
 0.858580415807490671E+00
 0.327991718291111012E+00
 0.291787209290021832E+00
 0.261216761603173531E+00
-0.177163605615034553E+00
 0.564820007949201397E+00
 0.501804712911537498E+00
 0.989422358179353756E-01
 0.961101328556175916E-01
 0.340709409172183453E+00
 0.245541686276069454E+00
 0.208488869498528850E+00
 0.189578037159812113E+00
 0.337755809268242627E-01
 0.406171512108785063E-01
 0.348558606875742027E+00
 0.713998731135936093E-01
 0.515099601626400783E+00
-0.297907797494670612E+00
 0.128506129112704232E+00
 0.170851268697561870E+00
 0.316370203058302768E+00
 0.320552596343739893E+00
 0.722630947000378332E+00
 0.762291197953872901E+00
 0.305295050752103392E+00
 0.332742484743696221E+00
 0.413998324209913116E+00
 0.790978668451101319E+00
 0.819951377424023797E+00
 0.308267101718737058E+00
-0.245249835803234395E+00
-0.325178431029871151E+00
 0.921147197418984431E+00
 0.136950318346002042E+01
 0.709895151700529525E+00
 0.327612659322035760E+00
-0.195995723906182084E+00
-0.329030041312056654E+00
 0.211306768817409063E+01
-0.184205253834621746E+00
 0.300290196565272760E+01
 0.128030628034606547E+00
-0.848511299199968816E+00
-0.133452256622650056E+01
 0.224507157828068848E+01
 0.421480291686035002E+01
 0.228357847454347995E+01
 0.127751081598998906E+01
-0.261121356685900807E+00
-0.543134288041723257E+00
 0.476869542742469044E+01
-0.172419860351842646E+00
 0.966304267429433494E+01
 0.246003261382178540E+01
-0.171314373684320698E+01
-0.464175293919312804E+01
 0.817993594799418133E+01
 0.187384017019572746E+01
 0.230391335785600830E+02
 0.136301450012455607E+02
-0.780001210934173073E+00
-0.268265920746620479E+01
 0.341775769580119118E+02
 0.494370294550313005E+02
 0.673278143668683526E+02
 0.902347133223052289E+01
 0.422041900922793989E+01
 0.392004925414729199E+00
 0.213472357388299994E+01
 0.118891801874960956E+01
 0.691192061080048425E+01
 0.333500165221474187E+01
 0.858962808563738855E+00
 0.264880644259459175E+00
 0.155102427775240970E+01
 0.779154265911739807E-01
-0.665210424822179847E+00
 0.595128897741820651E+00
 0.857965171869527338E-01
 0.359786078378347904E-01
 0.258600323012809996E+00
 0.444832507643521891E+00
 0.110367749802828397E+01
 0.131308525826193101E+01
 0.765670220594827644E-01
 0.449857790149096881E-01
 0.408117580931116108E+00
 0.175278172489875816E+00
 0.272911360866745667E+00
-0.326054363482602083E+00
 0.845371762761346207E-01
 0.681933022187869442E-01
 0.320304472305274146E+00
 0.297991894969480919E+00
 0.244632325423360164E+00
 0.475063896549247633E-01
 0.873028374679001712E-01
 0.733495320100095161E-01
 0.181624887158306110E-01
 0.197372040899576856E+00
 0.236639485154329754E+00
 0.350207262827861965E+00
 0.320651828764464200E-01
 0.271089825422114947E-01
 0.168630370827886872E+00
 0.746881696760805930E-01
-0.562658906300560063E-01
 0.213908840681181267E+00
 0.451625352434327776E-01
 0.469773150804918757E-01
 0.482154309628853722E-01
 0.185070941725851867E+00
 0.971250426759507068E-01
 0.258236836383437807E+00
-0.633856223056477042E-01
-0.690879277344619291E-01
 0.979432003245406940E-01
 0.176315473087193808E+00
 0.272483494515598834E+00
 0.447201825867819813E-01
 0.362364880871264422E-01
 0.411229237137138923E-01
 0.159751223081363775E+00
-0.127147380590173636E+00
 0.494696318360543286E+00
 0.860243331564109204E-01
 0.111556922892723759E+00
 0.140888807113268677E+00
 0.357639973538113276E+00
 0.214724230368244035E+00
 0.144665780653961740E+00
 0.155432380117816016E+00
-0.345320255769373669E-01
-0.515778819799854807E-01
-0.234100296995197674E-01
 0.335625480472699578E+00
 0.937665863697711988E+00
 0.706033448396954505E-01
 0.203293623821541952E+00
 0.316221944140854583E+00
 0.354608048947758991E+00
 0.984230278973656891E+00
 0.413395540573711695E+00
 0.331930430223288997E+00
 0.122064053456631139E+01
 0.225541737340888426E+01
 0.236809508984441219E+01
-0.104270063777004873E+01
 0.788881880314836637E+00
 0.444412618408165427E+00
-0.974360298176953465E+00
-0.239559608815458169E+01
 0.155750833439185854E+01
-0.481187269920150762E+00
 0.431465052698833862E+01
 0.390071491164928474E+01
 0.439718126824454991E+01
 0.148215469919310063E+02
 0.151093493828420975E+02
 0.149897217480672822E+02
-0.329071597365012547E+01
 0.300014321280819019E+01
 0.826342665549657873E+01
