 0.450533007002955088E+01
 0.580693262202020399E+01
 0.572612703897981223E+01
 0.367131675306645189E+01
 0.418175248384640863E+01
 0.432443620717690003E+01
 0.108491506612222333E+01
 0.149240251752905317E+01
 0.147633440731650922E+01
 0.167116152766463300E+01
 0.191781136525828844E+01
 0.182540598086267392E+01
 0.765678346335473603E+00
 0.687519307960875348E+00
 0.721336261566816295E+00
 0.836102587729147362E+00
 0.317582105962556704E+00
 0.869295871897655670E-01
 0.584395513031128744E-01
 0.134092345289152726E+01
 0.509414380010291268E+00
 0.653275759278095669E+00
 0.266041518697240686E+00
 0.131254153242133714E+00
 0.134413779934696082E+00
 0.448271268935553469E+00
 0.111680938187207168E+01
 0.129745010670805294E+00
 0.487736732406237328E+00
-0.446183075871537715E+00
-0.359641057803994801E+00
 0.200547088946981561E+00
 0.396815940014825397E+00
-0.691322709379398548E+00
-0.220358180518351460E+00
 0.763077992707860975E-01
 0.569275460324184732E-01
-0.327523198848392483E+00
-0.536032561275004538E+00
 0.131969106004928682E+01
-0.180948452183401387E+00
-0.807090243058225659E-01
-0.795061421423528952E-01
 0.253058579683167306E+00
 0.684012937638259988E+00
 0.339231177874406931E+00
 0.315147387495075537E+00
-0.931592038479823747E-01
-0.107986068560992840E+00
 0.552836473187602984E+00
 0.583237520169913926E+00
 0.879671402006504177E+00
-0.366222781783287227E-03
-0.350701748875786130E-02
-0.503315371885478761E-02
 0.920110673932906131E+00
 0.513816255267506516E+00
-0.865598383634834240E-01
-0.334238652086168098E+00
 0.478195591205250625E+00
 0.838171475690111301E+00
-0.234327715017771526E+00
-0.166728579257637644E+01
 0.546109972817979572E+00
 0.760034863028431151E+00
 0.330032929815400500E+00
 0.592887876150893667E+00
 0.991097622676163414E+00
 0.476595508312890881E+00
 0.475440153821666556E+01
 0.934857042243167791E+00
 0.958817110033381770E+00
 0.143077192268159226E+01
 0.172843726275390752E+01
 0.564574897405588860E+01
-0.133355931103633729E+01
-0.362635961933010231E-01
 0.137868330439002262E+01
 0.299728481840165939E+01
-0.118911898565258900E+01
-0.311934285841383163E+01
 0.452046753588038008E+01
-0.532029531406114842E+01
-0.104911819986405264E+01
-0.287346515974773187E+01
 0.520511242225054360E+01
 0.943457590232628007E+01
 0.191584741513172823E+02
 0.158276605440369735E+02
 0.873137200675334313E+01
 0.345237977701643501E+02
 0.104110307017446466E+02
 0.107438671204528916E+03
-0.109056647073121979E+02
-0.780274637135770011E+01
 0.400623902052316794E+02
 0.618788311634257582E+01
 0.728293741434232267E+01
 0.735814906127860002E+01
 0.126609287612433352E+02
-0.823831540048829680E+01
-0.252502985721044237E+00
-0.632476387631748932E-01
 0.145424218326224897E+01
 0.148725984405164224E+01
-0.115453548852371135E+01
 0.152901689519361644E+00
 0.156218820602636899E+01
 0.654685432796347277E+00
 0.611186758638499361E+00
 0.164647880311624306E+00
-0.146115190589082444E+01
 0.129590865401331912E+01
 0.729991752303531194E+00
 0.446905686158659110E+00
 0.165987090216313554E+00
 0.547694416821646435E+00
 0.617144456652955364E+00
-0.195017512263679055E+00
 0.130573728509567860E+00
 0.926495589583967161E-01
 0.298855166558145369E+00
 0.358806347972085549E+00
-0.885936221788552747E-01
-0.198709313880283990E-01
 0.448633003632232186E+00
 0.321669670661655582E+00
 0.282251767383194629E+00
-0.551461687956481206E+00
-0.318241996772214375E+00
 0.118679186392937841E+00
 0.990704484176285066E-01
 0.102147477012709986E+00
 0.139683722653453246E+00
 0.240134360637869360E+00
 0.615772788773687574E+00
-0.149548123531690336E+00
 0.211286409471284631E+00
 0.195265780409507012E+00
 0.122179262415270162E+00
 0.106883120984923169E+00
-0.504712494341197471E+00
 0.258397004068942893E+00
 0.780269031550175490E-01
 0.866769250951932996E-01
 0.318462444955133817E+00
 0.723119406314444713E-01
-0.413196798305871305E+00
 0.259646728487382072E+00
 0.511802491023230638E-01
 0.668407089721762132E-01
 0.543079193489851911E-01
 0.128225120837489137E+01
-0.630539201714033659E+00
 0.239779251951024341E+00
-0.243939067061386100E+00
-0.345096353227730246E+00
 0.920348778741562762E-01
-0.575896828098074395E-01
-0.453358671993531581E+00
 0.194512408395090819E+00
 0.106751584022477270E-01
 0.172789588502201621E-01
 0.430722091275445973E+00
 0.240462269022797964E-01
 0.885890579253805655E+00
 0.520459396938192209E+00
 0.463510242046180521E+00
 0.820465019244002725E+00
-0.122779211473448072E+00
 0.170596925109858910E+01
 0.183948835231751895E+01
 0.925709963900503974E+00
 0.663120391413740573E+00
 0.129563349584400722E+01
 0.147715562737056022E+00
 0.128490523146761570E+01
 0.425769868188060130E+01
 0.121772353193445593E+01
 0.113151725955259308E+01
 0.282397890380876548E+01
 0.410805267906488858E+01
-0.267067032454249009E+01
-0.229267068191805956E+01
 0.295042529739955928E+01
 0.385714420541293235E+01
 0.105069868472543728E+02
 0.816940402613225380E+01
 0.467312917983539755E+01
 0.135977818380054565E+02
 0.122347691740973961E+02
 0.878259100291092807E+02
 0.370364836482603081E+02
 0.146974650090659722E+02
 0.213941081416686565E+02
 0.171434669449925465E+02
 0.812680182975593218E-01
 0.619899388377539040E+01
 0.156553014379430655E+01
 0.277787063563865955E+01
 0.381917064569991194E+00
 0.183388757827773308E+00
 0.140363951470729442E+01
 0.449354985936042811E-01
 0.159971584236216144E-01
 0.741466117510080736E+00
 0.907459163703990823E+00
 0.260254430642659629E+00
 0.425211729781723058E+00
-0.685532721787140975E+00
-0.346334148740444658E+00
 0.635437884347072601E+00
-0.247782980933837826E+00
 0.807163094692176175E+00
-0.182503270607513313E+00
-0.941546254824008888E-01
-0.554485164766130717E-01
 0.131606366674143438E+00
 0.262596280485774936E+00
 0.492161532714487648E+00
-0.139451601528699648E+00
 0.150227685927040139E+00
 0.110740118562897435E+00
 0.908359064969734842E-01
 0.431857193492637820E-01
 0.211810615765967880E+00
 0.747193121084476219E-01
-0.336806877936158475E-01
-0.217891795788076846E-01
 0.677687908036402192E-01
-0.594270516158098509E-02
 0.568371533885809743E-01
 0.712874177091041006E-01
-0.234499219748614696E-02
-0.201518134631711084E-02
 0.479026215206310585E-01
 0.160057263880478529E+00
 0.732552888852739809E-01
 0.490040558189563588E-01
 0.314198099284328236E-01
 0.304090718024862851E-01
 0.485008320594921827E-01
 0.761246249309727591E-01
-0.156677343000383329E+00
 0.372973342282263698E-01
 0.522670329671758790E-01
 0.623672365866000736E-01
-0.215803665837658188E-02
 0.342949329686708548E+00
 0.169031595130796020E+00
 0.234522031851229877E-01
 0.284910550055431505E-01
 0.381782113148533483E-01
 0.726756290924036041E-01
 0.143775869828664693E+00
-0.160220093996836677E+00
 0.141054153470805410E+00
 0.824349905516355841E-01
 0.127560380106626930E+00
 0.170555979916454346E-01
 0.336587686374427431E+00
 0.916926142335895440E-03
 0.141022119034192622E+00
 0.111368498198266101E-01
 0.155136201705215714E-01
 0.141537937702999966E+00
-0.317612153846634659E+00
 0.253287552199781218E+00
 0.190751463799662679E+00
-0.876986985788980461E-01
-0.170872253703354737E+00
 0.341625329711685022E+00
-0.907726680551002030E+00
-0.123864114095310451E+00
 0.504935575695604544E+00
-0.124321893511866705E+00
-0.277938602666516932E+00
 0.240276662315165312E-01
-0.223796595920661007E+00
-0.670886030398620159E+00
 0.513292267041684513E+00
 0.486947295019305004E+00
 0.152935029105112918E+01
 0.273376508645484595E+01
 0.464865259062729663E+01
 0.283487391984190484E+01
 0.230009865913544864E+01
 0.000000000000000000E+00
