     48 -    30 -    30 -     1 
rmse=  55.9416meV
 -0.262746058250957     
 -0.804226681022864     
 -6.080625928296345E-002
  5.107759709222616E-002
  0.425540360885127     
  0.469040920088894     
 -0.530452598148526     
   2.59885169807618     
  -1.25673913574447     
  -3.63212919085809     
   1.86714967447766     
 -0.294146755192804     
  0.123536717574673     
  -3.58035393513236     
  -1.51191426620045     
 -0.367511429399626     
  0.392324493576584     
 -0.390444156509982     
 -6.172630965458822E-002
  0.239496221581230     
   2.74174279816169     
  -1.14919813010379     
  0.405534278877367     
 -0.356614612566126     
   1.16828984776222     
 -0.291632599442315     
 -0.675333481954910     
   1.06602176612263     
   1.43472482006440     
  0.457224385372935     
   1.43577443401490     
   2.63227864178849     
   2.53113766259797     
 -9.393686581202793E-002
   1.06453696991287     
  0.173495706980033     
   1.40943521142927     
  0.193814849385672     
  -1.99616315212613     
 -0.883288280278834     
  -1.49163217123207     
  0.671055561015158     
 -0.421156822367510     
   1.23225131218641     
 -0.663110346315042     
   2.07621484060219     
   1.65513938046024     
 -0.711721893785816     
 -0.529136166860585     
 -0.354136984836745     
 -0.112741912658322     
 -0.478277119658519     
   1.27355008410113     
   1.18045953434836     
  -2.40521659335904     
  0.665687941927200     
   1.64047402076149     
  1.107483377231810E-002
  -1.72894145257359     
  0.760418437807633     
  0.668713760349558     
 -0.296143948212813     
 -0.826615371045565     
 -0.781277955224307     
  0.465972175714415     
  0.203806286694861     
 -0.685737439603538     
  0.984499614677970     
   2.16241453075385     
   1.48412171554933     
  -1.64818093362325     
   1.88281283028580     
 -0.318454881300277     
  -1.53672562895011     
  -1.95382894628483     
  0.260495913828313     
 -0.868110180947300     
  -2.04587040397380     
  -1.40722865289608     
   1.00509936276244     
  0.560398615140678     
 -0.162509315452503     
   1.20094458673897     
 -0.760902757518915     
   1.10392183607225     
  0.696838991143104     
  -1.28272018939406     
  0.581504484661244     
  -2.87079396979189     
 -0.219660407978457     
  0.911422863931909     
  -1.66791601801540     
   2.04545625064159     
   1.23049022297316     
   1.66306681135894     
 -9.057281937009828E-002
  8.128328285031419E-002
 -0.315146686764773     
  0.237116492972293     
  0.698360402013037     
 -0.640406103648225     
 -0.610478875887962     
 -0.100541110098533     
 -0.351823500977227     
  0.470437834992662     
   1.12734443612691     
  0.352493353521888     
 -0.141954763687207     
   1.42315584241124     
 -0.828277805399837     
  -1.91709026809775     
   1.09242582681549     
 -0.308717941976474     
 -6.164451344656276E-002
 -0.868766277247553     
  0.907438974177446     
   1.14871570443218     
  0.553748921982400     
  -2.97647599826823     
 -1.224774474218038E-002
 -0.859000360605855     
 -0.599312741966172     
   1.67649765021382     
 -0.207041530830696     
  -1.14173906406850     
   1.19694193126976     
  0.126182259070038     
 -2.682352693382282E-002
  0.489261499331699     
 -4.057149378165304E-002
  0.407988316394730     
 -0.472605988470579     
   1.43301737274084     
   1.02738925008840     
  -1.50256404816876     
   1.80705684592299     
  0.749791419569176     
  -2.30455709218099     
   1.21189401842573     
  -1.15111525956910     
  0.603446385912163     
  0.725547204073340     
 -0.321292805656510     
 -0.109719049681843     
  0.114743740640590     
 -0.404045464677124     
 -0.307691852858450     
 -0.975066871875664     
   1.39457981134518     
  0.469421502035358     
  -1.10196942114872     
  0.888332733397031     
 -0.948023097499940     
   2.12592407414678     
   2.00006132346088     
  -1.69504222065049     
  -2.84652187823739     
  -1.03393692012975     
  -1.78694393804003     
  -1.76547897666259     
 -0.284924994602338     
 -0.402983597765879     
 -0.861860917347900     
  -1.00135110160910     
   1.65241915088960     
  0.255137352361048     
  -3.40859674639475     
  0.880882270010958     
  -1.92189206334886     
  4.807762363125989E-002
   2.43904588094338     
 -7.750421346671271E-002
 -0.386428187321415     
   1.82907058810156     
  0.366955160725265     
  2.509504251392652E-002
 -0.987974905830967     
  0.189241696235013     
  8.952410158064930E-002
 -0.201858927236949     
   2.14030144889862     
 -0.217798716589209     
 -0.609741919575106     
  -1.34427292136511     
  0.635251663556579     
  -3.42231174202266     
  -1.01644314477690     
  0.497287395751958     
 -0.818611500089628     
   2.08886334230182     
  -2.97712018382365     
 -0.296194798942536     
 -0.171153318406292     
  0.145920868098183     
  7.107572221969650E-002
  0.131403617949712     
 -0.892024896350982     
  -1.63061672070770     
   1.15206318375190     
  0.806123329381852     
  0.277134990300337     
 -0.892453495813212     
  1.359023185948835E-002
  -1.20806771968184     
 -0.197915858281989     
  -1.02892078878920     
  0.565050978734098     
  -1.69382479471583     
 -0.197269502631906     
 -0.502512699806153     
 -0.184079479120861     
 -0.112049206296046     
  -2.07493774103367     
 -0.218774083562673     
   1.57694738424041     
  0.432925033052836     
 -0.497402949672701     
  0.287343205947931     
  9.863630701331882E-002
   3.05749957703440     
 -0.779124073159067     
  -1.61366474527610     
   1.19276169517019     
  0.420089552707437     
 -0.723251297763957     
  0.440953218703162     
   1.61444325259276     
 -0.682982757591389     
   1.25533593895913     
  0.673838289085153     
  -1.95998738946400     
 -0.359443754576213     
 -0.155466861015387     
  0.807948949546553     
   1.05475705888121     
  0.671083448511469     
  0.423075494213332     
   1.13216365308587     
 -0.787372662120169     
   1.09735392781176     
  0.298164885872426     
  0.394038980291067     
  0.166216268288165     
 -0.134752248265900     
   1.55952422594872     
 -0.980592064186752     
  -3.06257202096095     
 -0.913020605048617     
 -0.829027169721650     
   1.09327202204024     
 -0.992698663641257     
   1.47836000228122     
   1.42933444591102     
  0.318482439936645     
 -0.267972633993342     
  -2.96487766799211     
  4.126359433652520E-002
 -0.814549919392243     
 -0.757966247555887     
 -3.245176857735002E-003
 -0.371771551160311     
   1.88092752380568     
  -1.79310697549399     
  -2.10902541908566     
   1.18263298466329     
  -2.50183982860901     
  -1.30108597714574     
  -1.46588258004404     
   2.06106475153120     
   1.07500899606749     
  4.464707522523742E-002
   2.61940511681517     
 -0.417468665092319     
 -5.183636335367280E-002
 -0.830407526041757     
 -0.381029163254424     
 -9.327076165367849E-002
 -0.839061494913349     
  0.718436024564913     
   2.36364956718863     
  -1.65645229242127     
 -0.522937680020770     
  0.884695974556246     
 -0.139889981112401     
  -1.84232529516631     
   1.29802306330314     
  -3.58805138865615     
 -0.998089463007276     
 -1.077631543696523E-003
 -0.208539192470522     
 -0.483708635770870     
 -0.536003565675001     
 -8.723564550048436E-002
 -0.395008593071437     
 -0.767512485306795     
 -0.997004977000067     
  -1.28350006152386     
   1.35578642378918     
  0.906099942324378     
 -0.995534570833191     
 -0.620460451457036     
 -0.198813760329085     
   2.14917215191519     
  0.330674934112928     
 -0.293126259702466     
  6.256167236519294E-002
 -0.321510219013239     
 -0.462011941762934     
  0.509237532808570     
 -0.102027316924076     
 -0.443922093301430     
 -2.929857555324986E-002
 -0.633175393987335     
   1.08925656687699     
  -1.71207603763276     
  -1.17938852431321     
  0.831728831781671     
  -1.84558365157751     
 -0.906385224348841     
  0.689187042399043     
 -0.683977177006707     
 -0.445625201492516     
 -0.230511195769336     
  -3.23342797648542     
  0.774921729246493     
 -0.793995354833781     
   1.80528776989679     
 -0.317040630868261     
 -0.304432034789796     
  0.806873498919317     
 -0.998682156450850     
   1.90535328176456     
  -1.44082744354771     
  -2.10568796055659     
  -2.56477798028018     
  0.410986398146248     
  0.225602897738317     
  0.118287867883860     
 -5.173706858125916E-002
  6.097820200728471E-002
  0.502630157104010     
  -2.30237303696555     
  0.893213371406856     
  -1.98727758941951     
 -0.927410138436619     
   2.01296107053721     
 -7.789333418130878E-002
 -0.299416653796650     
  -2.04908763453183     
  -1.13481456018485     
   2.50744948528621     
  0.406010306512644     
 -1.008854824818972E-002
 -0.317254942139038     
 -3.913721905022445E-002
  0.792091987008835     
  0.229315632501329     
  5.428221670393348E-002
   2.30185508836912     
  -1.31647671355474     
  0.672016280079132     
   2.14104769374314     
   1.21319656297315     
 -0.938898491186087     
  0.372489718692077     
  2.473864686601097E-002
  0.572825997740622     
  0.832961303602937     
  0.762437657000232     
 -0.887487522817326     
  -1.72277246503558     
 -0.854265140227908     
  0.845944618849543     
 -0.261161290204673     
   2.92282451531434     
  0.853279841747718     
  -1.15584305804550     
  -2.32300672249445     
  -1.61244600502077     
  0.622107565453872     
 -0.769528826674503     
 -0.158099702734513     
  -3.56261545071229     
  0.324237054473007     
 -5.416604186754483E-002
  0.205577353112987     
 -0.306979303095780     
  -1.13743267899727     
  -1.94963158019648     
   2.13218995140903     
  -1.61749742540737     
  -1.61378548127188     
 -0.907253291794746     
 -8.280135455580911E-002
   1.40845138452437     
  0.936917970788262     
  0.545430627600901     
 -0.180126901058335     
 -7.847628338538679E-002
  -1.99880010252618     
 -0.643904544891511     
  0.875530595848341     
  0.695753156410296     
  -2.20696106678410     
  0.691651779425905     
 -0.137987931382508     
  0.997353632605657     
 -0.879939584828853     
 -0.856010010091989     
   2.26664084377683     
 -0.957287691870093     
  0.621479925817773     
  0.968862312992498     
  0.532355704758132     
   2.25513191513228     
  -1.32357129720686     
  -1.40547768834980     
  -1.16638862504593     
  -2.38154068301777     
   1.06180330261005     
  -1.27990175868307     
  0.653915100519612     
 -0.374559937134935     
  0.258762615148704     
   1.88257942247119     
 -0.636668187614607     
  -2.85314291242965     
  0.527892824127856     
 -0.163417078485342     
  0.921100164423759     
 -0.804009621916363     
   4.60571383049679     
 -0.270518511865853     
 -0.167782004643929     
  2.232658586827480E-002
 -0.485371454211360     
  -1.78013544797244     
 -0.113802147891409     
  0.553055017504928     
   1.05022393086026     
  0.119715688527411     
   1.49816122825628     
 -0.862231438129258     
 -0.551567348976495     
 -0.148656903406010     
  -1.19041817574079     
 -0.274887010757373     
  -1.62841711215056     
 -5.434813429218491E-002
  0.609221598676979     
  0.539243878797649     
  0.668720363543758     
  -1.30265486738617     
  0.227313888903879     
  0.547733445093529     
   1.23476580875357     
  0.942161882729608     
 -0.695801777048249     
   3.18545465672760     
   2.30037256275159     
 -9.231749026098181E-002
  -1.25321606331495     
   2.28753045081129     
  0.591020462977589     
   1.00139804510077     
 -0.314739084589095     
   1.31097180855397     
   1.29312111157750     
   1.93542976123768     
  -3.07321774513418     
  -1.05992743230229     
  -2.55765553048194     
  -2.36706151306184     
  0.496264733752454     
  0.397285628891462     
 -0.824847779265751     
   1.43741159363446     
  0.273499778960004     
   1.12545540170650     
 -0.289942386714045     
 -1.773834222743255E-002
  0.266164205358363     
 -0.122112893584965     
 -0.246690251720650     
 -0.714337796863369     
  -1.24369076742601     
  -2.80500361565005     
 -0.567279262354611     
  0.271606079073830     
  -1.80298736018813     
 -0.893928035294755     
  0.154897671403139     
   1.29811695802118     
  -1.03461277015651     
  -2.88125895438961     
  0.461189665963379     
  0.424285050755968     
  0.547707755230158     
   1.95861665369024     
  0.857978892759805     
  0.562473088820121     
  -2.09825224394890     
 -0.789823404528377     
  0.630910918616811     
   1.09546547883019     
  -1.62752980287252     
   1.17480637326694     
 -0.512332437622091     
 -0.617816416169879     
  -2.18584531156220     
  -1.19058435299132     
  -3.04907910782113     
 -0.802728964989861     
  8.869634248374132E-003
 -0.322190960815318     
   2.11390061108202     
   1.58117951690981     
   1.91359436186270     
   2.10214072339474     
 -0.754553371604025     
 -0.385610039820329     
   1.11698749566431     
  0.793519572774345     
 -0.571588813677529     
 -0.173573918566992     
   2.31057291859348     
 -0.411243358070899     
   2.49457657394068     
 -0.536420193335900     
 -0.284085920997500     
 -3.313363148245237E-002
  0.311794797199231     
  0.541015654450524     
  0.724972044740855     
  9.312558160280850E-003
   1.28848552324479     
  0.947313425073017     
 -0.249712661081119     
  -2.61131501041974     
   2.25357915797897     
 -0.895033460076216     
  0.130685832060221     
   2.25353374295178     
 -0.387970538919074     
 -0.243836388546261     
 -0.711947844466157     
  -2.60523247986811     
  0.192595171253050     
 -0.907248498998746     
   1.41151563455832     
 -0.641063493432017     
 -0.249286699334573     
  0.495359414042693     
   1.65457265008620     
 -0.309266261011345     
  -3.05298502924665     
   1.32196821922894     
  6.483335236525548E-002
  -2.14013501107604     
  -2.51268232581675     
   1.13836456422172     
 -0.319414792561616     
   1.10477345088025     
 -0.302457615270982     
  0.354870744994427     
   1.39973495488227     
  -4.04402421597269     
   2.14276902110831     
  0.112990660995140     
  -1.87482686252496     
   1.57531267595919     
 -0.785288933859322     
 -0.791748398119139     
 -0.643069706800389     
  -1.06165111860839     
   1.55057414776301     
 -5.655404525169867E-002
 -0.209347800465185     
  0.259075419309148     
   1.27180068688066     
   1.55931273787456     
   2.72397528592283     
   3.87976514651791     
  -1.08817479937005     
  -3.80504854817981     
   2.06766011183635     
  0.973223692626018     
  -3.48923327141883     
   1.06048354700792     
 -0.364677451787337     
  -1.35559503623193     
   2.00421860558395     
  9.717963351458841E-003
  9.396937205422737E-002
 -1.395589644086308E-004
  -1.44673449812802     
  0.697862288005413     
  -3.36464127728124     
 -3.778955822311024E-002
   2.72732807752796     
  -2.61504556560160     
   3.78020668968328     
   1.06536967083998     
   1.32427213003937     
  0.805464996300717     
 -0.139540695738482     
  0.322692033266951     
   1.52864668352140     
 -0.436870859197160     
  5.259627051888531E-003
  -2.98423924696157     
  -1.00748195155844     
 -0.403393495183181     
  -1.31888617104855     
  0.123939904973937     
 -0.622905622572411     
   3.07285693795861     
  -1.29881749939712     
 -0.397934862267730     
  0.146083013223150     
   1.36452328905680     
  0.978497339665905     
  -3.82244243244634     
 -0.900217909126844     
 -0.346579448575925     
 -6.384018827371107E-002
 -0.378353925767287     
 -0.249626913296303     
 -0.636235944083094     
   1.00143552489961     
 -0.410303769182944     
   2.53031837869280     
  -1.50361173228444     
   1.74916507539051     
   2.77079815222177     
   1.96207501697667     
  6.448409690475153E-002
  0.161728497697553     
  -3.15443242405397     
   1.30271586722900     
  0.168969354584117     
  0.965455541173094     
  9.114471558441578E-002
  -1.62781840626327     
 -0.524224340875264     
  0.650640955837191     
 -0.793402704084155     
  -1.03354612794033     
 -6.939406684910364E-002
  7.566654464967840E-002
  0.205618875038980     
  -3.37837897492227     
  -3.22533189723058     
   1.24843869952760     
  -2.30423833556343     
 -0.956030515157040     
  -1.45137016451785     
 -0.312798232320972     
 -0.350787448813971     
  -1.67494543045081     
  -2.10817055086780     
  0.597322319162589     
 -4.612571146539401E-002
  0.441877841525203     
 -0.353103352127007     
 -0.763268808582058     
 -9.211141377038873E-002
  -4.38524724115546     
   2.95589888829617     
 -0.263523568895181     
  -1.33780927628733     
  0.562795598850126     
  0.527005922795119     
  6.601876351110179E-002
  0.454825894285428     
  0.343159884137562     
  -2.16292495458303     
  0.446462315421080     
  -2.68145052979787     
  0.763785386866551     
  0.257617771843693     
 -0.830957683220836     
 -0.273794785854939     
  -1.83192057977574     
 -0.663670708329457     
   1.70917749652769     
  0.797857982908478     
   1.60453266969821     
  0.238758335050309     
 -0.158491675656470     
 -5.166580222467015E-002
   1.64531171119602     
   1.61973722396300     
  -1.03681558745726     
  -1.24881876630016     
 -0.430597983439318     
 -0.542200374329349     
  -2.06362419015691     
   2.54118217847719     
 -0.143185701722842     
  -2.49953676404401     
  5.896838788858687E-002
  -1.33042573147263     
 -0.121500713420034     
   3.56682957035304     
 -0.120562447513745     
   2.11846209034865     
  -2.25582135867160     
   1.53256670844361     
   2.40356842004911     
 -0.957848760150623     
  -1.33257796465716     
 -0.660574833573827     
   1.03712374738593     
  0.513580581106915     
  8.917850997742174E-002
  0.212925449905687     
  -1.62128521479381     
 -0.521660006287190     
  0.480892685702730     
  4.143485529312949E-002
 -1.210186835064576E-002
 -0.179778800739448     
  0.124670894298767     
  0.473369171071170     
   1.24676374594288     
   1.09838958965052     
 -0.320766392523903     
   1.46877901432723     
   1.26690446005401     
 -8.008059214250057E-002
  -1.11190171459666     
 -0.384268245899045     
  -1.56470469582827     
 -0.270098163567647     
   3.02704811882979     
 -0.172608532143742     
 -0.532223400030184     
  7.438342566036932E-002
 -0.846215138468266     
  -1.01960320352735     
   1.64511462076136     
 -3.117158509664866E-002
  -1.03224358358895     
  -1.73472881382266     
   1.08288819793288     
 -0.571120379998874     
 -0.866270976277528     
   1.09203519310087     
   1.71225146696409     
  -5.93942989793832     
  -1.84894513734745     
  -1.66777663129664     
  0.139899007545220     
  -1.84829254659533     
  0.253714446182694     
 -3.194265866643016E-002
  -1.08262016989657     
 -0.748644155818271     
  0.175349468241748     
  -1.90544520849238     
  -1.83178333678845     
   1.45104825611190     
 -0.756504891645326     
   3.28635885486137     
  -3.34600661399677     
   3.97926251051337     
   1.12089842328268     
 -0.980434404401377     
 -0.710758564485125     
 -0.550805285375850     
  0.743382164754195     
 -0.103336505263916     
  -1.48250140883512     
 -8.550637647907011E-002
  -1.78274001649374     
  -1.96294797439177     
   2.40729590431540     
   2.73865147683372     
   1.22958345494238     
  0.251547875494543     
 -0.214524622818807     
 -0.430702412433049     
 -0.212348129798354     
 -0.452794251076197     
  0.356410719205414     
 -8.932254458932781E-004
  0.487254725266284     
  0.959552223735113     
 -0.903477452687691     
   1.57424139750243     
  0.385913870370259     
   1.37347494961360     
  9.410382025025221E-002
  -2.75976780234162     
 -0.371838632619044     
  0.601779684361122     
 -0.800085945830856     
   1.32363946758303     
  0.767304767757602     
  -1.33544929883127     
  0.537736799553934     
 -0.472520769037144     
  0.496169752469513     
  0.226760105030507     
  -1.62697779253046     
   3.85048971488625     
  -2.59995725654054     
  0.560580165288391     
   2.21748360047525     
  -2.16109803377061     
 -0.845213737507699     
   1.43116135358706     
 -0.624146224541444     
  -1.74935546240732     
 -0.154129066516595     
 -0.984947935698150     
 -0.654643393262563     
 -0.294423712248092     
  6.025956846232840E-002
   1.33910324657486     
   1.59747727726669     
  0.313156049837224     
 -0.325178554342995     
  0.333530934190685     
  -2.93693799596114     
  0.987923665219500     
  -2.53850746825669     
  -2.95188044435963     
  -1.31183195721233     
 -0.258215580122561     
 -0.641157275518103     
 -0.277115960088824     
  -1.20921925286181     
 -0.613929206386293     
  0.471275663639481     
 -0.336414431847474     
 -0.102020289183791     
  -1.80170127010910     
  0.304740699208184     
  0.587615713276146     
 -0.719970114830703     
 -0.401634698572250     
  6.712154624898364E-002
 -0.698959472327807     
  -2.23334429341378     
  0.647847494052208     
   2.41503525264756     
  0.163140295463386     
 -0.160607940964064     
  0.969113393970106     
  0.842673100622769     
  0.509761217904524     
   1.16258692850726     
  0.805354805668745     
   1.37895901317051     
  0.836099624884718     
 -0.342256425127744     
 -0.412142650976925     
  -1.35740934587686     
 -5.538107127535873E-002
  0.123283114248371     
   2.34734421193818     
  0.462911008983647     
  0.804109932182163     
  0.244688235920880     
  0.161297927113353     
  0.202315253624306     
 -8.949810699507438E-002
  0.390483560545678     
 -0.465056505349385     
  -2.23505483707656     
 -0.622991796892426     
 -0.262815279613974     
  -1.13856129490437     
  -1.08387574721931     
 -0.144130791220703     
 -0.104649490552511     
  -1.58132541963502     
  0.136690606833279     
  0.314260825859215     
 -0.959165790955249     
 -0.471251393525975     
  0.713241926162818     
 -0.570360539649449     
  -1.05935133494878     
  0.275282958285975     
  3.259876928766292E-002
  -1.43887572301571     
   1.68442430937496     
  -1.81723222076900     
  -1.10055803142859     
 -0.100732207521704     
  -1.04307742850599     
   1.49327387587866     
 -0.455051207208251     
 -3.486127651407399E-002
  -1.51610427771224     
  0.729661847804811     
  0.209284347860927     
 -0.152505676552521     
  -1.71474169138404     
   2.07839406271417     
 -9.167405217236313E-002
  0.439846247956293     
  -2.06821814367764     
 -8.351999486831652E-002
   1.42575795691248     
  -1.75237460514121     
   1.43211435036999     
   1.13822558862064     
  0.271394341988123     
  -1.33398435308971     
 -0.962976500779454     
 -5.539501746917112E-002
  0.829647477125120     
  0.339512909679260     
   3.24611414921772     
 -0.792442485802285     
   2.26662953046426     
  0.464284726411680     
 -0.672251299007792     
 -0.708482422406084     
  0.546444043987576     
  -2.71205242355756     
 -0.273113963217747     
  8.576040182604105E-002
  0.120587491131287     
 -0.604736855951309     
 -0.651878365872893     
  0.578544251896125     
  0.805716223450807     
 -0.423676167093876     
   1.27832560327234     
 -2.659947820692975E-002
  -1.02902423645924     
 -0.609756230036984     
  0.637067861727611     
 -0.268240872783978     
   1.50443098628142     
  -2.19294996947450     
  0.650182806047970     
   1.41816848252276     
 -0.208349948110425     
  0.299864408433502     
  0.591274255490229     
   2.11134745242789     
  -1.19606121239798     
 -0.312643606399966     
  0.141056574404322     
  -1.47897252901881     
 -9.076902831074178E-002
  0.356213904949300     
 -0.820242430163269     
  0.583659380087257     
  0.383650781151176     
  -1.37346514418615     
  0.652432158215650     
  -3.20553515858938     
 -4.455504617036243E-002
 -0.170004376810140     
  1.783417327296083E-002
  0.285184256522899     
  0.184264449992631     
   1.45550453408041     
  0.952963419499820     
 -0.183479829375424     
  -2.07914253870512     
  0.276961904319649     
 -0.841649815838015     
  0.991837245585700     
   2.27266562511942     
   1.59255049930193     
  -1.37359836930851     
  -2.47860382161228     
  -2.57618802676350     
  2.051270385679034E-002
 -7.165298746651058E-002
   1.40564155975392     
  0.734889016777106     
  0.882697476225915     
  0.937026008979223     
 -0.270429667372684     
  1.825755969403672E-002
   1.52801012847361     
  -1.96199268704133     
  0.851402361759308     
  0.811162491243082     
   1.20148262861371     
   2.13691560946837     
  -1.62690010426741     
  -3.23020506852884     
  0.628274514541407     
  0.455325268149079     
   1.30776210960817     
  -2.37290971649127     
   3.47730425800368     
  -2.75373031907909     
   2.05325586699387     
   3.97046046570377     
 -0.881893371212574     
 -0.124884070011863     
 -0.165027507956167     
 -0.108437327114116     
  -2.81724305741769     
   1.88240023911372     
  0.191512047911057     
  0.595801597928216     
  0.704817016447245     
  0.751092249762343     
  0.352912564086510     
  0.139270259778349     
 -0.420622458466437     
   2.21690994109508     
  -1.26130274219678     
 -0.574767182810286     
  -4.08578694928213     
  -2.10181591984283     
  0.950805550925032     
  -1.57496941894274     
  0.220112533341963     
  -1.69555968549650     
  0.893598263250406     
  0.727005330498870     
  4.780227642039898E-002
  0.443628751997299     
  0.637461109612092     
  -1.41375640182949     
 -0.750338989699277     
 -0.183641105980813     
   1.99082577318333     
 -0.258810527480293     
   1.32415078037346     
 -0.357522060759986     
 -0.418545139837065     
  0.239328034379315     
  0.175001370382746     
  -1.87328226444576     
  0.997227497787968     
  -2.15765533756813     
  -1.42240257937524     
 -0.445704261314716     
  -1.25546992110185     
   1.85778622607700     
  -2.42192592413967     
  0.970479144911619     
  0.777644563583627     
  0.233403113637875     
   1.67767603110991     
  0.539621068450829     
 -0.933981470641708     
   2.30108639990006     
 -8.019488425041375E-003
 -0.606132613811786     
   3.43502177671551     
   1.55698815337543     
 -0.335105888476299     
 -0.192025085390207     
 -0.266123016689176     
 -0.672395922155468     
   2.72075175844776     
   1.62232385357127     
  -1.16671430946923     
   2.08156537929318     
  0.198037777237921     
 -5.298937843354744E-002
  0.808628870286551     
   2.71234360718393     
 -0.783412686400664     
  0.722196244490791     
  0.785736444345680     
  -3.42572503790900     
 -0.412051072465310     
  0.373566872629437     
  0.262399704596063     
 -0.256344671890326     
  -1.85553248903025     
   3.81531211721456     
   1.33539874127835     
   1.36031582332272     
  -1.03557024850029     
   3.78434394002996     
   2.35934687218341     
  0.362655004746181     
 -6.905831743441732E-002
  -2.09249615516157     
  7.952541071759282E-002
   1.14589247625812     
  -1.12520119861391     
 -2.541209461204302E-002
 -0.869776157061188     
  0.603706294990720     
 -0.429243643647884     
  -1.12790495369452     
 -0.115506010887509     
  -1.38480096669778     
  -1.31189971232801     
  -2.03624563795098     
  0.117715624379399     
  -2.04288439865227     
  0.241317619535306     
 -0.736727446624802     
 -0.254682111521645     
  0.334774467425359     
  4.659411348724510E-002
  0.200574291359371     
  0.535260225900786     
  -1.87087711556206     
  0.428106167903426     
  0.504290666515072     
  -1.60958094720549     
   1.54668486426602     
  0.391491714429238     
  0.954261924592543     
   1.80054321889869     
  0.691052796593459     
   1.37723109724209     
 -0.402415634959939     
   1.20817631493475     
   2.28199400278496     
  0.241058668068364     
 -0.720194471051871     
 -0.256344043084840     
 -0.683627881027622     
  0.717905405260259     
   2.62517684538864     
   1.21056569899265     
  -1.21523678669242     
  0.870185750717294     
   1.23930818897403     
 -0.723553816200036     
  -2.44154224544067     
   2.06211805245413     
  0.143437521670474     
  -3.16663082355930     
  -1.45060036475125     
   1.47317014861481     
  5.029336939996963E-002
   2.23729528273886     
  -1.78313007004643     
   1.56328441317868     
  -2.22781976236804     
   1.55802912244844     
  -1.26848539302539     
  3.214079507512877E-002
  -2.68910284462922     
 -0.916077326385942     
 -0.279882629124185     
  -1.86922922209240     
 -8.358590028382620E-002
   1.82417214234148     
   1.23012207445815     
 -0.450916488023238     
 -0.165955569769695     
 -0.256707615928140     
  0.308358294349575     
  0.273823435830931     
 -8.534170394948958E-002
   1.19145991143984     
  7.097399559344046E-004
  0.675509322606916     
 -0.978161013188367     
  -1.52483394920412     
  2.635291560187400E-002
  -1.05393417964984     
  0.339299941979261     
  0.155849686576534     
   3.00418736033755     
 -0.155849482001921     
  0.654142108330347     
  0.460796404956648     
  0.611750217134862     
 -0.632933134105946     
  0.881128344183623     
 -0.789728122174751     
   1.48606083321635     
 -0.591688565949067     
  0.597402223951420     
   2.81937570259303     
 -2.757403736305130E-002
  0.664063958127704     
 -0.846747023803192     
   2.15123626649693     
  -2.73891636180113     
 -0.103354652102693     
  0.377629571309795     
  -3.03275042497761     
   1.89540790254773     
  -1.28439363003541     
  0.633657220958573     
 -0.601934457694378     
  -1.24830984093069     
 -0.200693663963895     
  -1.82482092243674     
   1.43066779024336     
  -1.17224114101659     
 -0.885090409838488     
  -1.92902516384009     
 -0.102155551515644     
  -3.31967183142547     
  0.420760488524016     
  0.563740082859529     
  0.454084799219350     
   1.68478758271496     
  0.134544873335571     
  -2.29980244150146     
  -1.79887416938971     
 -0.329801103229839     
  0.244539537895840     
  0.161004583208126     
  -1.74289532955494     
  0.551272220378381     
  7.342388412653807E-003
   1.18339200831949     
   2.39251355502338     
 -7.427887750398159E-002
  0.164450602686522     
 -0.948926170343876     
 -0.778629386061463     
   2.32575349919558     
 -0.342940804662173     
 -0.293326122442640     
 -0.518068490794192     
 -3.712973522655075E-002
 -7.808208165341855E-002
 -0.496461260729419     
  -1.26526072712443     
  -2.17376335325522     
   3.32671658017569     
  -1.19381516695855     
 -0.469372554906968     
 -9.575131310054850E-002
  0.523401097658471     
  0.863963629626213     
   3.24202826090043     
 -0.317138158191312     
   1.56281931550011     
  6.504917361778281E-002
   1.08437367064311     
  0.963887321499915     
  -1.94457055352985     
   2.00479595506234     
 -0.257839914012371     
  0.529302820758655     
  0.288913388886969     
  -1.75336668075827     
   2.33105652681149     
  3.365101622651224E-002
 -0.182797326613740     
 -0.249688024959337     
 -0.504008400167656     
  -1.49007083137712     
  0.999549483617905     
 -0.670886022558690     
  -1.47653776076555     
  -1.25825284945612     
  0.417234762528439     
   1.26848154779948     
  0.638857130333724     
 -1.235910142232195E-002
 -0.930248570533430     
 -6.477023304464782E-002
  0.410566773966426     
 -0.484150716128490     
 -0.301864554107870     
 -0.675734492507781     
 -0.271012012468249     
 -4.296412965208667E-002
  0.825066803260915     
  -1.51610174572272     
   2.30522675404285     
 -0.821559824369021     
 -0.341900598886138     
   1.62367106861571     
  -1.59286937539153     
  -1.76269231460764     
  -1.64920967005632     
  -1.18994936067686     
 -9.441393036146746E-002
  -1.13631269045048     
 -0.172359373841909     
 -0.774611757688859     
  -2.63935158242119     
 -2.318628075861409E-002
 -0.763535019498656     
 -0.289017305986537     
  0.919629718958207     
   1.17590973350247     
  0.225732996338628     
  -2.45631117215443     
  0.851385033762848     
  -1.29825824894092     
  0.823961207452102     
  0.385262526294499     
 -0.130237172563046     
  0.121859093968558     
 -0.721882443096246     
 -6.891317275014448E-002
 -0.472534266886736     
 -0.437572994562283     
  0.833046586723546     
 -0.702030351717772     
 -0.593061900570124     
   3.85157644099747     
   1.34618123806475     
   2.06466713592235     
 -0.366932072274555     
 -0.319112472165937     
  0.454492345242566     
 -0.870882883070335     
 -0.642300879870114     
  0.346401909778158     
 -0.299612081322428     
  -1.77781426891062     
 -0.522520693937119     
 -0.369055093406174     
  0.506727840267456     
   3.07505682446494     
   1.87255179674705     
  0.268677916507883     
 -0.622863169932339     
 -0.176666451584948     
   1.79978993191244     
   1.76015567374452     
  0.797703521600857     
  -2.69021473482578     
 -0.371341197466868     
   4.88382869144626     
  -1.88469729515545     
 -0.450338169025715     
  -2.02845217898442     
  0.105221526782750     
  0.391483873199246     
 -0.737911876330671     
 -0.734483845649762     
  -1.27910971756474     
  9.378178758787989E-002
  0.663894739285153     
   2.12024716639285     
  -1.80917283043229     
 -0.416845806254920     
  -1.06346810637075     
  -1.40814810514343     
   1.12358279015399     
 -0.659675916900386     
  0.140648392711448     
  0.366854854676801     
 -0.154827597331461     
  -1.15462612910613     
 -0.170605577184861     
 -0.822779061828432     
  0.419711964824064     
 -0.309836503649634     
 -4.842722090372883E-002
 -0.345649195308658     
  0.949002211390771     
 -0.347809929900386     
 -0.734423539390880     
   3.93390017201679     
 -0.940597943529321     
 -0.779543899542905     
  0.489956738644900     
   1.61529975858322     
   1.28138405961505     
 -0.417541787463732     
 -0.842604258452801     
  0.132538801779168     
  -2.07969427829283     
   4.32001207349941     
  0.477997779587469     
   1.25101139147492     
 -0.882191123920980     
   2.81231972172734     
 -0.934698681145841     
 -0.681904128626062     
  -1.98942197585392     
 -0.240888227644725     
  0.462366771094567     
  -3.33309151463934     
 -0.919901608532185     
   1.71473878163241     
  0.474489332030415     
   2.58553321961227     
   2.13149250745246     
 -0.308757409119323     
   1.11281632561799     
 -0.214458631127369     
   1.60162524763541     
 -0.783088277486280     
  -1.44340655651737     
  -1.31058573712295     
  0.601449824610506     
 -0.145722425557306     
 -0.123111783075690     
 -0.173147878441953     
 -0.194211217767835     
  0.209034296815019     
  0.362462651061291     
  0.413137131593373     
   1.04892312169976     
  0.118800391457132     
   1.12129373293884     
  0.870993751999100     
   1.62842189685553     
  0.178749552734652     
 -0.368569156814438     
   1.83524715446679     
  -1.45873903297181     
 -0.115361886995259     
  0.118416294090321     
   1.06729529933657     
  0.378788294570542     
  0.431027964783950     
  7.830441503992741E-002
  0.699918631433184     
 -0.588290808829280     
 -0.776771593214790     
   2.86127134092971     
 -0.135711753715523     
   3.10738381744311     
   1.20822109184242     
   2.14198570326445     
  0.804158787304761     
   1.19761155290360     
 -0.692899001537847     
  3.645282960412937E-003
  0.765114977990275     
 -0.445900282879893     
  0.509266304486560     
   1.16780721976405     
 -0.109888832757919     
   2.08254234959225     
  0.671576119229713     
 -4.845200070044050E-002
 -2.527888125533392E-002
  -1.42923286214584     
 -0.807323385146483     
 -0.401274381897063     
  -2.95627445950385     
  -4.80801058088355     
 
  -1.55917363482905     
   1.45002608081954     
  0.866475789679220     
 -2.452351711830378E-002
  -2.89292112101202     
 -8.047084001123253E-002
   1.01753477357311     
 -0.127881200054317     
 -0.199800843695137     
  0.713151854721938     
 -0.144305766030780     
  7.545912408267831E-002
  -1.26031612658374     
  0.122549624381736     
   1.62579603848769     
  6.177535832757348E-002
 -0.555851427313287     
   1.81949863370961     
 -0.155770470835776     
  0.251904706578309     
 -0.284756388956299     
 -0.290501223144901     
 -0.816611656013031     
 -0.896770032700342     
  0.794403596394383     
 -0.984480518935628     
  0.475931825084775     
  0.223778503924477     
  -2.62553937361512     
  2.217989132376869E-002
 
  0.324275566241645     
   1.62788263249915     
  0.764316010840448     
 -0.260641484331442     
  -3.55736104906416     
  0.380903955797767     
 -0.646980107060826     
   1.77385811876736     
  -1.67575325536054     
  0.598443579349515     
  0.429800066810145     
   4.12080637329721     
   2.90715326365681     
  -3.25620938981728     
 -0.252094872007841     
  -1.37635323990244     
   1.03046589439516     
  0.537184344857465     
  -3.43201986940994     
  2.460583606679247E-002
 -0.464464481944184     
 -0.394752893562887     
  -1.02395047175471     
   1.47441850465160     
 -0.283941018484234     
  -1.96250565695251     
  0.153261437799615     
  -1.92380330264034     
  -1.19344845175658     
  -1.90746180488357     
  0.781650778459764     
   2.75012236141650     
  0.810630903456241     
 -0.361582391150474     
   2.31105547300048     
  -1.13414706690406     
  0.343450226644656     
  0.764924689826830     
  0.381066850237630     
 -0.124383667848035     
  -2.59378047373507     
  -1.46875443477306     
   1.81302754337174     
  0.748538586491915     
   1.13095478981928     
  -1.29986941440353     
  -1.94405608718713     
  -2.17353322875837     
  -6.02129199089153     
 -6.081426802412620E-002
  0.267227669229380     
  0.485285045479907     
 -0.626305401203646     
  -1.16429794282450     
 -0.979961018378433     
 -7.789594376596962E-002
  0.593632388042517     
  -2.19567950731317     
  0.202864488148037     
  0.543892124895290     
  -1.38229150404536     
  0.946292191044998     
  -1.30983327510301     
 -0.670626724947537     
  0.828103292429354     
  -2.52953686337863     
  0.216149822454919     
  -2.43569376037593     
  -2.09715060171198     
 -0.192762380207494     
  0.555295831307099     
   2.84908818868421     
 -0.499049914977906     
 -4.637851531649639E-002
  0.259388898860796     
  0.510173275304011     
 -0.570364346212648     
   1.97214312272326     
  -1.18361119157771     
  -2.31741537393497     
  -1.88389038594729     
  0.139734800270082     
  0.683234147085883     
   1.39147452207274     
   2.47437130978550     
  -1.08657818734287     
  -1.29815035619167     
  -1.66350554358839     
  0.983349380043588     
  -1.17400054504102     
   1.09485389750553     
 -0.608125877784076     
   1.27997243604905     
 -0.109985471255173     
   1.68199895575366     
  -1.41697390374126     
  -1.36332954248300     
  0.426473470444977     
  0.449619526501606     
  -2.44488361644965     
  -2.25384259886544     
 -0.577063135292402     
   1.60541599148951     
  0.966671130017651     
  -1.18244238570927     
  -1.27236455965334     
   2.14953554601187     
  -1.12196733575632     
  -1.90554780094356     
 -0.413988002265828     
  0.922829292218137     
  -1.03449786640153     
  0.731559366265650     
 -0.496727502657762     
  0.211954179181954     
 -0.273834189656015     
   2.91689434656750     
   2.30030957859649     
  -1.22497527955005     
 -0.163816548114337     
  -1.35354600021831     
   4.00775208042575     
   2.01285018304207     
   1.14787861121237     
   1.83862773908415     
 -0.690112077709138     
   1.96390173522920     
 -0.833828708044269     
  -1.02119123992073     
  -2.39991564763731     
 -5.369825951078716E-002
  5.677663347007179E-002
  -2.06642433754575     
 -0.639011637622785     
  -2.59890558843947     
 -0.311039021835258     
   1.33008374417205     
  0.713719587829935     
   2.92910894137986     
  -2.07196765484960     
  1.001274401369608E-002
  0.241348625087372     
  0.212238148291812     
  0.580335007849538     
  -3.38926646063709     
  0.850288484582654     
 -0.679517117541867     
 -0.846217856913310     
 -0.688252149112846     
 -0.461338061375306     
   1.00323078809273     
   1.06307096329275     
  -1.33904639690534     
   2.62736439540284     
   1.09957213414352     
   1.13558816152310     
  0.757754486568173     
  0.416293619522517     
  0.517001373450022     
  -1.53864967921471     
 -0.106944655570456     
 -0.307334071000335     
  -2.70359889049880     
 -0.314200609106241     
  -1.01422568307727     
  -3.88992615991631     
  -1.47813120536278     
 -0.562147035332884     
  -4.74914709655865     
 -0.585208489477781     
  -1.42905129188514     
 -0.562564364333757     
  0.366563397656678     
  0.226269415270991     
   2.55478299767444     
  -1.89374069114307     
  -1.15535031818464     
  -2.09196454329146     
 -0.371469826280545     
  4.096660541680611E-002
 -0.593749385462750     
 -0.115854693498944     
 -0.545083889831099     
  0.734188818513166     
   1.00118554556128     
  0.105420059357306     
  0.965401925859877     
 -0.110950198560600     
  2.385011130617362E-002
 -0.356916409412573     
   1.09252203108698     
 -3.428469301438754E-002
 -0.103546216451706     
  0.616015821808146     
 -0.320083253732207     
   1.86335453571483     
 -0.888032381757563     
 -0.324581750377293     
   1.13855477224632     
  -1.88447015335372     
  -1.42258023557747     
 -0.948780533383685     
 -0.392519453278476     
 -0.908912176390069     
 -0.531167812586143     
 -0.744017972983530     
  0.643584967537336     
   2.14565553485321     
  0.276596585977940     
   1.34958854317275     
 -0.647908075947010     
   1.16008610943005     
  -1.17617774827571     
 -0.549683707191203     
  0.818564699989970     
  0.488069594892125     
   1.16027147142013     
 -1.624203890915432E-002
 -0.267536407696869     
  0.322704683468626     
  8.112241257265425E-002
  0.942119612736602     
 -3.930417210321578E-002
  0.357333280028821     
  0.819220080250607     
   1.41483315214621     
  0.751197914921528     
   1.77241891517053     
   3.22907040757728     
   1.01257877806073     
   1.69280747874509     
 -0.192502412956729     
 -0.715787969078346     
 -0.377735108836626     
  0.215591218059269     
   1.48493966117676     
  7.462620779339171E-002
 -0.407085123104490     
  2.061257644078710E-002
  7.586910376142499E-002
  -2.29433913205827     
  -5.02365450405548     
  0.237021219151097     
   1.28490452191377     
 -0.484990761398671     
 -0.233599391911024     
  -1.15015906321259     
  2.379445662026920E-002
 -0.807390307400949     
 -0.126634016266550     
 -0.432932855209801     
   3.31414527272570     
  -1.62098441976529     
 -0.188636482074764     
  -2.04641649926617     
   1.95740816556040     
 -0.496575757385676     
   1.13536484725784     
   1.15346309578779     
  0.620686793372874     
  0.860697242280727     
   1.04306105616804     
   1.70438949584985     
 -0.957788217480423     
  0.526709451516851     
 -0.343810758447027     
  -1.25191065733923     
  0.856269244549927     
  -1.64935711603870     
  0.409565350474226     
  0.188454800401360     
   1.19097500661431     
   1.39392623327604     
 -0.380076813466703     
  -1.58977395755333     
 -5.981368297230183E-002
  0.553861412261816     
   2.10968902672686     
 -0.977518062563609     
   1.03658346169782     
  0.205882921555318     
 -0.244635956413077     
 -0.377640899706058     
  0.950335675424347     
  0.144167143251975     
 -0.281686435633304     
 -0.664368244755788     
 -0.126234823366178     
   2.08738335897158     
  0.519294809976680     
  0.240705426446411     
  0.878098376374652     
  0.477164768313591     
 -4.771890346650340E-002
  -2.37205428894972     
   1.54608962121340     
 -0.241624684921989     
 -0.990807968647821     
  -1.34885769368514     
  0.427980302386847     
   3.19335630497913     
   2.05292749770576     
 -0.458205593781912     
 -0.818489841078425     
  -1.32010446772644     
  -1.54731641492437     
  0.754118663623882     
  -1.26256980800815     
  0.502659975721896     
  -1.21715773125772     
 -0.140948379596081     
 -0.314306392609236     
  0.398614465618815     
 -0.690527626115976     
  0.172013375127093     
  0.729829585628795     
 -0.846836372545611     
 -0.275660934384308     
   1.09726510937056     
  -1.43551241594509     
  0.322558665854342     
  -1.89867123587036     
 -0.960732540792521     
   1.06127045316993     
 -0.597401020262200     
 -0.688513992160360     
   1.46352679755936     
 -1.078297933386786E-002
 -0.746752572021455     
 -0.159552040890877     
   1.65859609099794     
   2.02965903391887     
  -1.06226186696444     
 -0.370045124746793     
  0.377395575696254     
  -1.66203586342264     
 -0.597366714318481     
 -0.244936360880868     
  0.275577631493292     
 -0.674358245384441     
 -0.612204201163685     
   1.18087698481811     
  0.238707264556486     
  0.641102618344426     
  0.360160880685201     
 -0.183727485445672     
  0.825415188761306     
 -0.828859757627498     
  -1.61321467524537     
   3.60522382703288     
  -1.15684015941406     
 -0.861825606561527     
  -1.42329686874599     
  8.580857547742106E-002
  0.335846153024057     
  -1.32170124137132     
 -0.675606979898472     
  -1.94981161626925     
  0.630744123633270     
  6.413855369923424E-002
  -1.51822032070555     
  0.691607146790148     
   2.48235193808369     
  0.789370141621821     
   1.30657722682171     
 -0.957881351375613     
 -0.177482927755594     
  -1.09956395603573     
  0.731794845544836     
  0.698613088827015     
   1.15753307531258     
  0.194179453780392     
   1.67568923363040     
 -0.628075625385309     
   1.26677475515743     
  3.430065247415544E-002
  0.555412029252508     
  0.146846092362473     
   1.28804243620135     
  0.256103995626373     
   1.17817445722322     
   1.06568910643809     
 -0.594650998831452     
   2.74417084960902     
 -0.176598725115959     
   2.23497270289069     
  -1.56651985942667     
  -1.18818208909372     
  -1.75141942593571     
 -0.897165214246466     
  -1.61261857471082     
 -0.843303913506623     
   1.92789915033434     
  0.702028665951372     
  -1.05775562652002     
 -0.596498976910891     
 -0.566105725606610     
  0.944700326697380     
  0.372266107425884     
   1.26458120311198     
 -0.248464111368047     
  -1.61419389243061     
  -1.96756415726480     
  0.965837060240444     
  -1.38821076621758     
   2.99713360553722     
  -1.03204851558332     
 -0.944529706816417     
   2.29977982546834     
  -1.21485654597543     
 -0.142732884668298     
   2.47885651656627     
 -0.927272018223603     
 -0.522064694882485     
 -0.770521342749120     
   3.15199752406991     
   1.26077862552499     
  0.565439978534430     
  0.395727466190892     
 -0.666078658064455     
  -3.68434042712311     
  0.218203102081578     
   1.22438307746387     
  -2.18105940100397     
  0.813675100777194     
 -0.703194951196294     
 -0.772596128058127     
  0.807187258180653     
 -0.186969358819872     
  0.175197877796351     
 -0.263052344928473     
   1.32412046410504     
   1.42908736890816     
 -0.717489728292498     
 -0.578844209508358     
   1.72350343264886     
   1.13892845189146     
 -0.812198796356221     
  -1.94291919966327     
  0.510003758870529     
 -0.155917266711918     
 -0.339744748426295     
  0.785001070016176     
 -0.128235462730323     
   2.33064254410322     
 -0.733819113702751     
  -1.41794209149235     
   1.05986362170207     
  0.360083542048876     
 -0.926255876007746     
 -0.264923045612292     
   1.27336617180680     
  0.615861409813942     
  0.181300493351098     
   2.27293822680245     
  -1.73378282792972     
  0.220993034244471     
  -2.17501870494827     
   2.53854007272499     
   1.47674397297618     
  0.102983469946758     
  0.421260813144167     
   1.00941450135274     
 -0.346760036982311     
 -0.446512828217038     
   1.17521742288351     
  -3.16607289367126     
  1.955991139947706E-002
   5.93783680167836     
  -1.51699497212911     
   1.40652047748560     
  2.184801877817315E-002
 -0.794209650423113     
  0.581933161367275     
 -0.756606598899173     
  0.883881138046723     
  9.871432081317834E-002
   1.95579921442312     
  0.755524201989828     
   1.17351760059881     
  -1.67007379710680     
 -0.131674782586270     
  0.848599023728839     
  0.768388537174965     
  0.655636449331463     
  0.458774981548494     
 -0.930086529090586     
  -1.13267371710437     
  0.514765896388364     
  0.454226975203530     
 -0.985471628801071     
 -0.470001053897923     
  -1.07043879482864     
  0.168780226922950     
   2.87343258199371     
 -0.681220841307374     
   2.45122336130044     
  0.204685046740561     
   1.69618428464725     
  9.634159886183824E-002
   1.54616297520871     
  0.652701514364183     
   1.28667033822493     
   1.35039406743828     
  0.575286771181865     
   2.53826571084822     
  0.918222156584750     
   2.91139535244413     
  -1.10934963147986     
  3.124715078241726E-002
  0.554935691424343     
  -1.33328085300694     
   1.54745022287852     
 -0.883375149333289     
 -0.303256257823411     
  0.734428295498406     
  0.153060893155705     
  0.257535517127150     
  -1.02055667597951     
   1.64855426283784     
 -0.825643325254773     
  0.106077212938925     
   2.49120134285386     
 -0.640839006207172     
  0.862032796725656     
  -1.58319225871476     
  0.806518594433394     
 -0.309045886574295     
  -1.27670872414537     
   2.52999102393036     
  0.710476537046901     
 -0.466218966761473     
  0.627799981648099     
   1.67695553816899     
  0.706118094566618     
   1.73445520976992     
 -0.684538604603188     
  -1.26745321465170     
  3.596053442574282E-002
 -0.230307818279118     
   1.16223917436916     
 -0.977560076811735     
  -1.12642555619760     
 -4.289180339890779E-002
  0.519801418798612     
  0.145337045240970     
  0.432673150683539     
   1.14783161491890     
 -0.771228183540877     
 -0.515997777507415     
   1.79486657425035     
   1.24640523883830     
  -1.51879482127969     
  0.921489940435249     
 -0.807004800881580     
  -2.47638299519707     
  0.287109930423501     
 -0.165300827745257     
  -5.04498946896540     
  0.237635515269123     
 -0.966113801648313     
  0.885139245471056     
  0.173497375957932     
  -1.67579163019870     
  0.142965656160922     
  0.798124559838042     
 -0.293840964701267     
  0.436022313325728     
  -3.04967142529902     
  0.176853938393415     
  2.751850984988930E-002
 -0.743796757347668     
  -2.17387010173801     
 -0.324087412203900     
  0.690121587318719     
   2.67976816052498     
   2.26818933858961     
  0.720421360934233     
 -0.158538790800137     
  0.255517788049160     
   1.55049296510437     
  0.440021331579731     
 -0.410297701677189     
  -1.13256844311296     
  0.656547885834973     
  7.011704116934525E-002
 -0.500817394031114     
 -0.284106266337100     
 -0.260512053276344     
   1.43088157787833     
 -7.391216500554251E-002
   3.35997061493317     
  0.482439875742459     
 -0.709219643127964     
  0.669829698581539     
 -2.368387907827915E-002
   1.27582914606054     
  -1.23874537829292     
   1.13949545689211     
  0.848993245396021     
  -1.27532298890925     
 -0.358309429886207     
  0.348958575484771     
 -0.505576561324693     
  -1.77918702001252     
  -1.61783987278686     
 -0.684948407743499     
  -1.66430217768936     
 -0.508495872774114     
 -0.827858787366511     
  0.403576062623922     
  -1.09651602360778     
  0.114845908837892     
  0.287121846305795     
  -2.56725000929169     
   3.55547899869049     
   1.41353793483790     
  0.286074822037144     
   3.80102023430073     
  0.814844301799790     
 -0.689482052494665     
  0.783022113382136     
 -0.265973231451658     
   1.07360849952059     
  -1.57117131508395     
 -0.855726227064595     
  0.168578017317358     
  0.823886436102772     
  -1.16671007207234     
  -1.29708857511617     
 -0.511116373475129     
  0.621470761584810     
 -0.311742343920606     
  -2.30427169126113     
 -9.796624175088142E-002
 -0.644767459866142     
  -1.10316336181084     
 -0.601151586799860     
 -0.837766902344269     
  0.886300285543820     
 -0.504472472884364     
   1.49300797460951     
   1.11580861687294     
  0.734621137368759     
   1.43300001965246     
  0.760835116039378     
  0.833153304151612     
  0.902014632524061     
   6.71974587330105     
  0.216075734929391     
 -4.695638273578618E-002
 -0.343787309840541     
 -0.670521955194962     
  0.857176172311484     
  -1.10826777538344     
  7.747673161377122E-002
  -1.09540299990550     
  0.508823767274768     
  0.586498893274185     
  0.645967207210489     
   1.02782294536795     
   4.23818444518983     
  0.292606386871843     
  0.936183091077789     
  0.880885511378254     
  0.699075897178857     
   2.70074571509593     
  0.499272446823188     
 -0.120676843848117     
 -0.283587735961458     
  -1.47013757820585     
 -4.043610679876949E-003
  0.178771651281843     
   1.11400231619472     
 -0.728595886835636     
 -0.939028769832693     
   1.45413016092613     
  -2.36094679874175     
  -10.0288334438508     
  -1.69297432783175     
 -0.175515216152645     
   1.17664999022511     
 -0.331533131591283     
  -1.82499404397092     
   2.46068278657083     
   1.30359689391710     
   2.60033602558719     
  -2.85750474718304     
  0.817580287156702     
 -0.265188213971619     
  -3.03213490877267     
  -3.41861330373949     
  -2.34642010943118     
 -0.669687794148887     
 -0.116891390394212     
  -1.18110698862767     
  7.405750796753746E-002
  -2.39146613819599     
  -1.92399803049792     
 -0.630653114579994     
  0.948674381929337     
  7.763306279733394E-002
 -0.764576427721888     
   1.84934310715985     
 -2.710879360476064E-002
   1.86498089020799     
  0.755628725063092     
   2.01218560853497     
   1.98448119644660     
  -2.32374688237962     
  -1.48460864965104     
  0.211907256905940     
  0.748823933557177     
   1.04380998048538     
  -1.40734750529731     
 -0.844113964728361     
  -1.29737604244605     
   1.23448072330753     
 -9.499638595908388E-002
  0.273677227303481     
 -0.941424048985697     
 -0.890767635736452     
  -1.85273413958647     
  0.460076499248025     
 -0.815300085022764     
  0.748837405048412     
  -2.02310382880235     
  -1.36475861143842     
  0.669511770105233     
   1.93396713639368     
  -2.34921656279369     
  0.106163876434400     
 -0.331976467485644     
  0.978122316365954     
   2.47939893313906     
  0.273893002578549     
  0.968616193841847     
  0.365570909709554     
   2.35259236623485     
  0.974410792067306     
   1.04113362014054     
   1.67756956358723     
  6.009046697125835E-002
  0.440574122851718     
  0.267984166292254     
  0.704073702348428     
  0.670561826483341     
   1.90402224441902     
  0.916598241555540     
  -1.01581335997030     
  -2.08306155164168     
  2.628241192928227E-002
  0.725841665712894     
  0.646690721161056     
  0.716429083298670     
  -1.66500158303375     
 -0.426277806958309     
 -3.124699071690703E-002
  6.455844429090669E-002
  0.590433099982744     
 -0.716293951006273     
 -0.618084889337068     
  -1.29748284719992     
   1.10637978159456     
 -0.745637588442421     
  -1.02919523885280     
   1.38495961203884     
  -1.19652543968441     
  0.418681050600265     
  1.350534197394026E-002
 -0.432013519266878     
   1.18386263292565     
  -1.85525003727369     
  0.470784092049491     
   1.28238653692515     
 -0.815755209692887     
 -0.863546336708559     
  0.719486008948832     
 -0.142459434304104     
  0.528178933322663     
 -0.693945228583288     
 -0.861247965997355     
  0.516800625611095     
 -0.568511976779053     
 -0.303711573639962     
 -0.947034902456136     
  -1.58517437752702     
  -1.34217763594405     
 -0.911606991272684     
 -0.592268308611825     
  8.257333651411955E-002
  0.651578566294547     
  -1.28613499280830     
   1.14377311319376     
   1.32852528164870     
 -0.325161805977054     
   1.45932225501180     
   1.71088985455804     
   2.05019527147390     
   1.07175596734514     
 -0.911040200924279     
  -2.52815344236308     
   1.48551219974427     
   2.49491286152896     
 -0.474918400921909     
  0.951183251278721     
   1.27736646357688     
  -1.79133585442023     
  0.758613084763113     
   1.29993545587775     
   1.13111174046162     
  -1.22471107554773     
  8.739197552460326E-002
  0.110261777565967     
 -6.990888613719592E-002
  -1.11353169117653     
  -1.14256425320432     
  -1.17328898320856     
  0.878505657607398     
  0.485536231510851     
 -0.918066339699292     
 -0.465157875991293     
 -0.221663071493739     
  0.284053207270506     
  1.735894629711079E-002
  -1.03247388853046     
  0.798141069818598     
 -0.941392257955343     
  -1.42502076893773     
   1.79519301908999     
  -1.40078731484121     
  0.281414608922359     
 -0.752284776517434     
   1.08455810246807     
  0.454791521962973     
  -1.78767542813159     
  -1.20873384483351     
   1.65502660680422     
 -0.191519524432638     
 -0.150832457070536     
  -1.68433555206122     
  0.367432456458659     
  -3.77783124605533     
  0.614922269224604     
 -0.598624577060505     
  -1.19765397285638     
 -0.801798351390624     
 -0.662046018753216     
  0.648078396113089     
 -0.773542641194588     
  0.498208323072679     
  -1.56252594705375     
 -0.145925028430512     
   1.16550281300290     
  0.659485627018419     
   1.21113943770626     
  0.394959035014449     
  0.603894235342779     
  -1.50045343447859     
  -1.18555850503923     
  -2.21233109181612     
 -0.244188965376669     
 -0.999093940179441     
 -0.566478316345922     
 -0.657117758066819     
 -0.957515781927621     
  0.779903264657079     
  2.704935369940665E-002
  -2.58864271016685     
  -2.16814202876800     
  0.799116140419083     
  0.277482163409795     
  0.764645763913979     
  -1.60433979098581     
   1.25193109041130     
  -1.76481201368062     
  0.414453337328816     
   1.25022877668383     
  0.153125204575775     
   2.40646356924857     
  -1.67772997651968     
  0.814200270796550     
   2.25621663216096     
 -0.509295372203196     
 -0.677099284615559     
  -2.26147902733075     
 -0.960254573341989     
  -1.21108290294876     
 -0.846665079835703     
   2.59071510131739     
 -0.545816959633323     
  -2.27412712069798     
 -0.835314044911819     
   2.93306864913557     
 -0.460812833006446     
  -2.80737944927955     
  -2.13010441243978     
 -0.406072621366279     
   1.04090927456091     
  -1.41581595210054     
 
 -0.808069303193688     
  -2.05704310947311     
  9.675017423981999E-002
  0.424646489774323     
  -2.64952070339373     
  -2.87134608065915     
   1.15441023820092     
   1.45675959288058     
   1.23039081117668     
  0.256257860308090     
  0.919488522526226     
  -2.22987848865494     
   2.35383510731729     
   3.88618567048016     
   1.18556333775125     
   3.64452136130266     
  0.478470052621802     
  0.834988891918947     
  -2.69255389403139     
 -0.644026665832471     
   3.30946124111618     
   2.60298723258965     
  -3.68733407427083     
   1.11926526866101     
 -0.422838673524202     
  0.165017680012007     
   1.93757322048256     
 -0.324554770092144     
  -2.89170373025437     
  -1.26127767063235     
 
  1.185993405989395E-002
 -7.069728363124923E-003
 -3.340868234816153E-003
 -6.428612752458394E-003
 -2.720072216876075E-002
 -1.059090695923134E-002
 -2.284048980955507E-002
  2.295483477195513E-002
 -8.046693859782648E-003
  2.636608767029948E-002
  2.414756853428318E-002
  2.532971842550823E-002
  1.312865304826093E-002
  1.429396691920774E-002
 -3.462697495588607E-002
 -6.046568773960932E-003
  9.900991288326284E-003
  1.864609446582308E-002
 -1.540852700712437E-002
  3.444947940563846E-003
 -1.214617747284045E-002
  3.546849534761913E-002
  6.049833662448850E-003
 -3.732646880146016E-003
 -2.923878992864783E-002
 -1.551121194233393E-002
  9.600263992858713E-003
  2.843653224815128E-002
  1.157542342122257E-003
  8.691726048085519E-003
 
 -5.099142396373572E-002
 
  tansig  tansig 
