 0.426892551180645885E+01
 0.580382524831361124E+01
 0.429626771562453147E+01
 0.429626771562452792E+01
 0.431669459946840028E+01
 0.425573222020159747E+01
 0.181176385943327389E+01
 0.643730766153375766E+00
 0.182902075949923137E+01
 0.182902075949925913E+01
 0.169061461534172386E+01
 0.209602176197080325E+01
 0.120150912972907786E+01
 0.101916168154049180E+01
 0.104845530751362026E+01
 0.104845530752399507E+01
 0.111827177462515626E+01
-0.988172715230600102E-01
-0.693310397907749426E-01
 0.116495015675630431E+01
 0.735605178363105572E+00
 0.735605176582653564E+00
 0.188000162458800224E+01
 0.866422460238462588E+00
 0.768357608986884877E+00
 0.955309627200968348E+00
 0.652346703766066405E+00
 0.652346716418406691E+00
-0.219284540308811560E+00
 0.950714445736541403E+00
 0.938897898731645753E+00
 0.226259068758240062E+00
 0.644238606194698860E+00
 0.644238490219492310E+00
 0.144609919047457147E+01
 0.408300173027643154E+00
 0.407618834614158931E+00
 0.533292460935683582E-01
 0.643163552744206557E+00
 0.643164317563619581E+00
 0.206323964049740161E+01
 0.676238994575301788E+00
 0.747677566782485425E+00
 0.984654450733381981E+00
 0.711108001781194821E+00
 0.711147213637842279E+00
 0.105564468824087054E+01
 0.604296305760012031E+00
 0.786082463386656438E+00
 0.682037070859296657E+00
 0.925025561874143754E+00
 0.924615830639521685E+00
 0.226079872911848279E+01
 0.135036257992695641E+00
 0.183477594830979168E+00
 0.287408612800279872E+01
 0.125685847469961387E+01
 0.124403775399761929E+01
 0.137106762528612780E+01
-0.118762575506149370E+01
-0.184182639900581568E+01
 0.203024918291100542E+01
 0.194919578718303255E+01
 0.195651289507234205E+01
 0.402152581426961042E+01
 0.251075056059532375E+01
 0.328562494747233602E+01
 0.648090927703363029E+01
 0.255076167516936536E+01
 0.241288830426339551E+01
 0.299780531741094114E+01
 0.862900785724956521E+01
 0.148265366288604454E+02
 0.303157941194702474E+01
 0.438277053793836124E+01
 0.389826300153024841E+01
 0.686341603630843977E+01
 0.486105448943424978E+01
 0.118525814517966790E+02
 0.252284582432347264E+02
 0.106863942583566871E+02
 0.952837473404115620E+01
 0.581661042217829802E+02
 0.518932602266616705E+01
 0.166499743552539421E+02
 0.871913923159055599E+02
 0.342873408944840250E+02
 0.394215802510371205E+02
 0.787649031776976898E+02
 0.680019259298705236E+02
 0.261779061053542307E+03
 0.459801689227331224E+03
 0.131991966148683503E+03
 0.368217207544087955E+03
 0.466372099454886609E+03
 0.137282897557626740E+03
 0.475354289919215400E+01
 0.127752267311654077E+01
 0.457033967521782447E+01
 0.457033967521784046E+01
 0.451426762872103371E+01
 0.187385701320024567E+01
 0.757925421602521410E+00
 0.291311219445434322E+01
 0.184858108212338301E+01
 0.184858108212600802E+01
 0.180819127108746236E+01
 0.305210305791772374E+01
 0.163568896678161946E+01
 0.844156821754088460E+00
 0.990695144577898312E+00
 0.990695144537233507E+00
 0.120541970173994484E+01
-0.259408464647014336E+00
-0.160640556498533288E+00
 0.149144189616985789E+01
 0.613495089922927006E+00
 0.613495102542475967E+00
-0.472849772914831212E+00
-0.256069081841500401E+00
-0.182878918567442011E+00
 0.678627062751645305E+00
 0.438144729479626238E+00
 0.438144753235664097E+00
 0.119834496258483125E+01
 0.497966201070704828E+00
 0.444012205169758145E+00
 0.284759308698742442E+00
 0.390672312902886287E+00
 0.390671897372102950E+00
 0.693371632319601194E+00
 0.292455922936100503E-01
 0.294540284554657243E-01
 0.377878888433378080E+00
 0.393456672221967285E+00
 0.393456579446127996E+00
 0.969575418364136854E+00
 0.982646511026650571E+00
 0.102223282579101249E+01
-0.867091048198836561E-01
 0.409307234451557089E+00
 0.409232751025642771E+00
 0.491639409377607306E+00
 0.515550480152838331E+00
 0.570387204888946675E+00
 0.513303317117477231E+00
 0.452843355572933648E+00
 0.452512474463728165E+00
-0.167094983707087863E-01
 0.768152909502059944E+00
 0.908250234162709669E+00
-0.748926899694298161E-02
 0.535433868244745925E+00
 0.532421287771586482E+00
 0.108874023961522348E+01
 0.114444367988269818E+00
 0.163027434964937407E+00
 0.145988456721547166E+01
 0.762732248582491668E+00
 0.825959922207241015E+00
 0.433779422980047458E+00
 0.509624675028409357E+00
 0.744003720050904316E+00
 0.147424126953537638E+01
 0.111351678628302397E+01
 0.106428620136012309E+01
 0.210570801071219682E+01
-0.165478548559252064E+00
-0.220566850527807806E+00
 0.349814790718955448E+01
 0.148420984289906421E+01
 0.145211923589869252E+01
 0.383377420192579388E+01
 0.443695492664634106E+01
 0.968946658970883057E+01
 0.222641082590404915E+01
 0.324123231419830171E+01
 0.543745853503463916E+01
 0.969523402740809992E+01
 0.619872307512700282E+00
 0.200712936041005374E+01
 0.213061830410505699E+02
 0.104950204467779766E+02
 0.102893467744940992E+02
 0.167342880556448002E+02
 0.970295567709249163E+01
 0.376935595881768393E+02
 0.735468394783599564E+02
 0.407705334080533106E+02
 0.872945067048441103E+02
 0.334473760267549238E+02
 0.469512985423847411E+02
 0.535813552485042521E+01
 0.133317413331736478E+01
 0.465277958656637836E+01
 0.465277958656642543E+01
 0.482730039154368029E+01
 0.400004445421596966E+01
 0.139941194982392103E+01
 0.256629711497155144E+01
 0.162777074801635302E+01
 0.162777074800248611E+01
 0.197154690863745308E+01
-0.103867964361812315E+01
-0.467176450219035089E+00
 0.162669261062109372E+01
 0.732137348123720000E+00
 0.732137347243656089E+00
 0.913789796373874585E+00
 0.899070044620715159E+00
 0.478854043722186262E+00
-0.134446241951125200E+00
 0.389943955764849415E+00
 0.389943954623964362E+00
 0.752955103637899414E+00
 0.378100849501527073E-01
 0.253546283135204706E-01
 0.377215934173888601E+00
 0.261488015024459619E+00
 0.261487969792979225E+00
 0.247701095551035810E+00
 0.379009062182390721E+00
 0.300934344923617592E+00
 0.387800858915058819E-01
 0.207622277033825769E+00
 0.207622391750891033E+00
 0.246326861385278706E+00
 0.147641038585111850E+00
 0.132683531850658176E+00
-0.136534782225955470E+00
 0.186588073829099643E+00
 0.186586874814287595E+00
 0.526369639616908969E+00
 0.155757443695715037E+00
 0.141042242886636193E+00
 0.180711541744048299E+00
 0.168960146008594686E+00
 0.169013707914948880E+00
 0.302160942714479130E+00
 0.159773917341981764E+00
 0.148187601867520752E+00
 0.219076064431754675E+00
 0.156707673347012189E+00
 0.156189231588678756E+00
 0.260090576819274555E+00
 0.187955180199200739E+00
 0.214732942000590982E+00
-0.197974811136845258E-02
 0.179033638212088092E+00
 0.181787739783238117E+00
 0.334395826465598567E+00
 0.498529134338365765E-01
 0.693925291387677140E-01
 0.524786783199416074E+00
 0.249205033381653368E+00
 0.276457194855495580E+00
 0.130415144072852596E+00
 0.256240571988429977E+00
 0.330101225047145674E+00
 0.600999437067511577E+00
 0.321037711432025030E+00
 0.388761640234308092E+00
 0.550813106852126588E+00
 0.220417910791597060E+00
 0.290700288014818675E+00
 0.801957690658308908E+00
 0.423403682766717193E+00
 0.211995753582397833E+00
 0.179136226526516884E+01
 0.105897456525067346E+01
 0.231191060589310959E+01
 0.646606085048249790E+00
 0.924357861730950137E+00
 0.498244662229853197E+00
 0.294152670331830191E+01
 0.132784912553792056E+01
 0.401065840628992731E+01
 0.733041588681542411E+01
 0.279194643221952798E+01
 0.252054160851777231E+01
-0.246412330481086972E+01
 0.371907017839466614E+00
 0.126191866990790524E+01
 0.102971345112541481E+02
 0.947336070361914828E+01
-0.903085084765914026E+01
 0.177638187167702881E+02
 0.952651518451114754E+01
