 0.387868279497876278E+00
 0.190687368089483855E+01
 0.291377811023077804E+00
 0.386802887635271109E+01
 0.226712572755821418E+01
 0.841689972326953861E+00
 0.307596627782660781E+00
 0.138789515309069156E+01
 0.605301233559168317E+00
-0.175348273953807032E+01
 0.158418403733970892E+01
 0.875588347744267748E+00
 0.452366723289331807E+00
 0.179731830171818464E-01
 0.574698231032252260E+00
-0.106259807524024130E+01
 0.761875096306845023E+00
 0.975656455995830701E-01
 0.695388154597312569E-01
 0.413956570712422367E+00
 0.959808723548575826E-01
 0.610155280025313010E-01
 0.312681979647910169E+00
-0.140273800456830799E+00
-0.125869269884241491E+00
 0.208739013975319798E+00
 0.991667994558828592E-01
 0.734481882402867936E+00
-0.163435026121839772E+00
 0.803634666612393356E-01
 0.972587942957018475E-01
 0.267004007631792883E+00
-0.303583963503308712E-01
-0.404142751105887099E+00
 0.838049793884509620E+00
 0.109993822692510332E+00
 0.146230544884784874E+00
 0.934759777102358580E+00
 0.419524989102611767E-01
-0.416642110485373085E+00
 0.591021406946340533E+00
 0.145148045378348856E+00
 0.213394395429587935E+00
 0.552595100417263674E+00
-0.243205400177037095E+00
 0.202408704184699390E+00
 0.222640118358261474E+00
 0.181404875850373126E+00
 0.254348509353381436E+00
 0.592062450194497450E-01
 0.111600393684928201E+01
 0.327340875104698092E+01
-0.508004359662968599E-01
 0.175856853191233675E+00
 0.219456913362782030E+00
 0.212098184377837073E+01
 0.322163490256031360E+00
 0.898315729682864994E+00
 0.314339970164009552E+00
-0.789870002017201589E+00
-0.111716276203349962E+01
 0.948513002967157015E+00
-0.237298404691761063E-01
 0.409376466649821413E+01
 0.924651601867872763E+00
 0.442470981712905290E-01
 0.773921292346952949E-01
 0.151625373096101979E+01
 0.236936134274439603E+01
 0.668784244771410119E+01
 0.234126569635399084E+01
 0.257902325932943066E+01
 0.481978448053224362E+01
-0.909504629581498358E+00
 0.110822821277675203E+02
 0.412774030915540902E+01
 0.527730458387006962E+01
 0.831892486347266669E+01
 0.181900625528678468E+02
-0.475534005067121246E+01
 0.366515913273822420E+02
 0.181626814938409069E+02
 0.314590023466480684E+01
-0.132369007595363311E+02
-0.365949504570287232E+02
 0.586840281807530744E+02
-0.165683307965880822E+02
-0.631237915934728946E+02
 0.258836299606906621E+02
-0.757812453326648949E+02
-0.267809423576972563E+03
 0.134994955743970678E+03
-0.132917031805676970E+03
 0.304463634120159497E+03
 0.188081608000436944E+03
 0.313896597860941888E+02
 0.120644538127583045E+01
 0.280848298358846726E+01
 0.314138416060308323E+01
 0.701442623614444205E+01
 0.538726713509320465E+01
 0.208238371139084810E+01
 0.754296561268231636E+00
 0.116769155353518062E+01
 0.152625280037181410E+01
 0.193480901976262154E+01
-0.511227569916338265E+01
 0.421099345282737181E+00
 0.197180828889866266E+00
 0.574285950088244124E+00
 0.248228561775499512E+00
 0.140532956143489507E+01
 0.122512264836068652E+01
 0.382821537040170468E+00
 0.217851039363265359E+00
-0.350028997582050513E-01
 0.275159618184764532E+00
 0.872519943314683744E+00
 0.167775502381920605E+01
-0.806077032601917876E-01
-0.617185620967348539E-01
 0.300024269746315631E+00
-0.100347972648574854E+00
-0.417656377090710462E+00
 0.514121885439543624E+00
 0.209187306250018523E+00
 0.186096711915802848E+00
 0.209755651941957416E+00
 0.182723432882114067E+00
 0.684894254012603731E+00
 0.396616168422505133E+00
-0.439275465814785958E-02
-0.426701731880808465E-02
 0.426056864681475023E+00
-0.556317801371086287E-01
-0.152954638210115956E+00
 0.455668202702624731E-01
-0.835640986567773580E-01
-0.100490814304470003E+00
 0.290795430126844723E+00
 0.107330322926763269E+00
 0.480886135270900961E+00
 0.364557896528092285E+00
-0.230126757365085276E-01
-0.305957768151261349E-01
 0.729137744917991659E+00
 0.868998789896787277E-01
 0.676585538159082067E+00
-0.164603496323095844E+00
 0.359423426809890034E+00
 0.391737251610171588E+00
-0.188936495775919061E+00
-0.971295038905566218E-03
 0.295988556921943924E+00
 0.524115669936533135E+00
 0.118930531825255009E+00
 0.157690803803484325E+00
 0.343325580143752973E+00
 0.988472582229490193E+00
 0.916350695473532761E+00
 0.195392442460674165E+00
 0.458751564105102316E+00
 0.770134383960972668E+00
 0.197200459132078043E+01
-0.135996334780845163E+01
 0.665190337611729299E+00
 0.661288580292837991E+00
 0.734923873197244060E-01
 0.115587440516707440E+00
-0.664904616795597425E+00
 0.406309398011965950E+01
 0.172705291675912354E+01
 0.250322145922279637E+00
-0.238413434765887988E+01
-0.495901648163212894E+01
 0.380412166534949403E+01
-0.179169031315072469E+01
 0.526376315934571615E+01
-0.325807577359379652E-01
-0.509154080941188525E+01
-0.137955000557389962E+02
-0.199034087296407125E+01
 0.914120616478416892E+01
 0.155041662034128702E+02
 0.740330098226287703E+01
 0.329699536800243687E+01
 0.113393605765717211E+02
 0.181275471998702749E+02
 0.127528441644931938E+02
 0.352452408327717563E+02
 0.327420857267321495E+02
 0.198303749466542492E+02
 0.184190352543487679E+01
-0.327992101916006307E+00
 0.167952157700174198E+01
 0.650537802423054767E+01
 0.339634516756873106E+01
 0.201518558492890798E+00
 0.621428134858221862E-01
 0.117915810839186852E+01
-0.851473948943626269E-01
 0.134958456425002016E+01
 0.847443497433731485E+00
 0.944429184334710903E+00
 0.396044599103517525E+00
-0.306974843403507724E-01
 0.238023566042214002E+00
 0.925351816278954686E+00
 0.469439795923310921E+00
 0.671230273080691969E-01
 0.394371048014211731E-01
 0.232578592783280386E+00
-0.596168918462901196E-01
-0.513394296164280450E+00
-0.507811600553885537E-01
 0.186000442539902659E-01
 0.150040313027730819E-01
 0.268860242633189084E+00
-0.695064428556313452E-01
-0.120187521021763895E-01
-0.239307218782000536E+00
 0.291950893385644339E-01
 0.245289408922303859E-01
 0.163199766209374209E+00
 0.554102303797504581E-02
 0.164753943646382711E+00
 0.252927152130359330E-01
-0.614440687216721848E-02
-0.519468793524888867E-02
 0.187881865729559672E+00
-0.719309019722316340E-01
 0.204782266474826335E+00
-0.661474020657695089E-01
 0.107630488194751447E-01
 0.111955436711831547E-01
 0.145692657051158636E+00
 0.109518342799255153E+00
 0.336562214645659996E+00
-0.384732943142253175E-01
 0.104465348818123371E-01
 0.113863273836767205E-01
 0.276142813338015602E+00
 0.105956116829406394E+00
 0.592406645264843823E-01
 0.113895947511136034E+00
 0.563760587099252156E-01
 0.639782849826371069E-01
 0.217803365446391700E+00
 0.298538773112692890E+00
 0.146793629404150860E+00
 0.121946920205530399E+00
 0.443489132817806789E-01
 0.560096614985372346E-01
 0.243237364456607708E+00
-0.110230741373000776E+00
 0.402587653825090375E+00
 0.132481244218582789E+00
 0.219599540189517606E-01
 0.327999269591603207E-01
 0.228732143353114009E+00
 0.531168435317576959E+00
 0.370153331932927876E+00
 0.176626634999287935E+00
 0.536963443527907480E-01
 0.835243235144545182E-01
 0.905784927095459991E+00
-0.198807105863637146E+00
 0.415520172841150781E+00
 0.423023097710374107E+00
 0.169004610457030718E+00
 0.312275337264969810E+00
 0.150883044928208365E+01
-0.167561725786769672E+00
 0.167384058433456673E+01
 0.647730105045170701E+00
 0.175131462256823833E+01
 0.430584298929476272E+01
 0.103636954203250955E+02
 0.266222304670148446E+01
 0.625025427177134496E+00
 0.743552344647446239E+00
-0.193083284663396793E+01
-0.650824426471146378E+01
 0.141002630537887423E+02
 0.352081004577305112E+01
 0.604084946306202397E+01
 0.629127864687804372E+01
 0.831526706535043481E+01
