 0.131855039437228316E+01
 0.162972123324060791E+01
 0.181449858827790544E+01
 0.253665813971247678E+01
 0.411523899121307046E+01
 0.393187259548508816E+01
 0.194345700011166156E+01
 0.971190887091026522E+00
 0.275218201273088159E+00
 0.157721512856158852E+01
-0.188690570259259394E+01
 0.732852401591872149E+00
 0.439170763955331722E+00
 0.301072686047100413E+00
-0.248719700078648631E+00
-0.570747947448859261E+00
 0.221946979863226090E+01
 0.113043615728853977E+00
 0.934506372054609014E-01
 0.497081183196588894E+00
 0.638007395288906709E+00
 0.824262759871655870E+00
 0.723590187057027379E+00
 0.180500882673095636E+00
 0.172474674703909342E+00
 0.482194446050465797E+00
-0.660917730977610557E-01
-0.684009900746567201E-01
 0.270415731710756890E+00
 0.117957294452063571E+00
 0.111429258731517822E+00
 0.209482698457259919E+00
 0.923915270501815961E-01
 0.820386682327851724E+00
 0.284022748296726912E+00
 0.915842789911957417E-02
 0.939025657662567390E-02
 0.762810366888337144E+00
 0.306473740957353302E+00
-0.655095701038275968E+00
 0.938350700452951436E+00
 0.210028213357339955E+00
 0.242907552090838752E+00
 0.191308397511437550E+00
-0.654158314600113422E+00
 0.463697394636394145E+00
 0.330646193891529272E+00
 0.205536108964000402E+00
 0.278080054539609711E+00
-0.867484118811856497E-01
 0.178816302517973602E+01
-0.505993474662862930E+00
 0.118348639702638581E+01
 0.183551053977428158E+00
 0.243123033914717457E+00
-0.133700269044608855E+00
 0.103661192793065002E+00
 0.793862616311759250E+00
 0.165636455078338241E+01
 0.457793045529852116E+00
 0.658807872679733286E+00
 0.202733337478332531E+01
-0.529167355495045899E+00
 0.740985228153164699E+00
 0.832671251002940815E+00
 0.816144959354408450E+00
 0.132356144996656422E+01
 0.200614017478459772E+01
 0.877315436201598686E+00
-0.264239671045595248E+01
 0.308884166458031473E+01
 0.123482697862967089E+00
 0.239779938669813258E+00
 0.605124448437854401E+01
 0.736491666820236812E+01
-0.695842565932504709E+00
 0.216971973580652433E+01
 0.867415627670789058E+00
 0.195304885814146845E+01
 0.973429998997831802E+01
-0.171432830412914896E+02
 0.189059655725501017E+02
 0.104988458266777691E+02
-0.227583903827637685E+00
-0.615158898141024535E+00
 0.707251665458820700E+01
-0.259621660982470885E+02
 0.665833249714609110E+02
 0.485856502408221615E+02
 0.463743171762879847E+01
 0.186919943728554649E+02
 0.588292427591595626E+02
 0.334767994208391926E+02
 0.265349639838637927E+03
 0.148529631060446604E+03
 0.193120244303174388E+03
 0.504278425665055607E+01
 0.195420133316653777E+01
 0.220942312314349198E+01
 0.260491288318235048E+01
-0.770254420444530519E+00
 0.319859836807644182E+01
 0.133191553742463920E+01
 0.125257082442688628E+01
 0.827981983767948293E+00
 0.865641313842869020E+00
 0.303284916327652043E+01
-0.664406274264806918E+00
-0.374798063851730090E+00
 0.338322850850987400E+00
 0.644227620242752819E+00
 0.131737903254966660E+01
 0.263273460297593909E+01
-0.464220089915104699E-02
-0.341059713426860537E-02
 0.534997976414837817E+00
 0.281225216150244428E+00
 0.631182744502941762E+00
 0.821605272437265333E+00
 0.271333854408063568E+00
 0.215587113209722542E+00
 0.195240462587373736E+00
-0.497135035482083543E+00
-0.293729418976955869E+00
 0.752371201212326035E+00
 0.200244769090776598E+00
 0.152008837396846175E+00
 0.350510628330502061E+00
 0.639755166550446275E-02
-0.275763600282077581E+00
 0.841604368039138850E-01
 0.880483520021576316E-01
 0.769275499761568060E-01
 0.156047813515638040E+00
 0.237629246036427849E+00
 0.336641439735650416E+00
-0.329696290663218483E+00
 0.435551296214383831E-02
 0.445498688182278599E-02
-0.293439119495437772E+00
 0.334883499788459993E+00
 0.516703508996985805E+00
 0.940555848777152453E-01
 0.715816198275328192E-01
 0.858307488277428587E-01
 0.304414593482106199E+00
-0.683113489646530476E-02
-0.589009624983711302E-01
 0.459526325388886103E+00
-0.353632455189506270E-01
-0.514636544551039937E-01
 0.414527500853424546E+00
-0.952086890258435348E-01
 0.258503455733011700E+00
 0.415089914581663277E+00
 0.767612575817528675E-01
 0.111818801629057732E+00
 0.539641157475937661E+00
 0.846143861906232142E+00
-0.400076583057795143E+00
 0.793598340790210077E+00
 0.164719730781246326E+00
 0.236837728969077205E+00
 0.771069516752508455E+00
 0.103220597336023512E+01
-0.560086131297629630E+00
 0.468044684444200554E+00
 0.811367337872196059E+00
 0.137448645074294240E+01
 0.163132331413481352E+00
-0.639588881415246724E+00
 0.391471867708445309E+01
 0.155400670355506376E+01
-0.788477868064367537E-01
-0.162510670211394231E+00
 0.189960116576863558E+01
 0.340782295861837925E+01
 0.584764493555342657E+01
 0.407968654744555703E+01
 0.641703389691045456E+00
 0.171748543491110373E+01
 0.908217633818066261E+01
-0.173737976090926005E+00
 0.549495342739865666E+01
 0.950275156698546297E+01
 0.133099589900375515E+01
 0.464723436531127998E+01
 0.560576268977751369E+01
 0.166026439507171624E+02
 0.455288480603690857E+02
 0.212526791466736213E+02
 0.485372826578631091E+02
 0.467787123930729187E+01
 0.133006300893220453E+01
 0.127587316075114532E+01
 0.403500561677151115E+01
 0.109785455980083970E+02
-0.130891001507555349E+01
-0.520099331205984949E+00
 0.106571628213940994E+01
 0.518480137471195035E+00
-0.110061234724819601E+00
 0.615334703038426523E+00
 0.530815730138833763E+00
 0.262057356847725742E+00
 0.656559722148084779E+00
 0.206986585135073620E+00
-0.335564576134513237E+00
-0.672666904204616611E+00
-0.121913688240630938E+00
-0.730450279507914163E-01
 0.379871295361968175E+00
 0.132428509835775948E+00
 0.338161230455642059E+00
 0.391216343665578670E+00
 0.146680906623416790E+00
 0.947075815390578390E-01
 0.255338538011395146E-01
 0.532417497814862070E-01
 0.267203965299692259E+00
 0.297930997330474234E+00
 0.146878639400034011E+00
 0.104156801440620048E+00
 0.151697888587686180E+00
 0.116554852198826289E+00
-0.256415357938304445E+00
 0.122287374879626293E+00
 0.167640010011757545E-01
 0.127652334317513126E-01
 0.160000405064554346E+00
 0.145167173927414711E+00
 0.105851045214374287E+00
 0.135201353013392089E+00
 0.436735433315796756E-01
 0.383543857058822601E-01
 0.150429226657821907E+00
 0.175563202383653416E-01
-0.154592452185527779E+00
 0.340154054983792045E-01
 0.293131196708156030E-01
 0.320438660555794480E-01
 0.678324668249883356E-01
 0.148197111735770576E+00
 0.176937397980960393E+00
-0.856717527149147284E-01
 0.266851652397022236E-01
 0.359061854051812984E-01
 0.946209097478437761E-01
 0.464423854154358620E-01
-0.653211621270364390E-01
 0.218249836244882034E+00
 0.538958295424136202E-01
 0.606487887188654692E-01
 0.112791029058011208E+00
 0.179287698588680294E-01
 0.286497153036597452E+00
 0.940192855800747740E-01
 0.411089453854070128E-01
 0.649105857995884855E-01
 0.233600337164647065E+00
 0.116211623220684276E+00
 0.528904756081011729E+00
 0.161770138577332662E+00
 0.101038784776098151E+00
 0.155406090367943395E+00
 0.242210561854335843E+00
-0.530220693869784210E+00
 0.144231521480632763E+01
 0.440964154243311146E+00
 0.535302911723241279E-01
 0.108158887653637792E+00
 0.560465229167507739E+00
 0.263680658113328914E+00
 0.629600235119306628E+00
 0.677463483370706165E+00
 0.254429404833068418E+00
 0.618904236658732509E+00
 0.609184285469427822E+00
 0.677288265517321686E+00
 0.312866684438314502E+00
 0.133624901066250823E+01
-0.502344611744059023E-02
-0.169096855603331486E-01
 0.925699062373096027E+01
 0.417852646067339872E+01
 0.111482022188197352E+02
 0.849388051855931892E+01
 0.121781710869782134E+01
