     48 -    30 -    30 -     1 
rmse=  43.2160meV
 -8.930062278626152E-002
 -3.542626442505385E-002
 -0.269493511930923     
 -0.262884826450526     
 -1.039165703496158E-002
  0.471036056301246     
  0.979069133108971     
  0.287831452790647     
 -0.310651485256085     
 -0.386682114552306     
  0.743042175067112     
 -4.792326531689125E-002
  0.239997995877529     
 -0.244773072550136     
  0.736973526908261     
  0.128940273770519     
  0.135819067890802     
  0.106073269284131     
 -0.717142626071842     
  0.532337734015789     
 -0.582042403789347     
 -0.314809372923921     
 -0.535927961086934     
 -0.844946246394862     
 -6.046056717950889E-002
 -0.720390108605400     
 -0.124484469884053     
 -0.148161002031426     
 -0.473419893910861     
  0.349886862121810     
 -5.213728531770846E-002
 -0.852270815153446     
  9.451075993168048E-003
 -0.196175000229642     
 -0.361357838412175     
  0.117219842002765     
  0.569407281023635     
 -0.403227345767703     
 -0.327026712880424     
 -0.534655402097262     
  0.887668924586938     
  8.646218957645661E-002
  0.847501321485058     
 -0.319368990109250     
  7.480584378882181E-002
 -0.618328487821285     
  0.562728193363301     
 -0.184320586132864     
  9.258916137055047E-003
 -0.109715337564650     
 -6.631514446513165E-002
 -8.679836315084044E-002
 -8.528706385409703E-002
  0.181771124370309     
  0.142011266439570     
  9.110122425727002E-002
  0.408179265032036     
  0.210414847640358     
 -1.195335649051020E-002
 -0.554376748048306     
  9.115277981972117E-002
  0.187894757440709     
 -0.671437979970909     
 -5.874740348496079E-002
 -0.110870352325394     
 -6.000338534744945E-002
  9.808941314185027E-003
 -0.786310935358605     
  9.898084433210519E-002
 -0.153954876750210     
  0.181990904058293     
 -0.126855250809081     
  0.127135454012190     
 -9.650425108478108E-002
  0.288731561090441     
  0.162006652688682     
 -6.802517695383846E-002
 -0.232211372034041     
  0.281637037878013     
  7.230060335451526E-002
  0.225100649342588     
  0.473719865839388     
  0.660263577826532     
  0.338581799566697     
  0.326040922556859     
 -7.238154581835464E-002
  0.149110535104496     
 -0.164995233796693     
 -0.466726181160016     
  4.030511806915073E-002
 -0.265172843589810     
  0.343673285121775     
 -0.210559231899028     
  0.126800215268761     
  0.206792966507675     
  4.572370230526300E-002
  4.929085955405867E-002
  6.847268230712948E-002
  0.132653994444791     
  0.147210285226786     
  0.209949934025870     
  5.789120370396435E-002
 -0.168598560113762     
 -0.211526463874735     
 -0.299865852767185     
 -7.279543373858793E-002
  0.213053897715453     
  0.195095504757321     
  0.201489141299660     
  2.286058004817483E-002
  0.346426943733756     
 -0.199178593902182     
  0.159976667440025     
  0.224168492470235     
  0.531409004779373     
 -0.132489626206747     
 -0.448411955445735     
 -3.896091876317022E-002
  6.134002398287620E-002
  0.154963876460339     
  0.149847067335389     
  0.409367409844164     
  0.308107282950184     
  0.399450016320101     
 -0.402685673653317     
  3.076620533498528E-002
  8.190180341056510E-002
 -0.142686825158831     
  0.196040553065420     
  0.417684278600513     
  2.116011110984653E-003
 -0.164086734599444     
  0.152283800800288     
 -3.516982998877946E-002
 -1.021789860729370E-002
  0.375056495309428     
 -0.336750062326909     
  0.133785043114206     
 -4.083383580725057E-002
  0.142830259610648     
 -4.238717833825859E-003
  0.269339950877468     
  0.191258583192260     
 -0.217177539771905     
  0.219381058708490     
  4.580317610997377E-002
  3.889001870269537E-002
  8.805337751004241E-002
 -0.396572911468331     
 -0.143047901068613     
  0.226043122477739     
 -2.756855421960775E-002
  0.258990742686717     
 -0.244157648032209     
  0.324948209347679     
  6.106016193505952E-002
  0.297491370294784     
 -6.844679956650364E-002
 -0.402986871916771     
  0.166201342005660     
  0.171424210480818     
  0.230026322215532     
 -2.236732941031514E-002
  0.798412879393123     
 -0.251321385909589     
 -6.392049504587285E-002
  3.412125480800348E-003
 -6.558974097275672E-002
  0.132826003042054     
 -0.258807040623383     
 -0.218833327151426     
 -0.132756332900609     
  0.103102231755746     
  6.190064940010139E-002
  0.459849005947969     
 -5.223226509457700E-002
 -0.173821968737403     
 -0.331690387741754     
 -0.560001050723473     
 -0.233608761983375     
 -0.540814542767515     
  1.128093015983801E-002
 -0.124757837500358     
 -0.172636165017999     
 -0.308389965438782     
 -2.786086230307704E-002
 -2.370605707919943E-004
 -0.102662707108127     
  8.827352832031794E-002
  9.443921567601535E-002
 -7.613917957604464E-002
 -0.131377978556563     
  0.748013498457974     
  0.119320338491537     
 -0.234451756377875     
  1.340743271980620E-002
 -0.590609198109782     
  0.271660643006230     
  -1.06712213165960     
 -0.157628153868012     
 -0.950950845222464     
 -0.472369810153909     
 -0.208250288045596     
 -0.987203504473164     
 -0.595598091242615     
 -0.692192723604407     
   1.38807449685625     
 -0.806976666194765     
  0.198344806230274     
 -0.245646331740849     
 -0.167206675960074     
  5.600569690416322E-002
  0.137085225626174     
 -0.420041404527172     
  0.754260434094295     
 -0.396969999095396     
 -0.484058022297829     
  0.635144143888586     
  0.195331662790481     
  7.842257071055400E-002
  -1.59955604444990     
 -0.474733718555985     
 -0.173529082713077     
  0.139008005323871     
  5.762856631577360E-002
 -0.345222821186346     
  0.431228328372823     
  0.178994779712047     
 -0.262660378361885     
  0.501581663439326     
  -1.53410840826288     
   1.00314912222163     
  1.858550583056975E-002
  0.480364337937893     
  0.639132566392326     
  0.409741457600963     
 -0.224585983913901     
  0.658242033438484     
  0.727309673598452     
  0.354005325132564     
  0.110752777264444     
 -8.160717372445768E-002
  0.399904843671956     
 -0.177826969917270     
  0.295642602801149     
 -0.981280595544167     
  0.226428189165299     
  0.367287602871890     
 -0.280428597710063     
  0.611205704928688     
 -0.533509249920543     
 -0.233656488764103     
  -1.35012976928702     
   2.37374021992277     
 -0.614435971918243     
 -0.209205652664330     
 -4.743340423765722E-002
 -0.190045431088089     
  3.862040191558759E-002
 -0.126606190257909     
 -0.296012581935638     
  0.120918347440928     
  0.278668464319477     
 -0.754413662413215     
 -1.396052823304043E-002
 -0.726436104138630     
 -0.162484553909661     
 -0.899209452002049     
 -0.118019547057774     
   2.88730918432772     
 -0.473983415547511     
 -0.740312341104496     
 -0.160957605232915     
 -0.499779140070995     
  0.638483513952436     
 -0.540556972180384     
 -8.355419534187660E-003
  6.515355967750354E-002
  1.903529759277919E-002
 -0.572972307094274     
 -0.187656628550901     
  0.262646829306607     
 -8.785805234491895E-003
   1.17823500490232     
  -2.26263993808036     
  -2.90364033518554     
  0.815264518126176     
  0.603994168184510     
  9.892334964222650E-002
  4.128584290066285E-003
  3.435415518725159E-002
  0.908738456877084     
  8.128936177842212E-002
 -0.255735915325517     
 -0.167580207677288     
 -0.169525283661447     
 -0.292389609776762     
  0.140099916410117     
  0.403555123799883     
  0.984498931383070     
  0.133526613129543     
  0.671985930847113     
 -0.342198200629527     
  9.612577256452499E-002
 -0.231003083477251     
 -0.269580619239341     
 -0.667887207742200     
  0.213636033747478     
 -0.582624838524797     
 -0.533792682648875     
  0.226956047099327     
 -0.550089104583832     
 -0.453929547240467     
  0.228183570806206     
 -0.953461107495394     
  0.842365395233504     
  0.844900598627547     
  -1.00220864414952     
  -1.34039722764435     
 -0.149488447318766     
 -0.244321542373271     
 -0.109799025897731     
 -0.400447643743497     
 -3.432069567155430E-002
  0.742613651327812     
  0.113098247314842     
  0.165371711666343     
 -0.400398736770660     
  9.689417733236291E-002
  0.206355760756304     
  0.817872030043101     
  -1.23137897047137     
 -0.760119550608964     
  5.686539116009115E-002
  0.482251377249683     
  0.773979372500746     
 -4.923585026466554E-002
 -0.257083364330261     
  0.104150764820672     
 -0.179063221828561     
 -0.362763248731683     
 -0.116331611086507     
  6.826116308179574E-002
 -0.587497999581428     
 -0.220741161922374     
 -0.246703146294033     
  0.543065778633160     
  0.143893124614928     
  0.644725461242095     
  0.200850083749812     
 -0.508337605884824     
  0.127463492508274     
 -0.126457073850810     
 -0.138428615832551     
  0.198833925274902     
  3.160762189976959E-002
 -6.456871032592984E-002
 -0.154346485790072     
  -1.00859056338901     
  0.219421230192799     
  3.869821082429774E-002
   1.34077298013935     
  0.117080992786939     
 -0.485205046462220     
 -0.110388433678268     
 -4.359382429454154E-002
  0.928748216551401     
 -1.835319551024856E-002
 -0.181908243700372     
 -9.132094608788574E-002
  0.278240191490149     
 -0.483745417172014     
  0.302144896187681     
  0.486224406758578     
  0.553502358629420     
  0.725447699596893     
 -0.107409973847044     
 -0.563431366369373     
 -9.780622300458298E-002
 -0.239108281418386     
  0.156266159566130     
 -0.352024630974779     
 -1.614013599810967E-002
 -0.195848423458968     
  0.253858811469150     
  0.214954404221654     
 -2.432029932687624E-002
 -6.055490091790694E-002
 -0.162135738243920     
  0.458376510873333     
  9.686818087937034E-002
 -0.442615441253753     
 -0.718254570134517     
 -7.883488306368569E-002
  0.604732473155496     
 -0.598906251317555     
 -0.707090417561418     
  0.281991775181193     
 -0.413630423952954     
  2.584972429903256E-002
  2.097968856198746E-002
  0.682059712927192     
  0.152270103838033     
  0.450477868748509     
  0.487447434179763     
  4.255988515998116E-002
  0.703250714928412     
 -0.304308190675129     
 -0.554135622689272     
  0.294432406523476     
  0.337267236347790     
 -0.544608226798048     
  0.245861077200105     
 -0.953468856018778     
 -0.110068427572827     
 -0.728586006832519     
  0.266563939792805     
 -8.044228426655406E-002
  -1.12993098740530     
 -0.172935445584015     
  7.222982950583343E-002
  -1.17146455742286     
  0.507076902705697     
  0.467433529186260     
  0.274553724484913     
  0.735040952157474     
 -0.201264341149964     
  0.333448611747396     
  8.098068492300781E-002
 -0.102147678885220     
 -0.576715970655927     
  0.511878871781694     
  0.230161744299320     
  7.895788966143211E-002
  0.393708506464495     
  5.628903546469954E-002
 -0.137197303349401     
  7.352408960748069E-002
 -0.230913372039993     
  4.532510754609370E-002
 -4.507738986818735E-002
  4.394271027149648E-003
 -5.991535199637998E-002
  0.230351807354081     
 -0.247801794536981     
 -0.359082271517175     
 -0.190853717362739     
  8.195036234637806E-002
  0.360551023841296     
 -4.918647306776916E-002
  9.527901017301360E-002
  0.153524252017539     
  0.154333428865772     
  0.279664397331297     
  3.262797676147273E-002
  3.413022274014613E-002
  0.148865875103222     
 -0.391069797630294     
  0.636473174205724     
 -0.222250262176483     
  0.400421702383506     
  3.751740899555968E-002
  0.787457426185899     
 -3.755599578659741E-002
  6.774542993840428E-004
 -0.233282453630611     
 -2.534314463099580E-002
  0.175757222873260     
 -0.324934315475204     
  0.170735530393834     
  0.616257087659773     
 -0.207616810946918     
  1.666733365866585E-002
  0.186976943731684     
 -0.542111390640434     
  0.163570320477710     
  0.204426910825417     
  0.303228531596991     
 -0.161687120245510     
 -4.280253664397722E-003
  0.192996973395809     
 -0.110229968261907     
  4.609697111695872E-002
 -0.207301581859014     
  0.116254717628912     
 -0.669131411288523     
  0.440271114412811     
  3.147193465389509E-002
  4.978952355562133E-002
  7.399010778863502E-002
  0.424358847104741     
  0.921785211418663     
  0.909513518247636     
  0.380918297265886     
  -1.39487248522463     
   1.14993970638325     
  8.873824427788371E-002
  0.128879761919896     
 -0.132142479047535     
  0.530818521562845     
 -0.745493657973683     
 -0.978688538995273     
  0.474396655975285     
  0.155323963801937     
 -0.845966918783378     
 -0.430261162371821     
   1.01695909551777     
  0.327357326387675     
 -0.121956002555088     
   1.26773951157493     
 -0.334766043222329     
  0.740516213016691     
 -9.826987193708077E-002
 -7.088380596886089E-002
 -0.370665533128862     
  9.390277132031129E-002
  0.407138040416281     
 -4.225582662533062E-002
  8.361109109095140E-002
 -0.139225803933624     
  0.817307069773803     
 -0.644093517983276     
  -1.48980306675701     
  0.419918616421829     
 -0.507288009301384     
 -0.242293701423131     
  0.433067634502699     
  -1.76758230080971     
  0.872169751113287     
 -9.154693873932421E-002
 -0.181779308535892     
  2.034759318484047E-002
 -0.296579519876746     
 -0.644753915638690     
  -1.19953226826029     
  0.886344281051315     
  0.401669769303933     
  0.818559736354049     
  -1.28745669035170     
 -2.900679595575290E-002
 -0.873140083739033     
  -1.56226884293554     
  0.266462214547440     
 -3.541493554151193E-002
 -6.902918773583341E-002
 -0.493054300924832     
  0.273733982296569     
  0.462580846469438     
  0.234180829316724     
  0.277345973919991     
  0.412372992817717     
  -1.14280705111238     
 -0.794230154615189     
   1.14628490123621     
  0.262318217297309     
 -0.701092607577811     
 -0.400570730651659     
 -0.477677478804075     
  5.020322523720713E-002
  -1.91366085483799     
 -0.243307237455573     
 -0.565164651377344     
  0.221305693956665     
  7.878186842816054E-002
 -0.914574537643631     
  0.275219573411913     
  7.223863412355662E-002
 -0.405403032240234     
 -0.519456459961687     
 -0.477162771667653     
  1.337140181211649E-002
  6.776535186022339E-002
  0.999826109798118     
  0.111062301991932     
  0.534364912628737     
   1.08335797207137     
  0.129758794028253     
  3.757228464546346E-002
 -0.275415980834094     
  4.252472539740869E-002
  0.481031358078219     
 -0.809734489428822     
  0.577796487362798     
 -0.163013587765203     
 -0.378340067844314     
  0.447910404194844     
  4.106355182021543E-002
  8.450170459073108E-003
  0.472114801071397     
 -0.130487087788484     
 -0.782195965258499     
  0.321500622415304     
 -6.668849447001206E-002
 -0.448406374547710     
  0.203856048527023     
 -0.630306941872978     
  3.788629432597870E-002
 -0.326552036454294     
  2.270734579669056E-002
  4.851678258563085E-002
 -0.383847074253544     
 -3.935709560861467E-003
  0.865077952520738     
  0.184879681226659     
  0.269412947336188     
  4.780178336805215E-002
  0.529479649172036     
 -0.298357115771149     
 -5.246661309856578E-002
  0.319857293868500     
  0.585359889907579     
  0.434367698399743     
  0.133927963571428     
  0.527975238122469     
 -0.297929821181230     
 -0.137913905259050     
  0.330020079591847     
 -0.289241389304099     
  -1.27220016067885     
  0.632970076551273     
 -0.115966811464109     
  0.284489359745357     
 -1.138962932620662E-002
 -0.341052005547112     
 -6.002388657596450E-002
 -6.476076851923279E-002
  0.108012072190949     
 -0.385851472990001     
  0.183037362745837     
 -0.979116574173705     
  0.216498359920896     
  0.486720600304997     
 -0.822242746391195     
  3.448698185975006E-002
  0.353914865406835     
 -0.328811437356778     
  0.223323469228822     
  0.748837698780979     
  -1.14027807622270     
  0.483548758387742     
  5.178308853956322E-002
  0.146101608013620     
  0.247320998226519     
  0.191950802961718     
 -1.440974297782938E-003
 -0.233372662067069     
 -5.593757678045552E-002
  0.138019133192525     
  0.305299678592903     
 -0.420850104045258     
 -1.211500670048404E-002
 -0.990157097423285     
 -0.381036129309985     
  0.243297783590551     
  0.481177313123930     
 -0.411097273853907     
  0.233116017160985     
  0.171481273302991     
 -0.307300225975059     
 -0.567615137218158     
 -2.316149299824831E-002
  2.231602592114746E-002
 -0.482490724595762     
 -0.104075966567361     
  0.288154380391942     
 -0.372434707434819     
 -0.307380300401512     
   1.01414473656195     
 -0.453860121192802     
 -0.513312931364365     
  5.462791235760650E-002
 -0.378981078536014     
  0.339110786274791     
  0.123999383553037     
  0.361716209879160     
 -0.457849268356366     
  5.698440975131536E-002
 -0.897986280039505     
 -0.424644269311618     
 -0.222994834097569     
 -0.126988955234816     
 -0.521810428582007     
  0.150830335589534     
  0.158735102573446     
  0.516197962501348     
  0.302218311322567     
 -0.598053407833757     
  0.170268475042673     
  0.148712550842286     
  0.304077650117489     
 -0.374380588942604     
 -0.261425563076097     
 -0.953600795447344     
 -9.897677229877247E-002
  0.439074400927944     
  0.487728125930256     
 -0.460315824716796     
 -0.140424741079442     
  0.392736353654140     
 -0.345851421063400     
  7.795524045159985E-002
 -7.392104835257197E-002
  0.338305378331284     
 -6.026163835538757E-002
 -3.355804597267950E-002
 -0.190200840663711     
  0.922685098022414     
 -0.321910125491251     
  0.233335050368110     
  0.495177440392001     
 -0.718173011770872     
  0.695185621299047     
  0.457408295843208     
 -0.263019141471674     
 -0.471560097761418     
  0.289135921949729     
 -0.340356796219599     
 -0.128931306251622     
 -8.644148563210817E-002
 -0.435054511699726     
 -0.196198749291704     
  7.251134014807292E-002
 -0.113023468045698     
   1.20247178336106     
 -0.913170514916816     
 -0.328455344866726     
  0.412666914899276     
 -0.760880488918079     
  0.702739962571185     
 -7.868343588361042E-002
 -7.314871656407206E-002
 -0.627553142468824     
   1.24185896573450     
  0.532119904549047     
 -0.389630373138799     
  1.697484058504819E-002
 -9.695773535963050E-002
 -0.481708706305873     
  4.409637610375463E-004
 -0.198043194427048     
  -1.19423901405248     
   1.30314034887913     
  -1.89502489412846     
   1.38448879095642     
  0.708327627664179     
  6.733131715612289E-002
 -0.181620043785091     
  0.180941861624097     
 -0.562047098919639     
 -0.107630821891955     
  9.685815769989632E-002
  0.191355170699130     
 -0.331318170565564     
  0.154907987314074     
  0.732212530714916     
  0.900855440432812     
  0.226459638123852     
  0.498098461223055     
 -0.208236510466259     
  0.872417461130072     
 -0.631571514467858     
 -0.326592095253750     
 -0.129444221521308     
  0.312226260413194     
 -0.598562522692124     
 -0.295769948172621     
 -7.569346479275509E-002
 -0.286317062734491     
  0.613898668747933     
 -0.201281713058535     
  6.339120600382139E-002
  4.075953688396457E-002
 -0.399775953340511     
  0.631732532519764     
   1.74026776814960     
   1.05066396479637     
 -0.215410160373887     
 -0.634332148357873     
 -4.128711975912160E-002
  0.484024279577429     
  -1.41591328308071     
   3.65478209181248     
  0.300710125266579     
  -4.27900817068407     
  7.146009397879392E-002
  0.154711048326206     
  0.262623355556825     
  0.543292015030411     
  0.874794275054348     
 -0.323619059675604     
  9.215646954723733E-002
 -0.968363848499110     
 -0.321101147383450     
  0.489815245710643     
  0.209248111963396     
 -0.550158540850260     
  -1.91528086345865     
  0.427107525764294     
   1.62325698946589     
 -0.284498405873694     
 -3.196865481716721E-002
 -0.487618730093361     
 -0.421899360487115     
 -0.422839475515839     
 -0.644662116811761     
 -0.546152405578662     
  -1.03307928431427     
  0.181095799695853     
  0.446532492268112     
 -0.195757976791563     
  0.323389363177268     
  0.542307091866477     
  -2.72652234629907     
  -1.76439131261831     
   2.44873233542359     
  0.963297747175153     
  0.410571365634887     
 -0.248894964069152     
  2.229502798261830E-003
  0.170483270131619     
 -0.840905922165466     
  0.540051496862770     
 -4.985892055082224E-002
  2.266393886865761E-002
   1.09410813193914     
 -0.408383956899752     
 -0.763999907011249     
  0.271969558304101     
  0.123766746413311     
 -0.357849460155262     
 -0.291449635474085     
 -0.349037123219013     
  1.858617828133001E-002
 -0.639272386179952     
  0.246924089392886     
 -0.662075181452106     
  0.212367789712671     
  0.255127024431673     
 -0.256749100996810     
 -0.186414577718536     
  0.296607592700449     
 -0.872502541262606     
  0.619957478258290     
 -0.478266869823081     
  0.292308142126113     
 -0.471968974901250     
  0.762258960352812     
 -5.934584592388103E-002
  0.177379170941398     
  0.526770827820816     
  0.491384011212929     
  0.580229733441076     
  0.406489573144826     
 -0.250524965341474     
  0.782592152735776     
 -0.264794533252081     
 -0.485701365511144     
   1.10402413348946     
  2.857236119190150E-002
 -0.620940605901160     
  0.270355040202458     
  0.581876278545194     
  0.184077883679329     
  0.118591964542001     
 -0.491642947320697     
  1.228917425343944E-002
  0.222649736820276     
 -0.644299186047890     
  0.130740678907668     
  0.244855981566113     
 -5.816416025838743E-002
  0.571993299874661     
  0.314046773649485     
 -7.398851892078412E-002
 -1.719338678390362E-002
 -0.135628529173629     
  0.264265217285770     
  2.531281153485860E-002
 -0.439272418225504     
  0.171497876658386     
 -0.267423089859028     
  0.392815015008810     
 -1.831289730025778E-002
  1.330246918555765E-002
 -0.366822158365800     
  9.484757774764022E-002
  0.154968079711657     
 -0.181157698936129     
 -0.182458949260384     
  0.124235594297498     
  0.527912433982235     
  0.382836932455314     
 -4.410849220637790E-002
  3.073119572280786E-002
  0.187721116178106     
 -0.101422266560429     
 -0.115965474856935     
  0.140912074200383     
 -2.019600901702553E-002
  0.114138131489217     
  0.213407462754823     
 -0.263962340361191     
 -3.258470908595344E-003
 -0.323414532158700     
  0.281707239300602     
  0.393269782278354     
 -0.549736618339443     
  0.133561417968380     
 -5.366199089487426E-002
  2.648392036591614E-002
  4.959872512501510E-002
 -0.494488152443636     
  0.170464485973240     
  0.473163159071938     
  0.147184394582806     
  0.301981975807003     
  0.409760139594344     
  0.691069736409393     
 -0.178029799252450     
  0.722499033932608     
  0.375571373570319     
 -0.554572205105050     
 -4.966224107341489E-002
 -0.542312430417219     
 -0.219940981257625     
  9.082435317778247E-002
  9.649582520152025E-002
  0.192106169848553     
  0.253680812356763     
 -0.129947942780124     
 -0.195260610595831     
  0.566304249940392     
  0.218060160183912     
 -0.928316331136881     
 -0.657608224606189     
 -0.432299919957648     
  0.124727542423915     
 -0.201570463210627     
  5.255918110015136E-002
  0.467040979737818     
 -0.122100997689528     
  0.128686191078009     
 -0.580253531798286     
  8.300560626922637E-006
  0.411821866984431     
 -0.302118813330190     
 -0.123752584693559     
 -7.620198504323050E-002
  2.066025648875016E-002
 -7.937614668435841E-002
 -0.360787069645071     
 -0.212176898242739     
 -0.501357608206147     
  0.370201769679294     
  0.230878529919334     
  0.306447232966243     
 -0.230360993257545     
  0.109401638198974     
  5.474762517076052E-002
 -4.855060516288338E-002
  0.433048962550960     
  0.118282931122999     
  0.182624868527567     
  0.113452796773394     
 -0.249456319058914     
 -8.927998422622142E-002
 -0.484753843820406     
 -0.432655508630935     
  1.543382082280769E-002
 -0.191606710249227     
 -0.391462785191940     
 -3.352682764575698E-002
  0.451909744778074     
 -2.397598177450246E-002
 -0.714539891933858     
  0.478250165732453     
 -9.789252091897589E-002
 -0.252613839741303     
  0.173945508023076     
 -3.444098301738167E-002
  4.078965504567056E-002
  0.325681669590079     
  0.302872058802450     
  0.373412672807554     
  0.111168822013574     
  0.193475599560196     
  0.353342478165105     
  0.209159232504850     
 -7.984821447969809E-002
  0.426085629320733     
  0.509546446436476     
 -5.170062988459799E-002
 -0.161856605284806     
 -0.460341022234823     
  0.392158989226718     
  0.305535968590113     
 -0.381011564868020     
  0.569552301053182     
  0.114527308062040     
  8.595790222505847E-002
  0.281163864831521     
  0.689097266039852     
 -0.379227399679566     
  0.101974944638165     
 -6.650481433162664E-002
 -6.344077983260317E-002
 -0.193221709602191     
 -0.537180543189338     
  0.304139378190844     
 -4.197366808573866E-002
 -0.150509788957629     
  0.457229024526501     
  7.587916555069801E-002
 -5.730074167010137E-003
  0.455190245057184     
 -0.166788005291969     
  0.661211641200367     
  0.838249009842073     
 -0.127582551596943     
 -0.666071544116603     
  0.387910724917786     
 -0.283984767462686     
 -0.101099885417807     
  0.141279345743411     
  0.146090731211983     
 -0.243223267456079     
  0.369835536939328     
 -0.276289992119747     
  6.195344443050978E-002
 -0.270167065097936     
  0.462532863602150     
  0.262284397396590     
 -0.268647580343897     
 -0.546093911725129     
 -0.463758743676342     
  0.169612123922344     
  0.139125578610892     
 -8.628793314975634E-002
  0.340762649099684     
 -0.187319297492972     
  0.126020980866343     
 -4.146197100952649E-002
  0.241857963687213     
  0.181072198339187     
 -5.055477725562962E-002
 -0.369965004593744     
 -0.529342652112008     
 -0.136462167220733     
 -0.780132828927154     
  0.405405375564871     
  0.154710904457114     
  0.125927815202854     
  0.162045686674587     
  0.211486110273470     
 -0.127179728183548     
 -0.388503367775252     
  0.275870040457270     
 -0.165433890304284     
 -0.212586625352159     
  0.410048357529374     
  0.243400772507776     
 -6.242738007265222E-002
  0.595892411471910     
 -0.213373839680900     
  0.555978596175698     
  0.398588321276382     
  0.256154039249214     
 -0.564141761329412     
 -0.383606400840438     
  0.405074266419949     
 -0.970467529311181     
  0.123166042374038     
 -8.010834759134849E-002
 -0.573836234109237     
  0.309196646341460     
 -0.800460536974969     
   1.05372831405873     
  0.334962364895429     
 -0.104737864973356     
  0.193025045798249     
 -0.804407349604902     
  0.948036158623656     
  0.406358416554126     
  0.179139680461186     
 -8.124878906503545E-002
 -0.162852464946943     
 -4.430994997803726E-002
 -0.345251244160067     
  9.147253981559696E-002
  0.482636463475123     
  0.178827082291524     
  0.689476240473088     
 -0.146594500156324     
  0.332569548351561     
 -0.172199634799349     
  6.929927348275895E-002
  0.147218106474951     
 -0.609398564565446     
 -0.303657435393842     
  0.527277860689941     
 -0.178531693656696     
 -0.189850736170281     
  0.139308708599949     
 -9.736838986509057E-002
  0.175726580026193     
 -0.127802904357926     
 -0.146200220055983     
   1.01547026127081     
 -0.138360226813918     
  6.119069368950380E-002
 -6.061981703124442E-003
  7.390376275276392E-002
 -2.253577121645785E-002
 -6.354621643749189E-002
  7.809926913442204E-002
  0.130876021745278     
 -3.532709677789866E-002
 -2.342882911007994E-002
 -4.656643895059392E-003
  2.798575296997659E-003
 -6.427834217832532E-002
 -0.299597348492378     
  0.275056993837987     
 -0.934221245623571     
 -4.753922025799420E-002
 -1.787329985746955E-002
  3.082278676221169E-002
  2.624134460136447E-003
  2.106637844334899E-003
 -5.819168866907873E-002
  6.663985277206509E-002
 -0.131109498569087     
  9.653526269252516E-002
  4.064827640816117E-002
 -3.938369439219867E-002
 -7.652860071529351E-002
  0.188792012775962     
  0.320410039058268     
  0.690357030796332     
  0.479809654575843     
  0.203785767529336     
 -4.520414209699443E-002
  8.287519163407291E-002
 -0.102497250469144     
  0.191319099614978     
 -0.109169049751497     
 -0.201364090012607     
  8.146859770559496E-002
 -3.797353031927736E-002
  5.632629478477753E-002
 -2.849373075536543E-002
  3.850675895519680E-002
 -0.168218134634104     
  3.406138380097750E-002
 -5.116854396631177E-002
 -0.307087219996247     
  4.076312218772643E-002
  0.248951673710493     
 -1.870380667572162E-002
  0.791828446812408     
  0.427642484726115     
  1.088269479230980E-002
  0.263340775811646     
 -0.141889074830846     
 -0.208936072315051     
  1.712183544778902E-002
  0.572474769866561     
 -0.174822042003132     
 -1.129443238920314E-002
  0.139128822591883     
  0.198392957259656     
  0.247458500346442     
 -0.901236776844802     
 -4.127611888490618E-002
  5.202665977591719E-002
 -6.729183452845890E-002
 -0.386851896233072     
 -0.410338214967745     
  0.601052638232677     
 -0.232596400612688     
 -5.560926297842508E-002
 -9.261990246898194E-002
  0.137351277508606     
 -8.085555926201932E-002
 -6.564859497016346E-003
  0.142290121209208     
  1.447469919006782E-002
  0.162113583318016     
  0.261284064068450     
 -0.652735479607262     
  0.230871141578073     
 -0.659000591754465     
  0.294179026955070     
 -5.307435756330492E-002
 -0.475387139326429     
  0.313987928617539     
 -0.223536725511807     
 -8.615933513745069E-002
  0.117047026797714     
 -0.521695470956530     
 -0.258900554400035     
  8.215816213668904E-002
  9.897891870599293E-003
 -0.846726918719109     
  0.523458057822595     
  0.470607187124517     
 -9.220119849645950E-002
  0.329529052471245     
 -9.227406923246280E-002
 -0.542667386661538     
  0.293235211823759     
   1.13345350871782     
  0.381342810162873     
 -0.485790130539561     
 -0.411404767264520     
  0.179490311991302     
 -1.278770106596004E-002
  0.140006931242656     
  7.168537083918566E-002
 -0.216984604016366     
 -0.127003295133491     
 -0.100529353326519     
  0.211934143805832     
 -0.851827574736682     
 -0.122104027927973     
  0.274953725337288     
 -0.107133632567447     
 -0.595017827478961     
  0.789460267435044     
  0.722383977357812     
 -0.441615239241971     
 -0.213776610709893     
  0.137117860495437     
 -0.160394889716520     
 -4.898786300147872E-003
  0.637435566009651     
  0.716168673982175     
 -8.802099057088106E-002
 -0.701447354711114     
 -3.134714970279243E-002
  0.390225720482006     
 -0.363085272480908     
  0.127560049099983     
 -0.931929058305285     
  0.405063935411543     
  0.188716353925382     
 -1.300731008908916E-002
  0.531630219166728     
  0.281012499809344     
 -7.808898516639655E-002
 -0.486058393772626     
 -0.234054966342527     
 -8.974598801068903E-002
  7.448706859325346E-003
 -0.124404635227150     
 -0.361066025009701     
 -0.385676058604638     
 -0.218535310848654     
 -0.120577369023861     
 -0.457235275067196     
 -0.363029904035562     
  0.300089527204276     
  6.706526059474481E-002
  2.059115696120912E-002
 -0.303739778583783     
 -0.148066368898542     
  0.197910952072141     
  0.458709804728502     
 -3.937586025961365E-002
 -0.285243809676620     
 -0.169264187361914     
 -0.741263197694705     
  0.411924664836591     
 -0.434094049305547     
  6.754569202612803E-002
  0.471719827034418     
  0.495250615170145     
  0.199740835056552     
  0.431066359666343     
  9.915939291769024E-003
 -0.407974987521815     
 -0.476683553312715     
  7.823591749487992E-002
 -0.156466914846054     
  0.248612534491796     
 -1.703201478763785E-002
 -0.250685884193214     
  0.162561877803115     
 -0.311502527198736     
  -1.18808739250370     
  0.348380444057077     
 -0.790965051674335     
 -0.383068138616727     
 -0.161896878628661     
 -6.084616882967610E-002
  0.302926805323860     
  0.269280926034861     
  3.324783836869316E-002
 -1.805462915334038E-002
 -0.263420617568660     
 -0.555145406258681     
  0.139840779176681     
 -0.405603792428559     
 -0.221221536514623     
  4.604089682321036E-002
 -3.758113449219869E-002
 -0.314055849064104     
  6.207592849712693E-002
  0.139017661803184     
 -7.003121147347954E-003
 -0.120729497656268     
  0.158118545945882     
  0.167842184391571     
  0.143965247438578     
  1.730948109349667E-002
  0.769710481862934     
 -0.668781272623187     
  8.196323193482533E-002
  7.001570623684741E-002
  0.291452325147394     
 -0.778577165075133     
 -4.881650763381905E-002
  0.237271886413322     
  9.828329889391818E-002
 -0.237985220287380     
 -0.178771124229046     
  0.156968510276109     
  0.197522293909033     
 -0.202065499818374     
 -0.553834339987839     
 -0.326628284556412     
 -0.129166348738966     
 -0.127883910841494     
  0.205356750666074     
  0.656523703892935     
  0.306269358278455     
  0.158104901790728     
 -0.329306713980430     
 -2.197067851482185E-002
 -0.254928046675452     
  0.265147836212984     
 -0.184057825595890     
 -0.114114779089204     
 -0.122312898104232     
  0.188765791635986     
  0.110842454730562     
 -8.976654895516920E-002
 -0.311397060155569     
  0.141012319828158     
  0.197719859769004     
 -0.318217573297841     
  0.526342121754582     
 -0.473372281086613     
  0.325942078292198     
  0.803792442756924     
  0.441408612202889     
  0.615438237266725     
  0.369891519803500     
 -0.435182798269000     
  8.236907676235848E-002
  4.412552343426757E-003
  0.113246783697400     
  0.103083808478679     
 -0.124651315040220     
 -5.229923030443673E-002
 -0.615462495379857     
 -0.318785371269885     
 -0.451471437776073     
  0.500223032737935     
  0.193067188965993     
  3.226090715252786E-002
 -0.117788876490928     
  0.450197676345641     
 -0.362417756338775     
 -0.404387376845091     
 -0.399317355480164     
  0.139826837971282     
  0.184877557443650     
  0.478184646975793     
  0.214438021349814     
 -6.437574420732511E-002
  0.538147485267193     
 -4.704361783838126E-002
 -1.265216812134184E-002
 -0.159834835528700     
 -0.282507197731636     
 -0.273908889317904     
 -3.765246144853157E-002
 -3.828511614319172E-002
  0.241261754523722     
  0.128160902649587     
  0.264347006779306     
 -0.387291193313167     
 -5.861041851906779E-002
  0.300787814506159     
 -5.709984022341088E-002
  0.585461096609523     
 -0.137714511229490     
 -2.851596920500335E-002
  0.858412761400189     
  0.814327083471312     
  0.849101823416877     
  0.112681785007039     
  2.187408019831864E-002
 -0.353462579001130     
  5.033289187612643E-002
 -0.302708079713615     
  1.628534886814292E-002
 -2.457363553605771E-002
  7.562165718685994E-002
 -0.341656295684398     
  5.629570737194758E-002
  0.129054892550547     
 -0.648687505002839     
 -7.139543142690689E-002
  0.127517838096674     
   1.08461225642305     
 -0.488294184054732     
 -0.789364997988532     
 -0.242428298623637     
  7.781959963044514E-002
 -4.356268967312268E-002
 -0.308601930261706     
 -9.036685930638325E-002
  0.115456295523737     
 -4.121727950930521E-002
 -2.236190135767447E-002
 -0.491899223740504     
 -0.324166377381094     
 -7.306881813884877E-002
 -0.506788276764267     
  -1.14380949908064     
  -1.14396617956254     
  7.191742047931103E-002
  0.296028943964437     
  0.243147500052483     
 -7.441356675222811E-002
  0.144930955538347     
  0.171885070738300     
  0.167118845180441     
 
  7.844046973893526E-002
 -0.557947754470199     
  0.517707102738464     
  0.544978222513492     
  0.423105469883598     
 -0.388253363612971     
  0.362869892093572     
 -0.860379712002515     
 -0.543213653343829     
  -1.34033831118674     
  0.392243805829942     
  0.449777465841984     
  0.652219453867529     
 -0.472037222254281     
 -0.984399948408937     
 -0.968889747079337     
  -1.24067500487731     
  0.246978529413262     
 -0.673397398678540     
   1.07517148800294     
 -9.359310638267221E-002
  0.347251344435473     
  0.243702598175184     
  -1.63479771782730     
  0.331058346480070     
  0.730720265718104     
  0.253690567958156     
  0.807667033176147     
 -0.679094883106285     
 -0.634122589933842     
 
 -1.596144878523043E-002
  0.131905752477217     
  0.311118601624914     
 -0.248501356698422     
 -0.344128630582445     
 -0.833622592082318     
  0.400626908491820     
 -0.107022592655840     
 -6.634209700135166E-002
  8.157458470340441E-002
 -0.576661699351150     
  0.776001364051342     
 -6.298533840589504E-002
 -0.123514673157191     
 -0.134697220841035     
 -5.156001680868150E-002
 -0.119407853410597     
  0.199898183357060     
  0.324339069278205     
  0.241025900260719     
 -5.437227433919380E-002
  0.295388886645510     
 -0.355255344780225     
 -0.434434121371022     
 -0.439159780296641     
 -0.376112553133949     
 -3.988480722769803E-002
 -4.841091341104735E-002
 -0.185999562355882     
 -1.415863784248112E-002
 -0.172091981910786     
 -3.379924005164568E-002
 -0.230278533856496     
  0.620712719518139     
  0.743890874621307     
   1.02805358500967     
 -0.144563136148890     
  7.730631005250961E-002
  0.296781575193934     
 -0.152721368679533     
  0.485579178126145     
  -1.03384867546923     
 -0.299249608027092     
 -5.524181085017466E-002
  0.156200623161772     
 -0.258047919648829     
  0.992711134787534     
 -0.322869288060435     
  0.315876861950287     
 -0.583801988139850     
  0.293082990352787     
 -0.228308944964841     
  0.266448562044943     
 -7.600122921934148E-002
  4.023152614024367E-002
  0.349418795030771     
 -0.288033613434543     
  0.128290026637962     
  0.217851648174994     
  0.233683707800080     
  0.272632185651575     
  4.253088347711675E-002
  0.326203022688456     
  0.481426153435939     
  0.184127506395484     
  0.884120500982001     
 -0.547090035294371     
  2.769350189178638E-002
  0.445836480011672     
  8.906674599661801E-002
 -0.880931533895316     
  0.546204719023335     
 -0.385120874781810     
 -0.588739714181191     
  0.477827856668384     
 -0.787278727802773     
 -0.279590617638662     
  -1.29623910405335     
 -0.308669897262817     
  0.349016488862992     
 -4.901474617359910E-002
 -0.535584656448335     
 -0.732631761883262     
 -0.187983575147827     
 -6.057049254211160E-002
  0.245560236688082     
  0.363262112993964     
  0.257549950008504     
  0.187459613397387     
  0.743970499003607     
 -4.744155691744485E-002
   1.04450677146160     
  0.213193012873032     
  0.895437655958685     
 -0.520460978268217     
  0.340965778025823     
 -0.270030021163862     
 -0.718388441021917     
 -0.433872489903519     
 -0.220321816675404     
  0.601021011817127     
 -0.429397041489062     
  0.139625041480572     
 -6.109765277672485E-002
  8.362984219918565E-002
  0.583240487788040     
  0.205016492664141     
  9.117083396763001E-002
 -0.181661502753054     
  0.261916975220916     
  0.765574719721263     
 -0.870595113206073     
 -0.314684084633735     
  0.405536987839070     
  0.316353313107419     
  3.528365493080250E-002
 -8.625502048247201E-002
 -7.715346023223171E-002
  0.355611610603222     
  0.148022660248367     
 -0.124928363930941     
  9.038868998938765E-002
  0.442385029138587     
 -0.570608420583468     
 -0.584718131177693     
  -1.35388104594338     
 -6.219118135692207E-002
 -7.858703366507794E-002
  0.654146866833963     
  1.920810720905837E-002
 -9.822141572443610E-002
  0.977062846986321     
  0.489203756126248     
  0.119664448140048     
 -4.324652230827992E-002
  0.799701263634546     
  -1.16745538318688     
  0.567099140195756     
 -0.630877186678435     
   1.30279897154618     
 -0.328877658465907     
  0.200063740643105     
 -0.118328438819535     
 -8.033533379309621E-002
  5.324794952555206E-002
 -0.191619377659188     
  0.449298324957687     
 -5.365095734327549E-002
  0.129620211805948     
 -0.287288990518748     
 -0.430504549711999     
 -0.359480314404259     
  0.297721586012950     
  0.496225497009312     
  0.354909489776953     
  0.144951069628099     
  0.214983635478732     
  0.609868311752557     
  0.240238730343624     
  0.139974374906594     
  0.682534140375408     
  0.669440011438689     
  3.682877692409763E-003
 -0.247309316378627     
  0.231277786964512     
 -0.470445837717927     
 -0.214874848360851     
  0.603274222434239     
  0.573329202132575     
 -0.868823912111979     
  0.551794025145410     
  0.295139845628918     
 -0.118286431478086     
  0.250461366907518     
 -0.391239985969734     
  0.139304557505659     
  3.039773852286074E-002
  0.642374958194339     
  3.668465186916175E-002
  0.487629888597313     
 -0.208600117836687     
 -0.133670918389548     
 -0.333777529042746     
  0.411926001304610     
  0.374809636972013     
 -0.499730011798185     
  0.369435054726230     
 -3.671885110927773E-002
 -0.112138252019321     
 -0.380290534786086     
 -0.572773114015202     
  0.180806889406839     
  8.694589678301497E-003
  2.795850729149587E-002
 -0.208222048085776     
  1.293133466475117E-002
   1.04805995267916     
  0.415518435980994     
 -0.138194022338910     
  0.379782504057639     
  0.238523783049385     
 -0.211973095934887     
  0.816911708439489     
   1.01234866639333     
 -6.078625692090370E-002
 -0.143380938438700     
  8.105858368969689E-002
 -0.262188965713835     
  0.383892353150530     
 -0.121433616514168     
 -0.648616600915607     
  7.727418704212261E-003
 -0.130272544231345     
 -0.434258220378750     
  0.583419418811031     
 -0.909594371258332     
  0.407798713717266     
  0.653242740013597     
 -0.332611667459967     
  0.195930798356867     
  0.408390870713955     
 -0.193979266203801     
  -1.17808971415189     
  6.144183150005383E-002
  0.779487297752518     
 -0.174474492842669     
 -0.520411237593437     
  0.549201452281075     
  0.353191036753166     
  0.523734859662902     
  0.446305368470843     
 -0.824898036792081     
  0.815732766386103     
  0.309200386664791     
 -0.219619722956309     
  0.122939887889478     
  0.706758135245511     
 -0.333314851732732     
  0.209103375498798     
 -0.549411782407502     
 -0.184767683522987     
 -0.764782564251268     
 -0.463172014244449     
  0.243767077006564     
  9.048012382471821E-002
 -0.360290643809983     
  6.768812738536557E-004
  -1.00435278684359     
 -0.797437680138757     
  0.318643234958615     
 -0.825404597153005     
 -0.151311944088116     
 -0.455715767330097     
 -0.546973183034702     
 -0.728053414550904     
  -1.54005224569053     
 -0.411374357583757     
   1.74985453929452     
  0.176535751448776     
 -0.679945673286953     
  0.692145489973798     
  0.502262284998321     
 -0.467446204577709     
 -0.234883118670498     
   1.68598933274272     
 -0.348060854525689     
  0.313553293331477     
 -0.197289767491182     
 -0.581415840855086     
 -0.686823046006034     
 -0.383843655970199     
 -0.259754761336393     
 -0.240123371774660     
 -0.142933007153220     
 -0.476760298583292     
   1.24886522749036     
 -0.160116093064423     
   1.64045185493367     
  0.389288366760162     
  0.297526567833753     
   1.09826604812967     
   1.12452738865504     
   1.36829619423268     
 -0.113267778768214     
  0.206042895859217     
  0.311887314423318     
  0.541458756155778     
 -0.366248872330940     
   1.17533973402478     
  0.131638560211993     
  0.933370930807428     
 -0.977464838024910     
 -0.120671690690928     
 -0.297117687149295     
  9.779065981115379E-002
 -0.322617281149587     
  0.770894913423940     
 -0.386083119489994     
  0.409593977456190     
 -0.205811829124330     
  0.453544252899195     
  0.239723917487743     
 -0.320891247928889     
 -0.298188767497732     
 -0.952436672178425     
  0.805868341079561     
 -0.299665094591512     
 -0.674340234460744     
 -0.614410882593934     
 -0.274048017106817     
  0.633702477062338     
  0.833677433764104     
   1.07414840631922     
  0.151855464321204     
  9.612580015858485E-002
   1.12313976005933     
  -1.49206464331512     
 -0.176790970448678     
 -0.506325558205877     
  0.383637355393726     
 -0.404112043073056     
 -0.177719630865180     
 -0.135288809103811     
  0.260845533859903     
 -0.895661925783713     
 -6.260720172287250E-002
  2.678589983043653E-002
  0.329368609079411     
 -0.754514658655960     
 -0.237051484632776     
  0.447804277095324     
 -7.981994172321549E-002
 -0.470873422169411     
  0.470928055926447     
  0.101025841210560     
  0.663426215916803     
  0.123961236014609     
 -0.116449993356752     
 -0.235567915809369     
 -0.848556377237951     
 -0.655909088700377     
 -0.787210965828464     
  0.217041979623798     
 -0.536149232957354     
  0.435892792041086     
 -0.212077737277026     
  0.130434261694256     
  0.316792648425793     
  0.796302203231574     
 -0.153202156211956     
  -1.26190086048456     
 -0.437249001550414     
  -1.23953431571955     
 -0.625475648349077     
  -1.22389034014087     
 -0.975805804206469     
  0.319215566075019     
 -0.899526618674199     
 -0.239399762876261     
 -0.409425092965009     
  0.273009685254710     
 -3.723679873481995E-003
 -0.215869209034723     
  0.138446826715199     
 -0.256398544416677     
 -0.326028175088410     
 -0.827137629959039     
 -0.396046635715127     
 -9.112777573507827E-002
 -0.447836781405453     
  -1.35797209738336     
   1.09991132816302     
 -0.809863639752547     
 -0.168203515205429     
  0.886096168166210     
  0.344150722725757     
  0.734683622035018     
 -4.479904480704199E-003
  0.917515610046330     
 -0.359667707773567     
  9.720911772237237E-002
 -0.241958286436629     
  0.164101184404107     
 -0.230755185341081     
   1.05378438152005     
 -0.124260771451014     
  0.170540141597048     
  0.704712333772448     
 -0.122886396295045     
 -0.175393433862262     
 -5.074576229332540E-003
 -0.803481811612094     
 -0.394900837550124     
  0.141672950250048     
  0.159327537005824     
  0.312047545066023     
  0.284651975050422     
 -0.458504523213824     
  0.180216220052024     
  0.760523962330937     
   1.14937738319594     
 -0.737901728620062     
   1.03221319090036     
   1.04542533714979     
 -0.309714951277293     
  0.827416423677652     
 -6.825592335977029E-003
  6.859467484741692E-002
 -0.611844389947286     
 -0.149666978183825     
 -0.186989815401009     
 -0.120420276226293     
   1.00571247086665     
  1.064994681247934E-002
  0.945455841355008     
  4.409846970722271E-002
  0.472823315619286     
 -0.308664192324896     
 -0.490969624719555     
 -0.707412681242019     
 -0.246954512816565     
 -0.119067640152442     
  6.505265795161325E-002
  -1.20070199790849     
  0.420272514522288     
 -0.622730649491825     
  0.297126003146978     
 -0.143382653269271     
  0.650391881064262     
 -0.238270934485686     
  0.113477537271198     
  0.613795171462117     
  0.810929876109557     
  3.286524238099403E-002
 -0.643374815977426     
  0.729239998481089     
  0.555128822077819     
  0.693684722655028     
 -0.221840346165680     
  0.563896834611139     
 -0.623578567411387     
  0.500623285345921     
  0.407415822101048     
 -1.463243738408113E-002
 -0.240381372983485     
 -0.574902771875588     
  0.646023657555523     
 -0.345866750895821     
  0.891964833702558     
 -0.528680596818883     
 -3.425092432973178E-002
 -0.182648546333099     
  0.347824594220070     
  0.892022173270976     
  0.256991960439819     
 -0.227720923230393     
  5.849378528397215E-002
 -0.454798710353716     
  0.309010770825458     
 -0.211582148968091     
  0.617908077436341     
  -1.05127133804794     
 -5.815544331820918E-002
 -2.212309803888462E-003
  0.193151319787125     
 -9.261354826956696E-002
  0.341481247780500     
 -0.294635489981191     
  0.480946804939423     
  -1.46056600739502     
 -7.817519452432529E-003
  0.178523452068984     
  0.124763793299382     
  -1.06271816914822     
  4.917210783616224E-002
  0.270236446117061     
 -7.005878677505437E-002
  0.344685832406222     
 -0.568122972741553     
 -0.158242182601748     
 -0.504245420058142     
 -0.467036981622191     
  0.907203543045719     
  6.503449887275042E-002
 -9.284845151132969E-002
 -0.171227812227729     
 -0.280598147474497     
 -0.192098101870288     
 -0.101144729990933     
 -0.394755911161917     
 -0.642901256038522     
  0.823936358892433     
  0.225739295575055     
  0.162807481869470     
 -4.532744824427860E-002
 -0.674824158596152     
  0.359472676691626     
  0.212025890662301     
 -0.440628680071813     
  0.146807872819480     
 -0.256625890776667     
 -0.345510643378178     
  0.250171773381487     
  0.252554794837491     
  0.625817120691438     
 -0.125763178016295     
  0.425045151273854     
  4.404231121837161E-002
 -0.119111784157228     
 -5.476442320415695E-002
 -0.488375942717111     
  0.282963743555298     
 -2.637317645388952E-002
  0.298338986960546     
   1.39110716608357     
   1.01482033322319     
  5.458447361869736E-002
  0.579645624005578     
  0.425656864052447     
  0.202652219727190     
  0.321642815116655     
  -1.54403910597581     
 -0.407736058240125     
 -0.144580526013531     
  0.696356269923600     
 -0.418855475120983     
   1.89794479153099     
 -9.848212295560731E-002
  0.343191285998866     
 -0.185922368928139     
  0.222356232886148     
 -0.391696202381700     
  0.542415034853367     
  4.057975961348460E-002
 -0.145329285077112     
  0.360591471312096     
  -1.13757680673024     
  1.452299158903380E-002
 -0.620200310776530     
  0.834521821189804     
  0.178983105215338     
 -0.540268468082739     
  0.535817113365847     
  0.601511697336050     
   1.01732519170331     
 -0.396378694842415     
  5.233009502802878E-002
  -1.59321074131253     
  -1.54212295118051     
  0.992735729138256     
  0.287818991788932     
 -0.459092348496811     
  0.141144296545685     
   1.40538010602009     
 -0.331012453556048     
  0.251972345045906     
  0.729233405389157     
 -0.290192246942724     
  -1.31363692312925     
 -0.286551545889475     
 -0.470628463049659     
 -0.414973115710635     
   1.50027876880530     
 -0.825327362327775     
  0.428101418161844     
  0.558816953098951     
 -0.197770761066670     
 -0.393958179332505     
  0.798367501707112     
  -1.17014225433639     
 -0.688781813942460     
 -0.663991097494815     
  6.628470891178737E-002
  0.233798596824213     
  0.578466365407120     
 -0.151341145955280     
 -0.383994735086247     
 -0.153504256147678     
 -0.834473041941507     
  0.463263370508702     
 -0.120372175310656     
 -0.449170804570326     
  0.698950459243830     
  0.931755128237657     
 -0.393682241632107     
  0.249077609395130     
 -0.668315105171389     
  0.827738134857901     
 -0.379454776734413     
 -0.146177798170218     
  0.264277467870872     
  0.318290634733620     
 -0.653217898489406     
 -9.030247642733782E-002
 -0.431790006484994     
  0.612115878585052     
  6.146984408044819E-002
  0.784951939086464     
 -5.786048392413231E-002
 -0.851479377738873     
  9.981096695883333E-002
 -0.292510459751447     
  0.156475547575962     
  0.125357058988379     
  0.254487518266491     
  0.309683619021130     
 -0.646107044510645     
  5.028652504466372E-002
  0.431849155422212     
  0.403059604674569     
 -0.679563621903688     
 -0.397466850890113     
  1.705542203085442E-002
  9.820277631274021E-002
  0.118108244306655     
  0.451252101076782     
 -0.313977789089241     
  0.513957590634054     
 -0.256980493084984     
   1.11164562484035     
  0.176070710355084     
 -0.163895921562777     
  0.251398270862712     
 -0.381156490698681     
  0.247776067279197     
  4.278270479644414E-002
  0.246608242894668     
  0.389583240173153     
 -0.231090374478362     
  0.253370255603161     
 -0.161057549442894     
  0.752996214126653     
 -1.853336948531634E-002
 -0.606199760652794     
  0.141314172755865     
 -0.348413987526062     
 -0.585811465719771     
   1.44883612774787     
 -0.162512417821724     
   1.51634533262005     
  0.319610630959027     
  0.384589874317034     
   1.40289153491968     
  0.116633043929093     
 -0.197493937364772     
 -4.418415057227386E-002
 -0.238047370155330     
   1.52903880885520     
  3.098844770784635E-002
 -0.261264447503729     
  0.854161770190651     
  -1.38286549495174     
  0.452859396907163     
 -3.405205778621828E-002
  -1.06575799157734     
   1.07515737760596     
  0.328833374402669     
  0.115863414171893     
  0.370709214682329     
  0.354102742465312     
  0.119691955173963     
  0.714362919368420     
 -6.997372785219887E-002
 -5.682098156606662E-002
  -1.09234913179084     
  0.428760237421280     
 -0.145982416393419     
 -0.108583141195131     
 -0.518849864854162     
 -0.685869941449999     
  0.372640670049222     
   1.25448189231523     
 -6.987286639245047E-002
  0.138941310139622     
 -0.151570810849067     
 -0.477630589047474     
  0.697618817350539     
 -0.689368110345157     
  0.178362595619053     
  0.529708714182326     
   1.14388001968553     
 -0.448643959515705     
  0.322888213754484     
  0.269264604489785     
   1.08154875019427     
  0.780313394088026     
 -0.361509271921884     
  0.121367772175694     
  0.710730453494655     
 -2.692094283232817E-002
 -0.375577527243314     
 -6.921436765870204E-002
  0.580819226719800     
   1.00279790435721     
  0.612624041412935     
  -1.07737608043367     
  0.543228284355040     
  0.486091755871175     
  0.318573353462212     
  0.228634643547764     
 -0.343447729823477     
 -0.699330681373668     
 -0.560166205282154     
  0.110222908810808     
 -7.105000344860937E-002
 -0.457267651522794     
  0.479616568693495     
  0.453933641056262     
  0.171080942831252     
  2.063031328338968E-002
  0.606071102640806     
  0.348785013673490     
  0.366998050347136     
 -4.691452697066716E-002
  0.591442268656328     
  3.154862172473776E-002
 -0.172003867937100     
  4.852142937810704E-002
  0.316259678519032     
 -4.147948204762554E-002
 -0.276243617507659     
 -0.167303224847262     
 -0.129157547975713     
  0.401887590265224     
  5.601270884441711E-002
 -5.734300408734980E-002
  0.132491659584031     
 -0.480315656124051     
 -0.579584355188079     
 -0.251070473985419     
 -8.366500010704822E-002
  0.465295033015184     
 -0.400525912344264     
  0.315806279088914     
  0.166810111674447     
 -0.179800160456538     
 -0.857877326486876     
 -0.176008722416621     
  8.182695619167857E-002
  0.188433452440736     
  0.508240507958076     
  0.173716920303654     
  0.162867372767766     
  0.263096351069784     
  0.333730107115854     
  0.707369917348871     
  0.728924553905501     
  0.392496498897140     
 -0.184705320134494     
 -7.162342420174853E-002
 -0.111171157408278     
  0.618406841222923     
 -7.833883665230765E-002
 -0.348190040171976     
  0.472675122403571     
  0.885793961541034     
 -0.536384581968238     
 -0.313192870505012     
 -7.840472337287997E-003
 -0.368247219394427     
  0.616398744805967     
  -1.09544121567746     
  7.103525118909754E-002
  0.257777344909581     
 -0.232164738337671     
 -1.769284543893824E-002
   1.49952908748906     
 -0.775099486927345     
 -0.485417021221805     
 -0.724412256951473     
 -0.205849791067267     
 -0.296101073841535     
  0.174861934779365     
 -0.180409559054236     
  0.871387895282888     
  0.371914205338614     
 -5.628392232572502E-003
 -0.632266290640259     
  2.425886786675802E-002
 -0.507722503432300     
  0.280338934810246     
 -0.183994689361505     
 -0.653940670547461     
 -0.632913690490494     
 -0.449061428152819     
 -0.139810071735854     
  0.168382024062832     
 -0.279420341802395     
 -0.399538490293939     
  0.514756270298701     
 -0.326529532830069     
 -0.282851375192856     
 -3.079636021904611E-002
  0.207005722148432     
 -0.228034354647497     
 -0.273139142206505     
 -0.139777312461316     
 -2.372010160869359E-002
  6.687835425580700E-002
  0.174571296034436     
 -0.838821954306476     
  0.253648047117585     
 -0.140237511850508     
 -9.620457951967586E-002
 -9.123566060711486E-003
 -0.430802308490133     
 -8.771476570326973E-003
 -0.341594614493634     
  7.570870810046047E-002
 -0.288257589309024     
 -0.565971927925286     
 -0.715276978672906     
  2.558374621257754E-002
  0.347395311312935     
 -0.306072659987825     
 -0.457996979163507     
 -0.505286428167241     
  0.277414473514599     
 -0.150119935063029     
 -0.378867482187426     
 -0.227276346275698     
  1.589948260099519E-002
  0.401749000716566     
 -0.655405751050591     
  0.958338975876874     
  8.027662521896839E-002
 -0.347619866956627     
  0.185929554409453     
  0.315917873082913     
  0.506337467647659     
 -0.432563780708944     
 -6.021177876683788E-002
  0.854947996104472     
  -1.11135909876361     
 -0.243717186240720     
  0.474692242344076     
  0.456204583852486     
  0.261958460814644     
  0.620867098902165     
  0.247750584404679     
  0.121858039843653     
  4.047779933505033E-002
  8.182686165159995E-003
  0.163301629088682     
 -0.359515441861362     
   1.30030518371344     
  0.362543779193246     
  0.651740664581440     
 -0.780292345719180     
 -0.192294000691067     
  0.875579252282703     
 -0.187983417013346     
 -0.772410027559876     
 -0.456007635557386     
  0.181573448054139     
 -0.867475516754673     
 -0.107820047464144     
  2.426428375534462E-002
  0.709501913724548     
 -0.487870450294241     
 -0.366116841442840     
 -4.884862737639707E-002
 -0.349054012289082     
  0.201748012471318     
 -0.562308538426426     
  0.148587525645870     
 -0.299277766077730     
 -0.183052880550547     
  0.292464118257373     
  0.460611984825549     
 -0.310762543770733     
 -0.711359732939933     
  0.577052715724168     
  0.562122264221315     
 -1.909761926541317E-002
  -1.56530104435116     
  0.132885842787269     
 -0.109920762328849     
  0.502609299594147     
   1.13785298843482     
  0.285372600650690     
  0.851087477711376     
  0.298976970186255     
  0.945951190877267     
   1.04843218177970     
   1.63898074578790     
  -1.22968126219360     
 -1.811689066777290E-002
 -0.851803377080456     
   1.57907769493003     
  0.176783066327872     
  0.417947675614140     
  0.788897784983813     
 -0.214702282679393     
  0.637810980563888     
  0.648994268412443     
  0.606872069906378     
 -0.550373288118298     
 -1.710044387657912E-002
 -0.663298661079323     
 
 -0.181677688165777     
 -0.214805900770031     
  0.304845180629436     
 -0.323055913235527     
  0.193329944446269     
 -0.333772990199960     
  4.106577936637324E-002
  2.861583545702648E-002
 -0.227136377223960     
 -0.303059161806402     
 -0.662750591824068     
 -0.400812987152678     
 -0.647048378676965     
 -0.538254601486361     
 -4.766842956453647E-002
 -0.598349234810334     
  0.760727481042117     
 -0.299644880185134     
  0.215349935864837     
 -0.101540644850193     
 -5.741821500173987E-002
 -0.154771454316624     
 -0.243008715838544     
 -0.192889317359742     
 -0.346257439606914     
 -0.195548508501198     
 -0.209645879490961     
  0.331189665109616     
  1.220053677622013E-002
  0.850719566427779     
 
 -0.763794100014017     
   1.16000950916992     
 -0.150845721722556     
  0.123168335847652     
   1.30145579411107     
  0.311868772887787     
  0.608567999740394     
 -5.993740298099821E-002
  4.960756638198856E-002
  3.525832391387330E-002
  0.178057548408308     
 -0.350651100516073     
 -7.050856423862822E-002
 -0.277516661211495     
  0.190034872154437     
 -0.413606686649119     
 -0.270616950721206     
 -0.573227878233105     
 -6.621760559301473E-002
  1.822845508327046E-002
 -0.315633279312307     
  1.054966703579071E-003
 -0.142434165435613     
  0.205988057024679     
  0.231906284088850     
 -0.158141163374432     
  0.570638593739420     
 -0.300583232458835     
 -0.289481594471955     
 -0.501661525252634     
 
 -5.099142396373572E-002
 
  tansig  tansig 
