     48 -    30 -    30 -     1 
rmse=  43.2160meV
  4.886290442458934E-002
 -2.939677982125988E-002
  0.397319980227159     
  0.552545905738719     
 -5.223071801336596E-002
  0.480822148668690     
 -0.916730379641956     
 -5.921386834396147E-002
  0.171797856916543     
  6.903242407543179E-002
  3.416853161340935E-002
   1.15632806457516     
  0.866421926773237     
  0.517404089075744     
 -0.290415799953339     
  0.109745341227933     
 -1.071417388753882E-002
 -7.757572421046394E-002
  0.939486500813649     
 -0.506291040770355     
  -1.34714464376852     
 -0.409508329928190     
  0.569466381096091     
  7.173534642728392E-002
  0.382922119575754     
 -0.190775681943278     
 -0.276224823462714     
  -1.01807857085662     
  0.190801229544806     
 -0.187371750336896     
  0.204566885683287     
  0.486172410135885     
 -4.790814129462863E-002
 -0.129990485899920     
  0.170796462870314     
   1.19342136543949     
 -0.143065575485202     
  0.344073139933553     
 -0.391885007358932     
  7.978349146091752E-002
 -0.278207448248497     
 -5.019392705833155E-002
 -0.202065547483762     
  0.230452799412003     
 -0.908429395771934     
  2.449686403673451E-002
 -0.190319534203060     
 -0.234599610472821     
 -6.170895926003485E-002
 -0.279488195241728     
  0.468596483237113     
  0.179377306907669     
  0.636337575220389     
 -7.667878334733993E-002
 -3.614436030569698E-002
  0.327005841468196     
 -0.406416584326047     
  0.324846462444262     
 -0.584248647733887     
 -0.331521973479662     
 -0.483496142862137     
 -6.044356677368711E-002
  0.911001728948921     
 -0.924439322995994     
 -4.824336545631546E-002
  5.080540192477868E-002
  0.598318405637091     
 -0.462359118845743     
 -0.176393741113103     
  0.559483546099428     
 -0.405570153266575     
 -9.668111776245494E-002
 -9.705567280237705E-002
  0.251928343846165     
  4.190155863142677E-002
  0.472696664278092     
   1.19673934805364     
 -0.741577408049096     
 -0.413228878811962     
  0.439844616379745     
  0.313145061774835     
 -3.151733223946857E-002
 -0.230554477416790     
  2.027649129553358E-002
  0.178783691939279     
 -9.153382216230038E-002
 -0.131830410787345     
  0.623647357803647     
  2.202701455846492E-002
  8.865087797716154E-002
  0.894171220553835     
 -0.916802896381077     
  0.400512806109257     
  4.270562630436908E-002
  9.966963161785741E-002
  2.762077868945204E-002
  0.469446705087668     
  0.100587245254324     
 -0.169198482648567     
  5.886890524649070E-002
 -0.241186310025171     
 -0.158032731286269     
  -1.04382620677253     
  0.439636431883844     
  0.132683363748981     
 -1.422655949947720E-003
  0.583366289011705     
  0.589620807057070     
  0.354321601657740     
   1.09791769004579     
  0.996383953103102     
  0.727756736255268     
  0.143349018790920     
  0.112529236820750     
  0.401049406326935     
  4.331013961824817E-002
 -0.268415603677098     
 -1.124935375890719E-002
  0.271931392718392     
 -0.335788732374723     
 -6.267169864850399E-003
  0.299008375421307     
 -0.626370036652062     
 -0.607237305734386     
 -0.248750521563342     
  0.955011627125105     
 -0.313778269004137     
  0.636549732431478     
 -0.263551591659207     
 -0.302981017203438     
  0.424659367990706     
  0.162364557216657     
  0.188149809315027     
  0.664204518272738     
 -0.120055939764765     
 -0.383029370569232     
  0.536518129532250     
 -0.173181426022562     
 -0.222404422852671     
  0.442689445401873     
 -0.727953723482195     
 -0.762148256909295     
 -4.708112056599343E-002
 -0.728888812733320     
  0.843403139503945     
  0.509914188124091     
 -0.112664138964672     
 -0.489795545865653     
 -0.190231768115795     
 -0.201354451236884     
  0.470245621611063     
 -0.665690409647978     
   1.49342541782936     
  -1.44201887396482     
  0.246033574921396     
 -0.632691209885785     
  0.156218997586856     
 -0.231822741952182     
  0.221910555574311     
  0.371046177394225     
  0.693403805460445     
  4.743676558664823E-002
 -0.211495983493848     
  0.583447129891810     
  0.823002687392428     
  -1.13671845599138     
  0.462227453500725     
 -9.715746346306131E-002
 -0.373594976911116     
  0.196171652413977     
 -0.221268622200093     
  0.294324406276528     
 -0.739519662703265     
  3.785258429560311E-002
 -0.151921507920059     
 -0.505387790738014     
  0.294737787945684     
 -0.927103011367632     
 -7.267756294495514E-002
  0.126993056239526     
  -1.18720526771992     
  0.381238524971051     
  0.307993655208874     
 -0.706823766597212     
  0.465963363251019     
  0.307737412586508     
  0.225126993153088     
  0.564101793196464     
  0.105935170594750     
 -0.238975177305229     
  0.375294620161372     
 -0.365066359381647     
 -0.125310744432373     
 -0.242344072649666     
  0.110983400523135     
 -5.911779864008405E-002
  0.717300365651586     
 -0.182637993243438     
  4.990465732135598E-002
 -0.133126135340590     
  2.724200977591149E-002
  0.263459976785916     
 -0.555555523440058     
  0.217220840597820     
 -0.475944427691737     
  0.356266248508882     
 -0.546606748415680     
  -1.08726236785806     
 -0.260284547249258     
  0.138849019539398     
 -0.277018810895988     
 -0.346782530249363     
  0.412965988920261     
 -0.199391848029142     
 -0.508700704148666     
 -0.261252778512806     
  0.368642803064677     
 -0.513740170966246     
  0.586674073543299     
 -0.553171644522205     
 -0.182845415384221     
 -0.418644438434146     
  0.855590605886517     
 -2.120296786333640E-002
 -0.126613451315296     
 -0.177837648408774     
  0.246069052246010     
 -0.504779197151099     
 -0.520547354398101     
  0.868436626682008     
  0.325571128679240     
  0.133242747890126     
 -2.154563558263277E-002
 -0.335535372268902     
  0.164845565498972     
  0.812857439567770     
 -9.331176012194047E-002
  1.672926824899747E-002
 -0.258956026518930     
   1.02744451573168     
 -0.391876909479825     
 -0.272704866643188     
  0.484350314889289     
 -0.253842408601538     
  0.234969268910992     
  -1.84838487448786     
  0.228999623508894     
 -0.174471921909333     
 -0.726163965843837     
 -7.431531718948960E-002
  -1.03440104936613     
  0.134589453782871     
 -8.813161437017011E-002
 -1.774988632820373E-002
  0.307950317205086     
  0.431067660513057     
 -0.216959189415111     
 -4.249280860427636E-002
  0.284338902916273     
 -0.126656097213100     
  0.866321164104833     
  0.735359074915289     
 -0.895919976212647     
 -4.276930016243174E-002
 -0.186243448800595     
  0.511906289177125     
 -8.476991913270678E-002
 -1.732149329152220E-002
  8.708490471484079E-002
 -7.827662806786752E-002
 -0.169305953373704     
  0.685922609388511     
 -0.234240054031685     
  6.566644337510978E-002
 -5.057262038955899E-002
 -0.566873917529876     
  0.646642488242807     
  0.834240949650166     
  0.605959478744241     
 -0.174356968475786     
   1.03876675853302     
 -0.239982658004994     
  0.373291946465577     
 -7.034006557274025E-002
 -0.226283478462410     
  0.131526249737281     
 -0.545191843161483     
 -7.947845121558338E-002
 -0.111671622779652     
  0.203261421670308     
 -0.132703809426968     
  0.781520771334515     
 -0.242217758196457     
   1.12066004428630     
 -0.417281501871898     
  0.667515884408687     
 -0.225014747617109     
  0.300752103123853     
 -0.877049213252065     
 -0.244479923483709     
  0.742423988346160     
 -0.141518578528549     
  0.166307310456836     
  0.252549129120756     
  6.995599599868972E-002
 -0.269882691002655     
  0.156677794210243     
  0.906242007552924     
  0.671549279693534     
  0.974743805750668     
 -1.092612741508114E-002
 -0.551210160736729     
  0.200018439888787     
 -0.187157245982331     
  0.743434235478604     
 -0.243911394407934     
  0.169927877713230     
  0.165441802814809     
 -7.249838148234608E-002
  0.333615175660638     
 -0.167954678317208     
 -0.148313231461592     
 -0.632845624898512     
 -0.723176685251897     
  0.109578729584206     
 -0.409689534838333     
  0.498987615097536     
 -0.473744997378916     
  0.794289763225588     
 -0.397344918094291     
  0.429229862646557     
  0.209816179666746     
 -0.315691518637867     
  0.372274243200261     
 -0.673140720775706     
  1.534136625725886E-002
 -3.287653109989598E-002
  0.256547340544507     
 -0.202890758518122     
  0.862158229762454     
  0.259525166617485     
 -0.113392231576418     
 -0.132350748468105     
  9.454616095410183E-002
 -0.105917457754268     
 -4.126052933321038E-002
  0.425398600213137     
 -0.765915149475877     
 -0.810330014562540     
 -8.952177597006195E-002
 -0.175970783771179     
  0.249141124474957     
  0.244678640360615     
  0.242336581699135     
 -0.142044177518698     
 -3.089188423275833E-002
  6.069322954275522E-002
  0.286311820182312     
 -0.175039869267136     
  0.267533366513933     
 -0.352557355576563     
  0.347943597677870     
 -8.653783762802655E-002
  0.559013821195355     
  0.104817818960058     
  6.008876481061783E-002
 -8.874974183263838E-002
 -5.144706015774317E-002
  0.305167052388828     
 -0.451433053219140     
  0.440688458816881     
 -0.253247833565544     
  0.431544887126709     
  7.188325273790347E-002
  0.175524624151849     
 -0.284793016252229     
  0.278679075301485     
 -0.157735864497279     
 -5.678690391377215E-002
  0.246166513816097     
 -9.853482157295089E-002
  5.179082806533942E-002
  0.371016019314286     
 -0.291815266082980     
  8.685889428957239E-002
  2.528313824473229E-003
 -0.324335275038819     
 -0.225037294393350     
 -3.331393049258859E-002
  0.305884966316214     
  0.511507103049040     
  0.246489985392615     
 -7.260851396531383E-002
  9.040260317315330E-003
  0.272418194272737     
 -0.573267200213280     
 -1.361138887999239E-002
  0.445324905929929     
  0.476757638630980     
  0.387734430467624     
 -0.100794560879960     
 -5.024587804220986E-002
  1.305874264905586E-003
 -0.135531714498347     
 -0.296691741624722     
  0.512451077270250     
 -0.214292076501352     
 -0.312737082539767     
 -0.183850473251848     
  8.254109522512360E-002
 -0.496754614745820     
  0.704023487482856     
 -0.203781626567609     
  3.433810864275624E-002
 -0.109740334014339     
 -0.297267845398131     
 -0.134044993758289     
  1.682905650553769E-002
  0.183340490773336     
  0.101744150623221     
 -0.119843992665624     
 -0.781673550955683     
 -0.212470816820316     
 -0.304236768170589     
  0.465620386456452     
  7.473991855969166E-002
 -0.191981258300627     
 -0.127802083293274     
 -0.353523954241017     
 -0.558989890767114     
 -0.208289786504750     
 -0.115486523973765     
 -0.596454656499380     
 -0.164064861302474     
  6.943886557218421E-002
 -0.848855955148652     
 -0.470204655323100     
 -0.183007572421331     
 -9.444615446226608E-002
  -1.49771347701221     
  0.992576581867019     
 -0.224173806816736     
  0.832871560494340     
  3.355392856025038E-002
 -0.567016124464422     
  -1.28155983967702     
  6.869911355814842E-003
 -6.369663863097641E-002
 -0.561383606806016     
 -0.256835659044517     
 -0.158562772115615     
  0.285912198856796     
  0.569050280249782     
  0.349046565344491     
 -0.276502433908013     
   1.34004656996329     
  -1.65068705338283     
  -1.11332650955313     
  0.892292547363133     
 -0.431613697048155     
  0.438637966071865     
  0.738765006669142     
  0.180869158024637     
  -1.06869825967788     
 -8.221320045472538E-002
  0.162099978481251     
  0.134264581098006     
 -0.183699972212497     
  0.146111425671046     
  0.275915428674281     
   1.26320553479476     
 -7.734318065076783E-003
 -5.765837044654371E-002
  -1.02367113651566     
  0.590474613891414     
  0.306733435860787     
 -6.360698407144351E-002
 -1.721975861793975E-002
   1.11180724069136     
 -0.863044713078549     
  0.236012942136933     
  0.243009921094681     
 -2.010542155604349E-003
 -0.378030007453205     
 -0.204355784570145     
  0.244881669500295     
  0.240622423213285     
 -0.281242984205349     
 -0.337075570403218     
 -0.485985835105218     
  5.652337631964981E-002
 -0.445805445787236     
 -0.125494897202333     
 -2.765082442158229E-002
  0.563441851951448     
 -0.676631154438425     
  0.102579657282266     
  0.213649865936119     
 -0.275841478123338     
  0.115375397830068     
  0.194294518101263     
  0.137452002738256     
  0.317703177483454     
  0.309143507968253     
 -3.661217324838300E-003
  9.661815050863919E-002
 -0.196311295501454     
  0.353857405319546     
  0.379234429481974     
 -0.284400794140365     
 -6.542656520205467E-002
  0.191093555185621     
  0.247824318965613     
  0.399969762368236     
  6.814795882792863E-003
 -7.159629170589447E-002
 -4.481755926514240E-002
 -0.515823141942222     
 -0.338736694595389     
  0.358691800957339     
  0.233473779792453     
  0.690717724220651     
 -3.255309235695142E-002
 -0.435305058819113     
  0.340144205322225     
 -0.200069934670259     
 -0.431689881815851     
  1.287746963249685E-002
  0.491030381298330     
  0.231323364559451     
 -0.172052635811385     
 -0.342754505236834     
 -0.373077379098817     
  0.988365174375339     
  0.183386758519447     
  0.236683489208987     
 -0.264786042390620     
 -0.222153481475006     
  0.120831865598531     
  8.597590056821587E-002
  0.587322549980588     
  0.529069137021483     
   1.47555180954893     
  0.211916955316863     
  0.404272479757674     
  0.296142393455519     
 -0.190788074725925     
  0.442824391176837     
  0.755054917400397     
  0.699792902929210     
 -0.389291358456715     
  0.855144183403713     
  0.262657290232185     
  0.618103747216460     
 -0.222698224579245     
 -0.458399375097247     
 -0.326068318939850     
  0.395657937292622     
  0.759414445103857     
 -0.104044725796703     
  0.289940026587198     
 -6.607227132006313E-002
 -0.251421198229802     
  1.668799407609955E-002
  2.417928355529425E-002
 -0.441839882497498     
  0.134048537103736     
 -0.579555309925376     
   1.19829663459821     
 -6.227205220954290E-002
 -0.585674127325996     
  0.597684482792274     
 -7.997316906679543E-002
 -0.542525457777830     
 -0.814109037165635     
 -0.170968347473206     
 -0.202003181672797     
 -2.005567958956712E-002
  0.206201537189142     
  0.744737222845808     
  5.914384172371331E-002
 -2.143475439309462E-002
 -0.352831765782394     
  0.186941648508918     
 -0.555308637217461     
   1.02182808692692     
 -0.111752888094072     
  0.169002164240833     
 -0.431190334686139     
  0.569772621991805     
 -0.164016970347905     
  0.357592483737827     
 -0.327564220935582     
  0.123948506715740     
 -0.158641689591391     
  -1.46489919782253     
  -1.57396147432386     
  0.643002282428155     
  0.399187238506968     
  6.905091322935707E-002
 -0.481956533050061     
  0.153836918583792     
 -0.200320071239440     
 -1.832645812642401E-002
 -0.382445741922917     
  0.196006273529689     
  0.116105594996194     
  0.312145557111730     
 -6.932015995067788E-002
  0.836322137534773     
  0.290796362804477     
   1.76592368220599     
 -4.047034903629615E-002
  0.441281769552314     
  0.279587115970154     
  4.310388057257129E-002
  0.257823217047861     
 -0.289166824122874     
 -0.402826698471261     
  0.247819535681898     
  5.029133600922832E-002
 -0.278735867666539     
 -0.175010184956265     
  0.304166656858947     
  0.233469632012178     
 -0.177693573677630     
 -0.430164412437496     
 -0.593237427241862     
  0.174244220280539     
 -0.233659961478289     
 -4.789798338755492E-002
  0.443221892045346     
  0.111819422238535     
 -0.280502532400948     
  0.212127114300597     
 -0.785766992922911     
 -0.166505138292540     
 -0.266370981187312     
 -0.305565807552051     
  0.638063743909345     
  6.196490218814882E-002
 -0.164610356170280     
 -7.746705573562400E-002
 -0.220448894790264     
  0.666882123172837     
  0.308935909810686     
  3.707881684411068E-002
 -0.230958447167270     
 -0.235146003115362     
  5.930731608840186E-002
  0.274419032713922     
  0.597773570764470     
 -0.707177153420740     
  0.548475717889690     
  7.569796349121594E-002
 -0.672423089181710     
 -0.244840528142141     
 -0.354365717244705     
  0.707036474546303     
 -0.841730092243391     
  9.655765623938428E-002
  0.265912751267048     
 -0.168013530808309     
 -0.462852070916669     
  0.241512604701769     
 -0.181883358352532     
  0.232020178729421     
 -0.118975772012532     
  0.506489352891190     
  0.150197549596397     
 -0.288808217821451     
  0.241872595320716     
  0.468852811354670     
  7.710964843640425E-002
  0.260500410341817     
 -0.392875316743463     
  0.292574231127737     
 -0.317535061937103     
  8.625512652619247E-002
 -0.140606770178684     
 -0.576904915378350     
  0.344226632021265     
 -0.404882818909622     
   1.51857081512093     
  0.620713744936280     
 -0.438011078015757     
  3.531178872912964E-002
 -0.255637251236009     
  0.195663182073599     
  9.494114169746949E-002
  0.892030995800605     
 -0.202163201680711     
  0.144038588488211     
 -0.497525888707524     
 -0.456708484987871     
  0.918600041787730     
 -0.462776707197679     
  9.740323526090024E-002
 -0.509142701829258     
  -1.08351563329364     
  0.389805522240144     
 -0.481935963674449     
  0.423372824972921     
 -0.427587316076009     
  0.240574121605598     
 -0.318335627577716     
  8.766233285822633E-002
  0.561282601116696     
 -0.785189404981503     
  0.427575402493365     
 -0.725880395717342     
  0.122259026643448     
 -6.671185490508913E-002
  0.407907355931865     
 -0.696911141523033     
  3.412934041823982E-002
  0.240026059335045     
  4.903492336185135E-002
 -8.186225385917380E-002
  6.148475921281898E-002
 -0.381881352827326     
 -0.345076318194265     
  0.210452474960013     
 -0.801058619448933     
  0.242127385888075     
 -3.091041224513862E-002
 -0.111306930636217     
 -0.356434714416347     
  0.472557147602359     
 -0.358056226837790     
  0.451742465983143     
 -0.368211549917337     
  0.102440748289874     
  0.110758835153486     
  1.411278806050233E-002
 -0.276726089334847     
 -0.262586222935309     
  5.462633912174743E-002
  0.144100054090894     
 -0.836855358176309     
  0.502658058001238     
 -9.044030060000578E-002
 -0.315414501056478     
  0.302893231387470     
 -2.054240041418657E-002
 -0.309296513735739     
  0.520871992053492     
  0.148949719717419     
  3.868690975761502E-002
 -9.961594249654679E-002
  0.120335679787134     
 -6.538432204783384E-002
 -0.179699473520199     
 -0.192906230675937     
  0.936156516014847     
 -0.501804973578740     
  0.612501418429967     
 -0.549131201294268     
  0.370664659847631     
 -0.550699411912227     
  6.386742188202314E-002
  1.203477080796686E-002
  6.383994108891478E-002
 -0.275570770176578     
  0.310662547958633     
 -0.131189395340446     
  2.048909014269767E-002
  0.250663300655449     
 -0.265937838967055     
  7.561163057931639E-002
  0.135342952646137     
  0.373737602179800     
 -0.747020673674827     
  0.217461641199028     
 -0.154061031583753     
 -0.251311682540643     
  0.193929938839213     
  0.472691982949835     
  0.453906175710880     
 -0.495570798679974     
 -4.910984191852385E-003
 -1.217402322665384E-002
 -0.444494352693419     
 -0.126272437887021     
  0.297823800940677     
  3.230582241746806E-002
  0.233842491178944     
  0.520034516246948     
 -0.175922119560512     
  0.112212391311346     
  0.326174725952783     
  1.560685232424833E-002
 -0.353865358948135     
 -0.312627620672475     
  0.608863877073069     
  0.433304797022603     
  0.165384755177883     
 -0.233615544722786     
  6.199955714691439E-002
 -0.200028846643008     
  0.402451767220179     
 -0.190344376739456     
 -0.217981842763041     
  0.319623902981252     
  0.628781505924696     
 -0.669117830091908     
  0.785776653239677     
 -0.479954856928362     
 -0.489099674287074     
 -0.348668209530644     
 -6.265051705689167E-002
 -0.726023607112182     
  0.500543945930256     
  0.421618853702316     
 -8.043720012119196E-002
  0.627569109604138     
 -0.231183055785206     
 -0.597041604157719     
 -0.127085356918018     
 -5.203000332330770E-003
  0.742843609366334     
 -0.210714844849592     
  0.173307015479506     
 -0.161357520810564     
  0.156883293393843     
 -0.157354714942019     
  0.170114092025382     
  -1.06214629734379     
  0.326915848833344     
  8.636838860833838E-002
  0.196452857050532     
 -0.458923232895586     
 -0.664594786850092     
  0.172234723804651     
   1.04299644274881     
 -0.332826645266853     
  0.161921540623173     
 -0.307065100521781     
 -0.261475332761683     
  2.589585756258372E-002
 -3.755258141063184E-002
 -0.292369376261143     
  0.607231419520951     
  0.678694878879103     
 -0.450214938690112     
  0.139454117392875     
  0.176449633612180     
 -0.374585884670763     
  1.417568015526031E-002
   1.30415263080050     
 -0.746081442984741     
 -0.177498354876282     
  2.105927660735797E-002
  2.834660429963284E-002
 -6.584106395754795E-002
  0.123719475839026     
 -0.105147883248544     
  2.142289712790004E-002
  0.125443778459167     
 -0.301891890050474     
  0.374246630952098     
 -0.318147863014355     
 -0.229883800961836     
  0.365550251732289     
 -6.488607444973571E-002
 -0.222482325140519     
 -0.406189864355883     
  0.110333132301572     
  -1.10571089051585     
  0.351759318053181     
  4.350226152853705E-002
 -0.287174872480440     
 -0.531199696186519     
  0.768128433258267     
 -0.547639437947179     
  0.588620591558875     
 -0.563346871306731     
  0.487031224976074     
  0.483841821990052     
 -0.386539804977386     
 -0.122652691054713     
 -5.150095995431987E-002
 -0.678831832935804     
  0.247223503151674     
 -0.172445026531109     
  1.036101795538963E-002
  7.260840407831880E-002
  0.479428845843298     
 -0.855636367771375     
  0.701302024164548     
 -0.279352300391053     
 -0.203743359830259     
 -6.692024377907946E-002
 -0.145791431914401     
 -9.972817458343285E-002
  0.400852045092454     
 -0.144593405862946     
  1.772914075049167E-002
  0.555255900316763     
 -0.132903230074118     
  0.276462937607776     
 -0.399323526363370     
  0.201062301453424     
  0.495877215177404     
 -0.303042652046710     
 -0.346006180503446     
  0.307610143853562     
 -0.376109790250600     
  0.212446926410042     
 -0.307061706904422     
 -0.396317957323232     
  0.520183688685520     
  0.193946418654909     
  0.313754824144565     
  0.722851102800200     
  0.621538909170511     
  0.159865675918053     
 -0.270717696509684     
  0.220953240805508     
 -9.859466301448294E-002
 -0.539951654364096     
  0.764752420155708     
  0.504058967171425     
  -1.14730154594726     
  0.399241775628130     
  0.284589796189897     
  0.625685398601927     
 -0.314521238686319     
  0.367784756931092     
  7.009700660231694E-002
 -0.353823093381882     
 -0.355818678873450     
 -0.474450828377896     
  9.985991009212541E-002
 -0.146603818816528     
  0.237262275358734     
 -0.235077938141933     
 -0.541429502716754     
  0.164549289743370     
   1.25545196021700     
 -0.457740830476179     
 -9.866167628954449E-002
 -0.565918945990457     
 -0.213216310253559     
 -3.749204596065732E-002
 -0.764614207265780     
 -0.179619577332446     
  0.361663370719095     
  0.392375376498751     
 -3.269426753481011E-002
 -0.179031686914662     
  0.283087906496233     
 -0.483121784033404     
  0.269519467475436     
 -0.337936848497999     
 -0.937642667728194     
  0.577022938641476     
 -0.244516216494705     
  0.146494269473167     
  6.961079699483334E-002
  6.741757458915418E-002
  0.169459490658731     
 -0.159958373269143     
  0.480652559330242     
  9.086582327550684E-003
 -0.446853839151991     
 -0.289453149514267     
  8.550644884251610E-002
 -0.194228799869461     
  7.650538400388798E-002
  0.133022526243993     
  0.387841341370034     
 -0.104647317461765     
  3.229889688684973E-002
  0.138511296795962     
 -0.358423098903427     
  0.177926703223975     
  5.483397343076507E-002
 -0.107465960780825     
  0.219300574729062     
  0.873671926487944     
 -0.295042808898946     
 -0.736856046618193     
  0.568661279092222     
 -0.321196038212777     
  0.165487514285574     
  0.116753380883362     
 -0.151555274506383     
  0.129983230888059     
 -0.297992210894234     
 -8.715758270602987E-002
  0.285159332377121     
  0.361447795423102     
 -0.248493618375758     
  2.254116625486271E-002
 -0.679533606359268     
  0.452331003192038     
  0.404816283300676     
 -0.239787440247018     
 -0.203573580580785     
 -0.145252012210125     
  0.142305326468507     
 -0.155517625794992     
 -0.323254767785231     
  0.208905361018380     
 -0.109310273308259     
  0.408303081679046     
 -8.495524236574778E-002
 -0.485459837311648     
  0.140702162168236     
  0.664119083163454     
  0.658500150012591     
  0.482128131036484     
  0.274739554842148     
  0.340417112248504     
  0.779622611679470     
 -0.101594274584600     
  3.627956456879967E-002
  0.193542175808275     
 -0.616856468089155     
  0.778163549863262     
 -0.399354469980900     
  6.605424521506557E-002
  0.110497915834098     
  0.156812028380397     
  0.162877911125087     
  0.716891573239538     
  0.156052569871678     
  0.145508520174451     
  0.172092003368401     
 -0.394197155676794     
 -4.267622912023267E-002
  0.222574986214875     
 -7.394586182241132E-002
  0.456898268051742     
  9.407332936234798E-002
  5.735393553946823E-002
  0.253509469581358     
  7.751390848153196E-003
  7.148209242045214E-002
  0.174919586535277     
 -0.382538481581931     
 -0.428481994704499     
 -0.312767384113442     
 -0.139683413880688     
 -0.452620743894908     
 -0.787915622952783     
 -0.485575743375794     
 -4.020342898015626E-002
  0.268820095657234     
 -0.103603354010023     
  0.166784564335120     
 -0.137522084598697     
  9.994970758331737E-002
  4.207948746544111E-002
 -0.460078774023752     
  8.965467957800093E-002
 -1.126776752742661E-002
  0.100185523686165     
 -0.598806031764152     
  -1.34047488728558     
  1.840501678794867E-003
 -3.193910546328858E-002
 -3.941205905602437E-002
 -0.157856595807137     
 -0.143253715381101     
 -0.112276577586652     
 -0.647974376470066     
 -0.356186469241961     
  0.205854257445012     
 -0.350036214928788     
  0.481567894436922     
  9.277264990024081E-002
 -4.240630752822172E-002
 -0.376940726542159     
 -0.202400488673906     
 -7.663720147132722E-002
 -0.320920372871488     
  0.622182556067644     
 -0.108754179401637     
 -0.266823621389633     
 -7.934884479513243E-003
  0.116897397614679     
  0.444603583658662     
 -1.069836437771532E-002
 -0.334461312122407     
  0.213160645494456     
 -0.174478164200872     
 -3.653307106014773E-002
 -0.418317212124361     
  5.779451134353348E-002
  0.373408784511984     
 -0.906511443900865     
  0.183136147339216     
 -9.562097234043530E-002
  0.172004017890102     
  0.435767797971259     
 -6.047211796526315E-002
  0.131673380819113     
 -2.665810103308505E-002
 -0.232418265659356     
  0.131145216683813     
 -0.398837445090811     
 -0.293999495574797     
  0.382475618290110     
 -0.112224265882259     
  0.707739894408292     
  0.305685370619636     
 -0.530150847294998     
  0.104469889713390     
 -0.147125460987699     
  0.252093092864699     
 -0.344668616796333     
  0.264146880597849     
  4.099353540742829E-002
  0.383022760838847     
 -0.524304790565612     
 -0.115445552621126     
 -0.310465348034740     
  0.218529005313936     
 -0.382032539247288     
 -0.325416974776418     
   1.11138106117048     
  0.433974967229342     
 -0.160213971447293     
  0.296628681531229     
  0.215115159234841     
 -5.538921625128717E-002
  7.697159596316556E-002
  0.180334954264100     
 -0.217550054699491     
 -0.195267274504713     
  0.166345100819392     
 -7.747316150850730E-003
 -0.110041044247807     
  6.123589103614707E-002
 -0.233317111599476     
 -0.775643503776629     
 -6.402305510051697E-002
  0.137360123004501     
  0.287335084538890     
 -3.328497186247002E-002
 -0.101302443340284     
 -6.134133007325415E-002
  8.834129057162983E-002
 -9.092030380756383E-002
 -0.226039059835524     
  0.294070781751538     
 -0.222923877681331     
  0.191355581298251     
  0.406051721634475     
 -0.177931766967582     
  0.173980075654321     
  0.140501277925352     
  0.105845468175631     
  0.117965129365436     
  8.552500328862229E-002
  4.504498755445591E-004
   1.08212699986375     
 -0.554423948729722     
  0.483051406610371     
 -0.642040964415781     
 -0.231678750115377     
  0.184866561981332     
 -0.667450696986865     
  0.941346014251245     
 -0.609223558093239     
  0.557517380271992     
  4.994208954736300E-002
  0.287086084825497     
  0.201391648375260     
 -7.184027211854883E-002
  0.542957936643766     
 -0.144865668168174     
 -9.481962020420802E-002
 -0.219475979445837     
 -0.141929398327231     
  0.230631121788671     
 -0.359112848644447     
  0.127918300992508     
 -0.326229031164274     
 -0.212561252246818     
  0.947878962094357     
 -0.319013326042617     
 -7.066282985151766E-002
  0.174697104251207     
 -0.121131635810841     
 -0.250076129327753     
  4.555072749866758E-003
 -0.490292581258021     
  0.383021778762519     
  0.111559779071745     
 -0.143133415333377     
  0.490406821852058     
 -0.141964247614435     
 -9.648276408676919E-002
  5.181026820749009E-002
 -0.764764082579179     
 -0.352305363928634     
 -2.797589581174105E-002
  0.186308732836518     
  6.458706572745755E-002
  0.106540296836356     
 -0.512282250170831     
  0.586449058739199     
 -0.285836226945681     
 -0.159518658700840     
 -0.120173211234462     
  0.408130904944823     
 -0.336761211991875     
 -0.618516916871599     
  0.470392304948078     
 -0.204820148777127     
  0.241730752096725     
 -0.500689016977307     
 -0.398088895450916     
  0.241817896774651     
  0.273955556147444     
  0.493957669286540     
 -0.469093602601876     
  0.351421020550624     
 -0.303769663358061     
  0.385191053665711     
 -0.260744308546800     
  0.109068702591209     
 -5.411023513759213E-002
  0.142110815802723     
 -0.309613512170697     
  0.275711307924904     
 -0.387637926297818     
  0.536012099883777     
  3.019838489120735E-002
 -3.932185148229633E-002
 -0.471262303477305     
  0.137551931831617     
  0.842552333898194     
 -0.891990835271473     
  0.557000761278975     
  8.210868563491541E-002
 -0.121664525815535     
  0.199435474091290     
 -7.765156805394870E-002
  0.502071462942349     
 -2.864827838251672E-002
 -0.197849590098169     
  0.269462767424601     
 -0.307521445540546     
  0.343644667473300     
 -0.221093683674208     
 -9.731673290634835E-002
  0.223405467431741     
 -0.378244705064352     
 -3.273902762563607E-002
  0.727227548336314     
  0.203909502977720     
 -0.520535801222051     
 -9.682892704662227E-002
  0.245516679690844     
  0.157088327878860     
   1.11129593236315     
  0.206366797498685     
  0.411167094161080     
  0.285514962472010     
 -0.471955755582988     
  0.214196022577485     
 -0.161055468001383     
 -0.394856218181282     
 -7.706971373352831E-002
 -0.248773367609877     
 -0.764239169086207     
 -0.732169359789936     
  0.970565041118468     
 -0.677455735426800     
  0.346973526136953     
 -0.321737975501551     
 -0.849106228229988     
  0.240275175448483     
 -0.474611202137472     
  0.286418432439008     
  0.272996601890718     
  0.248628911818721     
  0.387265487359638     
 -8.951537645179181E-002
 -0.257973349209289     
  0.302999783955003     
 -0.782284011586878     
  0.463033851473658     
 -0.183356908378621     
 -4.132139719102879E-002
 -0.629933209073090     
 -0.268956832208901     
  0.242497041822545     
 -0.476284094434760     
 -0.416439606284407     
  0.198294242724539     
  0.285152705608925     
  0.370147386797940     
  2.730666483148714E-002
 -2.899475897564812E-002
  0.384289052829274     
 -0.466031710164329     
  0.362561345449208     
  2.404699341357940E-002
 -0.401159392564372     
 -2.866561561753284E-002
  1.973510371839434E-003
 -0.578993212955548     
   1.04883556817989     
 -6.365587154330572E-002
  4.664870329673994E-002
  0.227821230759420     
  9.166564062827913E-002
  0.318122179397379     
  0.105707452933479     
  0.172951114907733     
 -6.366978014765291E-002
 -0.461591623045518     
  0.228253867318000     
   1.33509579943185     
 -0.269173192959610     
 -0.142873939264764     
  0.446208598269303     
 -0.579216073478760     
 -0.382647447351068     
 -0.118061450848834     
  3.984964935650109E-002
 -0.616670534114473     
  0.896518296223780     
  0.185180195742735     
 -0.802245421902095     
  0.748235814031718     
 -7.746945706357271E-002
  0.188308767314772     
 -0.303674714209604     
  0.243177480681308     
  0.491757148285268     
  6.744930162846841E-002
 -7.857300469599727E-003
  7.055886013422846E-002
 -0.145260626764441     
 -8.473953356583733E-002
  0.192062499128640     
  6.144396493559615E-002
 -0.110610057628327     
 -0.385756473138797     
 -0.286139841438697     
 -0.109370952842961     
 -4.133422190065648E-002
 -0.638104756336652     
  0.386947586979310     
  0.302208074559459     
  0.379510525443729     
 -0.316213268493943     
   1.04118181805891     
  0.243467612682353     
 -0.678810470822747     
 -0.214888924860867     
 -0.994281366338569     
 -7.609536930197384E-002
 -0.141367779982945     
 -0.409697986286235     
 -8.071566138282793E-002
  0.362810799882998     
  0.755434921294580     
  0.395752890474609     
  0.349838899515537     
 -0.417803490075088     
  0.384673615269281     
  0.236895439553479     
 -0.640283760636202     
  0.541900508566077     
 -5.760416201620293E-002
  0.767173859697598     
 -0.752116092908848     
 -0.218769608647906     
  0.359049845417737     
 -0.435804849420204     
 -5.774406820280471E-003
 -0.341999508323503     
  2.317384787258535E-002
  1.648995989103182E-002
 -0.731122862161912     
  5.998919200023312E-002
 -0.690433156361147     
  0.178326436819502     
 -0.497713170276003     
 -0.245511061934303     
  0.566949763454774     
 -9.834291966331222E-003
  0.927435193450594     
  0.303914531075637     
 -0.190474794611727     
  0.254036987672835     
  4.157544499168710E-002
 -0.425695916005094     
  0.242819282680768     
 -0.511289827462784     
  2.674043470247671E-002
  7.253967683898389E-002
 -0.116584835735250     
  0.185221788360882     
  0.115125664413312     
 -0.586041162869476     
  0.457258590450053     
  0.994929696398365     
  0.191996368668024     
  0.232204841075806     
 -8.812758915774842E-002
  6.897572182025387E-002
 -0.136097338953724     
   1.04264033676171     
  0.338968584318446     
  0.206418451064207     
 -0.298934415263032     
  0.168366683213515     
 -0.214554781755803     
  0.117035097498980     
 -0.352484069897696     
  0.233066921682644     
 -0.379352969794303     
 -0.264345265019295     
 -5.733102768020530E-002
  0.133316676303161     
 -2.746000280178443E-002
  0.230757905956289     
  0.127550067698864     
  0.114396526028973     
  0.195659309194005     
 -0.574923845247839     
  0.143878937543923     
 -6.836421108017054E-002
  0.217045069260048     
 -0.279629631239245     
  8.164656585396496E-002
  0.211886791989488     
 -0.323661537716311     
  0.219731746020059     
 -0.203626371321363     
 -0.437598997118902     
  0.239881990011677     
 
  0.948060590699275     
  -1.27574484579056     
 -0.718424855467334     
  0.822911722890727     
 -0.695058403818899     
  0.423149176227986     
  0.129516246648278     
  0.185446328379116     
  0.477879072344929     
  0.295578007558047     
   2.16233573983165     
 -0.129405001356837     
 -0.388482692837625     
  0.173610210766242     
  0.801665037382996     
 -0.711617696128106     
 -0.340934947869110     
  0.492406909924438     
   2.27725468179734     
  0.508772007317154     
 -0.334977629516954     
 -0.501604235396061     
  0.569568824685549     
 -0.954845718004023     
  0.728288269997381     
 -0.232152786003237     
  0.361021731640473     
  8.002127859547097E-002
 -0.785321591763813     
 -0.362745432626819     
 
 -0.421008728045724     
 -0.305198908700901     
 -0.480213801650677     
  0.161806354635081     
  0.336689770381709     
 -0.364848221797802     
  0.488842479120396     
 -0.105964653285610     
 -9.128983436421795E-002
  0.743218101947450     
  0.505692866642373     
  0.243750177475764     
  0.118348422732251     
 -0.456457189761671     
 -0.337934561875271     
 -0.794277362831163     
  0.549536548294066     
 -0.905121449486556     
  0.231591149552028     
  7.863823777181340E-002
  0.475309718621384     
  6.823814036098053E-002
 -0.157322616146782     
  0.532800563559714     
 -0.162705518094234     
  -1.14921878013020     
  5.810065361522664E-002
  -1.18507245847226     
 -0.112480354499555     
  0.470787639967464     
  -1.00666595438990     
 -0.240045389910304     
 -0.883182260393630     
  -1.00526480915701     
 -4.591826642723731E-002
   1.48355747620678     
 -1.435835366281794E-002
  0.227783986583262     
  0.537214877783237     
  0.706310459219765     
 -0.154014680874811     
   1.28015784798212     
  0.314971228764241     
  0.581657824384251     
  0.573784135198473     
 -0.327705004469082     
  0.690127246036428     
 -0.704376806407804     
  0.282947290680463     
 -0.705215935596264     
  0.381810973544109     
  -1.16409825293563     
 -3.185283088155282E-002
  -1.31138492237398     
 -0.626080378621642     
 -0.353719560169576     
 -0.988340785938015     
 -0.654174989980534     
  6.679671784828599E-002
  0.304407731287102     
  0.135979485974212     
  2.842926539597245E-002
  4.475261760942553E-002
 -0.194064308741123     
   1.13626774509697     
 -0.902452812704483     
  0.925196348557114     
 -0.479166395037190     
  0.832492335149592     
  -1.62539126297796     
  0.470746324431043     
  -1.31457393984314     
 -2.874191960379770E-002
 -0.527860710388543     
 -7.969826537197279E-003
  0.294450216217988     
  0.379381287789517     
 -1.240259130220146E-002
  0.298108684578797     
 -0.512803335487914     
 -0.900280773816563     
 -0.607361855746307     
 -0.413859538291190     
   1.09118236466087     
 -0.268122563586886     
  0.261393558495642     
   1.27312247811883     
 -0.922569183768464     
 -0.642563388526031     
  4.868540600576064E-002
 -9.466612041797182E-002
  0.426349121062097     
 -0.197389722874005     
  0.429026990207465     
 -0.209540942418797     
  0.944379401283799     
 -0.467277671531684     
  0.194532976782978     
 -0.169408510880105     
   1.38025580743570     
 -0.533519507412875     
  0.427286280660735     
   2.37537390882615     
  0.227932342581056     
  0.562613331778641     
  0.434546848800835     
  0.374527535995454     
 -0.183989599378043     
  -1.03290739586953     
 -0.357851920960991     
  0.697487240695005     
 -9.679107330355718E-002
  0.394898430079699     
 -0.491969239462424     
  0.668662706558208     
  -1.22305890358899     
 -0.706248997628167     
   1.49899140155620     
  0.249471200126993     
  0.222953371704888     
  0.249352893700513     
  0.466025574698280     
  3.301558430378183E-002
 -0.599318856559335     
   1.05514728332687     
 -0.267252835279395     
 -0.367691461150446     
  9.177451738958556E-002
 -0.757370155218796     
 -7.711697072133417E-002
  0.112447099083448     
  0.439730650681920     
 -0.404491915581613     
 -0.216370306352576     
  0.117367168142530     
 -0.181490136654291     
  0.561616098938924     
  0.223430323594613     
  0.182522442710157     
 -0.562480811070352     
 -0.528197830932272     
 -9.554580868048872E-002
  0.282187107853962     
  0.849223222155314     
 -0.595002141326743     
 -0.282022795309417     
 -0.335772011302171     
 -0.847732528138660     
 -0.302034307072694     
 -0.125359463931051     
  0.220223364807636     
  0.182357308137411     
 -6.113637987836857E-002
  5.099478558340307E-002
  0.187532985500506     
  0.594652312448025     
 -0.547102845201611     
 -0.134787231853400     
 -9.068044628181045E-002
  0.182366375108045     
  0.199927701325886     
  7.041062931644083E-002
 -0.181631194641505     
  0.297871017900370     
  9.676428422270116E-002
  0.926120753348413     
  0.281078080967760     
  2.377028075171750E-002
  3.599445169409320E-002
  7.105106710862386E-002
 -0.220488298801571     
  0.498456567347286     
 -2.859718037119759E-002
  0.257093542603135     
 -6.142624085253990E-002
 -3.064317373663519E-002
  4.639613392457020E-002
  0.311878023284909     
  7.060241691513673E-003
 -2.886187429199102E-002
  0.199207824916423     
 -0.142803459443939     
  8.003946002272767E-002
 -9.127440779858895E-002
 -9.324081189287256E-002
 -0.443391482388458     
  0.210227886779570     
  8.399477836835548E-003
  0.119410635882545     
 -0.170421075968628     
 -0.360380391370297     
  0.189365088814967     
 -0.414911988381482     
  0.297309910224944     
  0.184894749026239     
 -0.285965240087798     
 -0.332745137268069     
 -0.456961816923786     
  0.148008161683469     
  7.127576180695525E-002
 -5.743309438462110E-002
  0.236565422523821     
 -0.795051859766998     
  0.158680772896725     
  0.321830822630514     
  1.424900682210533E-002
 -0.401325458484771     
  0.136113713901214     
  5.299435892762822E-002
  0.345482845523871     
  0.576057373171887     
  0.229176105314535     
  9.299950944464910E-002
 -2.296248513665038E-002
  6.036004190657496E-002
 -5.691530830299245E-002
  0.364535084159798     
  0.671708716089014     
  8.032734017415115E-002
  0.147165082449419     
  5.497802396944847E-002
  0.282348432640895     
  6.974815677949923E-002
  0.323094195720295     
  0.339544241239284     
  0.407004532670261     
 -0.206740925752268     
  0.707470944277321     
  0.262747724911468     
  7.779305546549609E-002
  0.337113936824180     
 -8.731358837102156E-002
  0.285017407608551     
  6.860713580207942E-002
 -8.928623992602193E-002
 -0.585482990121801     
  0.143467183291732     
  0.253808818840436     
 -3.528323698076128E-002
  8.159802456740670E-002
  0.455955827172597     
  0.452883228498896     
 -2.269134368866776E-002
 -0.167323880760093     
  4.135681870166826E-002
 -7.199890170624192E-002
  0.109606380757048     
  0.371304082041808     
  0.110294293006935     
 -0.352954265563855     
 -5.876435742174229E-002
  2.815806099426711E-002
 -0.254276844217650     
  0.416334830553187     
 -0.105200453846733     
 -0.184739694649078     
 -7.959799401476518E-002
  0.856539735354645     
 -2.809309387420449E-002
 -0.304895468481411     
 -0.166707099792063     
 -0.448313540628386     
 -0.746970990803269     
 -5.701434091476073E-002
 -6.899967558926216E-002
  0.336239727520265     
  0.257386953846530     
  1.948128169079795E-002
  0.219070583989564     
  0.445660862091118     
 -0.103757130209274     
  0.511864076087930     
  0.138405403344292     
  6.610434835584560E-002
  0.221040767018561     
 -0.183415960673565     
  6.917517994000934E-002
 -9.989471093104077E-002
 -0.754826862172444     
 -0.165290854884327     
  0.635890857715196     
  0.506503220199752     
  -1.11561371182280     
  0.293728963355572     
  0.102834064432737     
  0.536574824459559     
  0.296615369863502     
 -4.199238652137306E-002
 -0.197217899974252     
  0.321765315546920     
 -0.164948625438401     
 -0.387945015800827     
 -0.532591304234291     
  0.428821750781226     
  0.374438102274810     
   1.01693908180653     
   1.07043629601925     
  0.160366412068000     
  0.626425380562236     
 -0.935449414626759     
  0.165858841993165     
  0.589505460656263     
 -0.325824834276764     
   1.02337818879613     
  4.708667737672165E-002
 -0.629165452000497     
  0.310456534296367     
  -1.42363425699361     
 -0.247898697326081     
  0.635466115318093     
 -0.243916348675279     
 -0.256644112152069     
  0.270167886081426     
  0.447702841074882     
  7.081141532086438E-003
  0.606500635334443     
 -4.798845786177382E-002
 -0.450648746723913     
 -1.933323252687063E-002
 -0.134716416858769     
  7.266797071635790E-002
 -0.265711958555338     
 -0.614860606100132     
  0.865260817233706     
  0.121570716768625     
 -0.570034619908787     
  0.240685375229140     
 -0.423990213639546     
  1.109794695385702E-002
  0.502930712698857     
 -0.225851152315914     
  0.233374517833324     
  8.605616243128486E-002
  0.296511812760504     
 -0.158816226388393     
   1.40599705684794     
  0.149923362721201     
  0.736503383089026     
 -0.164374349625456     
  0.155213485174120     
 -0.389888875780338     
  9.835524589414331E-002
  0.853462157113568     
 -0.431796529005855     
  0.338426104173774     
  5.020831589032808E-002
  0.155055841411518     
  0.901898745447784     
 -0.201144544621417     
 -0.392185193556743     
  4.289654534955679E-002
  1.071726490473012E-003
 -0.822973245663263     
  0.100098164145374     
 -0.267122115363171     
 -0.195942976065072     
 -0.101620745775531     
  0.839681062345875     
  7.563920390373247E-002
  0.321603612266158     
 -0.895679164854584     
 -0.398296995213755     
  0.297192769615678     
  0.688869612234597     
  0.324667006628957     
 -0.194111545084786     
  0.188036128812115     
  0.224322911514468     
  6.899769566413572E-002
  -1.39269154065197     
 -0.358290060533596     
 -0.844845351785823     
 -0.128276085724829     
 -0.624218741195847     
 -0.262466840980354     
  0.343002216972816     
 -0.106383557399315     
  0.131212594372686     
 -0.698974406771929     
  0.459440366531080     
  0.157623189271835     
  0.562347673546684     
 -0.751704807986643     
  0.932491340965879     
 -0.591958321154536     
  0.793999980914654     
   1.21214956189978     
 -1.577261613263223E-002
 -0.687432509102233     
  0.871973331017358     
  0.620315018310686     
 -0.460424528063776     
 -4.444821604871426E-002
  0.431877294056605     
 -0.542461941612944     
 -0.554182070980412     
  0.593384549260800     
  0.400803533011504     
 -2.285508867732770E-002
 -5.846175767314482E-002
  -1.48924932767741     
  0.665882254308050     
 -0.926568955817566     
  8.843880163939005E-002
  0.913052388112313     
  0.231755278228350     
  0.176426250496947     
 -0.718290404695312     
  0.161675013292244     
  0.891260712596040     
  9.073561494020449E-002
  0.274044305641005     
  0.316437731987194     
  0.522006111175399     
  0.718923059482024     
 -0.375852330314761     
 -0.520655808847608     
  0.903064621080548     
 -0.127391701816119     
  0.675922576688146     
 -0.152341291762817     
 -0.122357138609653     
 -0.122483853794716     
 -0.127453019486413     
 -0.321052280941944     
 -0.200692441637730     
  0.317336927163091     
  0.338709185342924     
  0.165516506849001     
  -1.16662030614018     
 -0.343397805320058     
 -4.447579844952291E-003
  0.151556459549965     
  0.204566060228742     
  0.186883130003382     
 -0.142398569837193     
 -0.474775425446731     
  0.788394007543515     
 -8.358962399897409E-002
 -0.181180414551538     
  0.605999784901248     
 -2.970329978345065E-002
  0.665693536371587     
 -0.300120437214440     
 -0.115625109802969     
  0.436283196353707     
  0.546656771603060     
  0.615047181817570     
  0.250907383981702     
  0.178429738556688     
 -0.411050201903227     
 -0.255274201729076     
 -0.145918375967669     
 -0.148338651754020     
 -0.362859841301907     
 -0.295254652298029     
  0.294730259004072     
 -0.349739625542967     
 -0.262033536387001     
  0.482860894766374     
 -0.145016651306430     
  0.280100669041516     
  8.379135171464942E-002
 -0.338471634575429     
  2.111904986127242E-002
  0.356203405142715     
 -0.423253909257696     
 -7.423311205542081E-002
  0.587587070514593     
  0.163540042116769     
 -0.816894464799150     
  0.297437959806784     
  0.385010743478082     
  0.476715211704245     
 -0.309361734208584     
  0.690835717028322     
  6.090330339104468E-002
 -0.425592610734744     
 -1.014180979546940E-002
  5.110939969208805E-002
  0.366851826011942     
 -0.529589323856089     
  0.315903317657509     
  0.102329733763202     
  0.619854977762371     
 -0.526367977392956     
 -0.175943030179486     
 -0.407414591641170     
 -0.281590070915877     
   1.19889516049710     
  0.621356280100532     
  0.145539640870210     
  0.979366655319974     
  9.945411679946695E-002
   1.49048831458199     
 -0.891623770413954     
  0.225010713065202     
   1.29162521371836     
  0.487988127702348     
   1.27325861397728     
  -1.46620193440016     
  0.398876275236628     
 -7.409128154901880E-002
 -0.901225057650489     
  1.499250077954165E-002
 -0.519918156832047     
  0.150679091344888     
 -0.511318944651702     
  0.194396419320895     
  0.690804940130358     
 -0.524152106033313     
 -0.563913891357290     
  0.265047112833358     
 -0.512441460939883     
  0.255089836838972     
  0.204015731069890     
  0.650016318500093     
   1.07780994534869     
  0.203023353456290     
 -0.786564798456002     
 -0.276434795167068     
 -0.696765927448272     
  0.512939494357702     
 -0.299602498232099     
 -6.409132869130213E-002
 -0.602625942070039     
 -0.485650891096327     
  0.103411287282580     
 -7.327090100951612E-002
  0.369685499205197     
  0.938453912592551     
  0.318549204768518     
  0.802971817682663     
  5.366622521066311E-003
 -6.340638781529429E-002
 -0.217739563803294     
   1.16390852353909     
 -0.105192254231937     
 -7.149077528049813E-002
  0.594187686667708     
 -0.618096186903685     
  0.571773724785840     
 -0.641467833938907     
 -0.708310040206193     
  0.319268298838539     
  0.448308471465397     
  0.792434543400908     
  0.118857795649144     
  -1.07823185250145     
 -0.415041385901747     
  0.391147022217122     
 -0.197019510066419     
  8.588007175477497E-002
  0.355099168301693     
 -0.632184103795927     
 -0.158256426510770     
  0.731984734185642     
 -0.292339519162346     
  -1.44889168307225     
  5.778625799172654E-004
  0.692580978550649     
  0.273811332621239     
  -1.01096680367765     
 -0.450390840581522     
 -0.885217134905901     
 -0.929223344550399     
   1.67591267003707     
  0.321234418314252     
  0.462074844893180     
 -0.808384108608941     
  0.826804734338506     
  0.214010357396609     
  4.545728431744241E-002
 -6.212875028280251E-002
  1.214179967421870E-003
  -1.37577766010361     
 -0.328911553784842     
 -0.459507400207433     
  0.548088082177585     
  -1.14649418361737     
  0.309682580805699     
  7.350095290148389E-004
   1.04523171744373     
   1.39399121677260     
 -0.669700055095890     
 -0.532856172807221     
  0.586916478889675     
  0.363289757381149     
  0.116933002427116     
 -7.052004295938386E-002
  0.662930158037819     
 -0.824028451364982     
 -0.195848494596905     
 -0.187147411431744     
 -0.680583116910277     
 -0.492339863600466     
  0.850447131197888     
  -1.22730933357685     
 -0.454837333237422     
  0.490063103654596     
  0.241548599831021     
  0.334953286247765     
 -5.198661342072618E-002
 -0.190229345793109     
  9.266555819847296E-002
  -1.07107636031053     
  1.553214885520549E-002
  0.336300640945621     
  0.280709229526717     
  -1.42780138525778     
  2.354804024023451E-002
 -6.573913215593409E-002
 -9.744449572879277E-002
  0.467779328071941     
 -1.245693919829523E-002
  7.561986147970162E-002
 -0.244694829290424     
  0.854036775386758     
 -0.386718109807626     
 -0.389760455380746     
 -2.028010997269269E-002
 -0.319037026220565     
 -0.750159453756788     
  0.411937623613367     
 -0.162712829507780     
 -0.230809954635758     
  0.671340391677290     
  5.786577142273727E-002
  0.417397916826380     
  0.417364154935828     
 -0.289612056670264     
 -0.245808689643935     
  0.172371882826289     
 -0.330711859319739     
 -0.465623193563356     
 -0.116818610161591     
  0.669642220595252     
 -0.426434656178280     
 -0.183988810417281     
  0.225291264768592     
 -0.404870559051683     
  -1.13508651496980     
  0.722379627955891     
 -0.501655869940524     
 -0.149469850365918     
  -1.00508968050730     
  -1.03041773457363     
 -0.327186284655707     
 -0.995240203993452     
 -5.843386894702229E-002
  0.494187477877267     
 -0.876213024135322     
 -0.173418574802282     
 -0.129496916298882     
 -0.756384583005373     
  9.249849807951703E-003
  0.511648941588951     
  0.298756377276609     
  4.314874700466348E-002
 -0.452472763115155     
 -0.108868791155656     
 -0.190824188654412     
 -0.169065234355199     
 -0.137033415871508     
 -0.128966188935689     
  -1.44426948007999     
 -0.240552018162892     
 -0.286329161864772     
  0.283837050411888     
  0.164324495966893     
 -7.593619659421663E-003
  0.265783168620098     
 -0.497101323862534     
 -0.221397618322654     
 -0.303363137224338     
 -0.126422287983694     
 -4.708605323454863E-002
 -0.129324577639345     
 -0.109576137067407     
 -0.218193835422699     
 -0.235862561857058     
 -0.332206486250209     
 -7.856677433739770E-002
  0.543013479077401     
 -0.616775681893987     
 -0.242273323843361     
 -0.279214546372592     
 -0.311484862358730     
  0.128575666897569     
  0.100715070473789     
  3.588338251126236E-002
 -0.236635746169018     
 -0.593309021469894     
 -0.368240245472869     
  0.696803690459347     
 -0.207253659246218     
 -0.150077563609653     
 -1.053602325998509E-002
  0.176065012153085     
  -1.62446160093902     
  0.603542808629697     
 -0.182728911553342     
  -1.01596896700033     
 -0.149594374850688     
  0.149083851309153     
  0.239972159488728     
  5.966225946238433E-002
 -0.435409570046807     
 -0.421645557695842     
 -0.486385177753345     
  1.007359282404612E-002
 -0.916123879749441     
 -1.180602479659022E-002
 -0.365485785283527     
  0.226853757160584     
 -0.235709456454817     
 -3.233530069313091E-002
 -4.990213713244036E-002
 -0.161452849785073     
  0.397633875487185     
  9.789122125132399E-002
 -2.531041302273463E-002
  0.180233509372797     
  0.479591253597680     
  0.252797107671452     
   1.09471835568749     
  0.762956089347432     
  0.699713002509780     
 -0.746017755056098     
 -0.914926681772502     
  0.228962851298951     
  -1.17010040618094     
 -0.508814582729786     
 -0.657666279100168     
  6.987528635165732E-002
  0.249717727800179     
 -8.270721128569003E-002
  0.246453683476771     
  0.452966119903596     
  0.528262967265811     
  -1.72830633655085     
  8.110472266165579E-002
  0.179060595234726     
   1.88796935750563     
 -0.160346891413678     
  -1.32688856491426     
  0.187275319221902     
 -0.909658234634354     
 -0.457997657177553     
  0.227359109811834     
  9.785868580828094E-002
 -0.281029181284051     
  0.682095148122683     
 -0.576909390217017     
  0.673149368822660     
 -0.321330696775844     
 -0.614209239513934     
  0.149610085150233     
  0.573146312851067     
  0.109084347880155     
  0.651878217520414     
  0.218271249526219     
 -0.540617611207647     
  0.285360452662947     
  0.694101553786142     
  0.548801597877606     
  0.378822973685140     
  0.613915511421882     
 -0.361359670848129     
  0.415412015776049     
  -1.51956662358703     
 -0.449497250599273     
  0.558281379902716     
 -0.718326921934053     
  0.687853189544517     
  0.322051124116992     
 -0.146433301634615     
  0.421737402885033     
  0.688762669250302     
  -1.73570611727675     
 -0.268486350625185     
 -0.308134317533070     
  0.269885464594450     
  0.148381522962146     
  8.940387822429216E-002
   1.00741436946829     
 -5.859292571776550E-002
  0.406314512022025     
 -0.142904285100903     
 -0.102501359270382     
  0.414127106718683     
 -0.613300437775313     
 -0.521537750250517     
  0.937638060878353     
  0.183402990302334     
 -0.190470615273054     
  0.380114672809901     
 -0.255601655972026     
  0.494399978554926     
 -0.961426975555169     
  0.858437311183902     
 -1.215789439187078E-002
  0.906779522881590     
 -0.597110294262060     
 -0.774766836823762     
  1.006740530391885E-002
 -0.348021844153589     
  1.844360373044820E-002
 -0.345571568414187     
  0.409242524355817     
  0.363010732020869     
  0.424645497551288     
  0.863556788316658     
 -0.379601885823459     
 -0.211853096937130     
 -2.685716007869815E-002
  0.661697665324530     
 -0.202863074933113     
  0.148030581258168     
   1.09363614668817     
  0.147236399940653     
  0.372069567565571     
 -0.291117940622906     
  0.297422356804666     
 -0.494949366936107     
 -0.241680254858148     
  0.140669248414044     
 -0.416798288782289     
 -0.190202691290222     
  0.553508833331840     
  0.709919015647843     
  5.088154732057990E-002
  0.182352051907918     
 -6.168034704386514E-002
  0.516068978407271     
 -0.410547092342369     
  0.279291120842963     
 -0.349984228534518     
  0.646997138361014     
 -0.842094753416212     
 -6.111701912666146E-002
 -2.448866654368120E-002
  6.600893114675404E-003
  0.441954299893555     
  7.553888554221347E-002
  0.163975426774839     
 -0.483610357874463     
 -0.487015429211764     
  0.409580088752777     
   1.50599952895957     
 -8.863922226802377E-002
  0.932703918182318     
  0.287323835301782     
 -0.102284918968958     
  0.179429951115953     
 -2.446213571349800E-003
  0.578811816743052     
 -0.293969684863373     
  0.512048177057649     
 -1.644363145121315E-002
 -2.435014287259040E-002
  0.520017022255789     
  0.232618216010733     
 -0.737705081418724     
 -7.055444445825736E-002
  1.431896961930094E-002
 -0.416549099671095     
  0.326937523747098     
 -3.933739991938654E-002
 -0.789094414566866     
  0.112818451879927     
 -3.907697690851991E-003
  7.380082926118310E-002
 -4.360417054747202E-002
  7.988709460465082E-002
  0.365802171993648     
  0.545028578237086     
  0.135262807060177     
  7.252699081493894E-002
   1.49058751631750     
 -0.560616302069936     
 -0.194513972476122     
  3.798875737626707E-002
 -0.334450834414124     
  3.299998204309015E-002
  0.106368975960932     
 -0.115771200441705     
 -9.814910657561911E-002
  0.261608023024590     
  5.262058664083444E-002
  0.159275974703939     
  0.432740414012389     
  3.052583917743362E-002
 -0.425825842815509     
 -0.388906802370723     
 -0.621116257775753     
 -0.468873416306720     
  0.270188470896143     
 -0.426281075813731     
  4.598750441377056E-002
 
   1.58442352690807     
  0.342602228429088     
 -0.798941217825036     
  0.131076284719342     
  0.454056490539792     
  0.574338124226899     
  0.389039471411577     
 -0.149995501298450     
  0.951144019499003     
 -0.153881224772381     
 -0.183973318086885     
  1.811345325069289E-002
  0.155791051998308     
  0.349035318652904     
 -0.519829741983864     
  0.395139223071150     
  0.782651165740195     
  0.412526300604771     
  0.524409553326140     
  0.366339903731707     
 -0.480897180963173     
  0.154081089236125     
  0.200948560757573     
  0.428739202093311     
  0.603203044930150     
 -0.222511388968814     
  0.179748061409091     
  1.282039379996286E-002
  0.356961806843794     
   1.10726118305474     
 
 -0.447802997841529     
 -0.276050645190794     
  0.216967288376236     
  0.333738197055687     
 -0.182594457364251     
   3.17484011661732     
   2.59911083229303     
   1.13089432891175     
   3.96398485470971     
 -0.314131592745037     
 -0.330797955324122     
  0.914884183761776     
  0.211368344751527     
 -0.209581094184413     
  -1.12809407938816     
  0.969381181516568     
  0.146290162252055     
  0.365882473385011     
 -0.106730759721869     
 -0.150956976107642     
  -1.16389808939238     
 -0.283999321710943     
  0.843911212364203     
 -0.265263637513772     
 -0.324160771107307     
 -0.194438188772861     
  -1.09808605605234     
 -0.129579514703170     
  -1.01776857953620     
 -0.978393879021878     
 
 -5.099142396373572E-002
 
  tansig  tansig 
