     48 -    30 -    30 -     1 
rmse=  55.9416meV
 -0.546128804196727     
 -0.507698003429062     
  0.122285728773339     
 -0.795396146772841     
  -2.67717126504421     
 -0.886521260966811     
 -0.327458076448085     
 -0.208744962849389     
 -0.758722779119087     
  0.566710873789474     
 -0.325471141771526     
 -0.603979376858838     
  0.264322518352202     
   1.30986375995539     
 -0.821312196482067     
  0.347233846623851     
 -0.374424791375706     
  0.577673637143420     
  0.621499580242694     
  0.278797617563735     
   1.10440333349520     
  -2.21575336235800     
   1.21314753411484     
 -0.158456085121340     
   1.08907447870114     
 -0.494451726177513     
   1.15485563615203     
   1.15172209077085     
  0.111160771727090     
 -0.967353829955574     
   1.44829722787424     
 -0.292902215236651     
  -1.22613542058784     
 -0.436327269688230     
 -0.569720991391584     
  -1.62187993477235     
   2.17737912951362     
  0.931722644553494     
  7.242604889563879E-002
  0.964464491375009     
 -0.606625432318972     
  0.587285435294808     
  -1.18372754957215     
  0.840902994449664     
  -1.74197423974597     
   1.66367016134837     
  -1.45312910833965     
   1.54997286968332     
 -0.428293330832905     
  0.162420348826629     
   1.45198287713672     
  -1.45749235697353     
 -0.529027124829915     
  -1.00555472797767     
   1.09986485515417     
   1.11003905287661     
  -1.22185935253610     
  -1.31996906488719     
 -0.131718150994466     
  0.366317983316287     
   2.89162325585934     
   1.26499865236419     
 -0.908741556268109     
  0.287052053890840     
 -0.448418384706717     
 -0.136034449928346     
   1.31184393891827     
  0.973271109532186     
 -0.153050108929842     
 -0.898665695150060     
  -1.57194491420664     
 -0.275892561980883     
  0.665508718130818     
  4.935530874270654E-002
 -0.285693276082565     
  -2.25122990400669     
  -1.70723126449798     
   1.30651252349469     
 -0.486789837870252     
 -0.335772232964662     
 -0.772810510854089     
  -1.58333542241360     
  -1.88528933264539     
   1.52210900379045     
  0.187246118353536     
   1.89235146514455     
  -1.44327518854764     
   1.42565053559161     
  0.127549958985849     
  0.671467593829709     
  0.206553414838073     
  -1.71834634115150     
 -0.605647057329529     
 -0.840308540662566     
 -0.730604787095152     
  0.958948227643227     
  0.951214961203509     
  0.379830225868476     
  7.314089388053593E-002
  0.212614250527471     
  0.583407073390590     
  1.638378725762528E-003
 -0.183936177504322     
 -0.297435305814466     
  -1.80253683634425     
 -0.363651253633973     
   1.90534104767496     
  0.942753011474902     
  -1.13070930598989     
 -0.435734624158995     
  0.331199313690647     
 -0.310446473170546     
 -2.889053034228144E-002
 -0.197663587782509     
  0.727864576690981     
   1.54860727302952     
  0.471014190195766     
  0.923221045334466     
  -1.42093225079968     
 -0.465184902502748     
  0.545475625247541     
 -0.564312370921998     
  -1.77412027683035     
  0.728445323282567     
   2.33443742764713     
 -0.719408749232109     
  0.675301088447705     
 -0.700794993523145     
  0.109700952658633     
  0.838711887524549     
  -1.54812721280257     
  0.263219419479592     
 -1.070994425360804E-003
   1.24642158802886     
  0.443714674246090     
   1.38550377446118     
   1.12925389508739     
  -1.71269664628173     
 -0.566126287013741     
  -2.46208069022581     
  0.399461809723821     
 -0.275886240393145     
  -1.74760284467712     
  0.615899583220958     
   1.06407483105740     
 -2.566744073384512E-002
  -1.72077400065963     
 -0.976741104092212     
 -0.432440700077943     
   1.02866753600997     
 -0.931189492680637     
   1.04233072860035     
 -0.962932077804757     
  4.606330249772332E-002
  -1.43141228740741     
   2.28370944928411     
  0.115365846886093     
  0.751059672732290     
 -0.593682922796251     
  0.222253980103181     
  0.201733576677970     
   2.39204232863910     
  0.545738318606649     
  0.647974165330466     
 -0.344571917956994     
  -1.04317822070872     
  0.657377900279649     
 -0.100175217109905     
  0.246166662446416     
 -0.178279619732200     
   1.88039083449263     
  -1.01630619203180     
 -1.651154084210705E-002
  0.413964871886887     
   1.64828399769387     
  0.624583152874832     
   1.06090491196942     
  -1.13531696010678     
  6.083448072152610E-002
   1.71875212028891     
 -0.653130889696316     
  -1.02118378043516     
  0.292191169468435     
 -0.367760885801036     
  0.697764668789647     
  0.224135429071528     
 -9.422173298611779E-002
 -0.923433586620896     
  0.270291822639694     
  0.805767593972294     
 -0.678124054308465     
 -0.860076325197846     
 -0.333835942271791     
  0.326281914748285     
 -0.153159515030876     
 -0.730726558772259     
   1.47489984654077     
  -1.20848143164210     
  0.480665264475842     
 -0.925558297898856     
  0.898287812087238     
  0.249824534539426     
 -0.105822062979525     
  -2.47490468341591     
  -2.05558890491704     
 -0.272748234666258     
 -0.719150025896638     
  0.161181877666515     
  0.355514865729148     
 -7.751232873538707E-003
 -0.114486790136465     
   1.87244529790313     
  0.189517005557740     
   1.27597105896812     
  4.009922474137385E-002
 -0.577058563722880     
 -9.682849820108480E-002
  0.586555970602337     
   2.26405833529151     
   1.46610647356154     
   1.82891502327945     
   1.09415937536935     
 -0.647925592719707     
  0.521581132642986     
  0.166532054031812     
 -0.911973462258837     
  0.483816639494808     
 -0.701933414815216     
  -1.60812308605435     
  3.983975136383282E-003
  0.453015449328837     
  -2.32326553187194     
   1.07619051555442     
  -1.89439124310981     
   1.36866139003503     
  0.586293217808163     
  0.677253544983560     
  0.410774313212330     
  0.538913614065289     
 -0.897515481247440     
 -0.361058605988406     
  0.905413706855266     
  0.899058416973108     
  0.274376098498757     
  -1.29369169789998     
   1.26844170297632     
  0.425451499887274     
  -1.51206718961741     
 -0.456490108575433     
 -0.411002340571939     
  0.118409410679419     
 -0.873890107801484     
  0.250259344648527     
 -0.933462636738320     
  -1.07046376245122     
  0.299818240998935     
 -6.556287064134429E-002
 -0.771991765543871     
 -0.156390753608775     
   2.94184182678946     
  0.442289767202323     
  -1.12353064602108     
   1.92192783765495     
 -0.284080109330256     
   1.22393869115262     
 -0.541187627330461     
 -0.330530095926938     
 -0.471163424628510     
   1.82089439829960     
  -1.83426379131309     
 -0.858874571062900     
   2.05210489040907     
  0.194726823788090     
 -1.123741541562995E-002
  0.565734390764203     
 -0.969425847131641     
   1.17040455634685     
 -0.895025443213923     
  0.533074126634010     
  0.256867136473719     
  3.886282773960262E-002
   1.00582269641692     
 -0.207692677533950     
   1.48308770694941     
  5.264624021420818E-003
   1.34526192718406     
 -0.252572855428904     
 -0.360977635413061     
  0.431245672937743     
 -0.282813351780034     
 -0.289953083265354     
 -0.843509011836590     
  0.947445342950723     
  0.424677740486582     
 -0.732830553095863     
 -9.113455217392781E-002
  0.934859197397027     
 -0.501227779292078     
 -0.613972379941506     
  0.217796193887976     
 -0.384278903430601     
   2.71498634991926     
 -0.122426419040916     
  0.523243444568809     
  5.062073588284126E-002
 -0.564559553253200     
  0.175845681612840     
   1.17829060652079     
 -0.381408974864895     
 -0.780153739507191     
 -0.811082279857424     
 -9.342600304412643E-002
 -0.124136646534077     
  0.304993978588516     
 -0.697039911888291     
  0.543773541230081     
  0.496355537831914     
  -1.13914251720595     
   1.04523697897334     
  0.243166437288082     
 -0.791089515103811     
 -0.229314194705154     
  0.636412461310539     
  -1.33468859507551     
 -8.700813015484751E-002
   1.28136048964145     
 -0.554894155768119     
   2.09411227260653     
  -1.76936908025838     
   1.30323099937514     
 -0.620483756604140     
   1.06848194586908     
  0.226289484685521     
  -1.31810938298919     
 -0.235722480727191     
 -4.274809566738719E-002
  0.226335208630010     
  0.504661314606459     
 -0.331475948714623     
 -0.695541505315550     
   1.48763591115128     
  0.232797088606631     
  7.504835631786758E-002
  0.602387684872809     
 -0.723839794047276     
 -0.266440946353854     
  -1.10243983004882     
 -0.506381729028400     
 -0.513607152078333     
  0.213974394209346     
  0.163884577563448     
  6.929395601203640E-002
  0.342256971558623     
 -0.798545551095557     
  0.464333609149283     
 -0.250625223497551     
 -0.641162850729619     
  0.563939052810855     
  0.258464122201627     
 -0.245429553702055     
  1.872910549106308E-002
  0.281472036926727     
   2.29014933628048     
   2.25183014532221     
 -8.857815454297895E-002
   1.13736023212366     
  0.104663242415174     
 -0.453256316727548     
  0.408864476313395     
  0.249787556723048     
   1.67775262753824     
  0.924232527048245     
  -1.05176498345480     
  -1.09258206159372     
  0.108845222999269     
 -0.116900065031321     
  0.713752501470764     
  0.173448084645539     
 -0.515708835526622     
   1.26431696509714     
  -1.64723830129962     
 -0.168250793611537     
  4.294756010013848E-002
  3.453999194264545E-002
 -0.902957673062506     
  0.557894657082746     
   1.67269791128059     
  0.244030778146976     
   1.11416218009310     
  0.996410498300404     
 -0.965588383428490     
  -1.21256668410460     
 -0.690027555614249     
  0.615642702257048     
  -1.15673993756569     
 -0.174593291828597     
  -1.72197638571763     
   1.76993149983017     
   2.62877266639191     
  -1.99589929457790     
 -0.393105119125390     
 -0.416673595129488     
 -4.377590282717467E-002
   1.46788423405324     
   2.40227287988904     
  -1.21502480914125     
   1.21283687645009     
   1.58958422929088     
 -0.299996302995658     
  0.534689854320811     
  0.247891127283819     
  0.607527847760120     
  0.284797445536953     
   1.17314440839763     
  -2.02731274351567     
  0.620717147609608     
  0.101041366197280     
  7.296043788178513E-002
 -0.665573713447385     
 -6.078278168613353E-002
  0.365102177642622     
  -1.23488526889492     
   1.29872873942993     
   1.71535046463929     
  -1.74889322259650     
  0.860985393477783     
   1.10598383842878     
   1.41949563696901     
  0.487083946788705     
 -0.524812949850659     
   2.26918221432411     
   1.19657153403293     
 -0.281551822768388     
  0.121751258854003     
  8.832645416485044E-002
 -0.480638888869563     
 -0.870768890859538     
  0.261981216028390     
  8.056786948992455E-002
  -3.26818004564312     
   2.98575735338839     
  -2.51761818794923     
  0.531428902939165     
 -0.392896584149393     
  0.634358490429979     
   1.12651760144625     
   3.31391407206029     
  0.656225127140262     
 -0.512699578267528     
 -0.587704870223702     
  -1.10983045154132     
 -0.500767176792293     
  7.700632500577598E-002
   1.61278237563588     
   2.16360425990611     
  -1.55810252935331     
  0.846499504791449     
 -0.511702238240781     
  -1.13303332403524     
 -0.238075659777095     
 -1.434163435198896E-002
  0.921375034189673     
 -0.247443732448697     
  -1.22071454512873     
 -0.548847251030172     
 -0.537824038097547     
 -0.129105707662141     
   1.54529227379146     
 -0.658303676215635     
  -1.15378015850165     
  0.493338419041898     
  0.773507051408039     
  -1.40610539263624     
   1.03763239073461     
  0.811931559985765     
 -0.222615641459432     
 -6.863653449442970E-002
  -1.88761557399950     
  -2.25024571254489     
  0.983821075730055     
 -0.384936526352063     
 -0.627559898192196     
 -0.950408027585310     
  0.429647892278624     
 -0.231020276162276     
 -0.392075209498920     
   1.02530408353616     
 -0.941548885780239     
   1.08519256842436     
 -0.737916938875177     
  0.245901142295675     
  -1.39996897193857     
  0.857709181767442     
 -0.244776318955653     
  0.865762248364194     
  5.356677155064843E-002
 -0.346927034621329     
  0.298055169737436     
 -0.287289062187201     
   1.20018770994097     
  -2.44314282973254     
 -0.450449769303885     
   1.57106431194480     
  0.388576785380487     
 -0.543202852838357     
  0.213705855220254     
  0.831870500256901     
 -0.408238967385395     
 -0.177941758624881     
   1.81301879779458     
  -1.74303389611086     
  5.906009976333682E-002
 -0.101863121740063     
  0.761060405086298     
   1.87677038955624     
 -0.240920231325503     
 -1.427119808567575E-002
  0.324073610866988     
 -4.482128929972613E-002
  -1.77815628227661     
  0.257706617983588     
  0.337621530571012     
  0.892145134556080     
  4.631869735093013E-002
  1.045084287062083E-002
 -1.963254980623037E-002
  -1.13535979057066     
 -0.106691900549961     
  0.554496778239075     
  0.254306949873651     
  0.562809267738026     
 -0.958393230970267     
   1.28288339580024     
  7.722472717186843E-002
   1.02995295044019     
 -0.435345204862941     
  0.855570105314157     
  0.319815240509334     
  -1.69188118799751     
  -2.15887081516583     
  0.322112840098286     
  0.435793782723432     
  8.690769765285548E-003
 -0.111018604768802     
  3.214621805316245E-002
 -0.865541851414002     
   1.08956907933180     
 -0.680841359412776     
  0.101420982341955     
  0.124087490634619     
  0.977347734905426     
 -0.290550568703332     
  0.454158830081320     
  0.189294911869669     
  0.719912200808150     
 -0.113837139362737     
 -0.607326208516637     
   2.20895747922644     
 -0.454413441046252     
  -2.08156667175763     
 -0.566538669584181     
  0.676806591791738     
 -0.444025846855358     
 -0.149986287254786     
 -0.648134676006628     
 -0.709146623680185     
 -1.694141572628133E-003
 -0.761840433924139     
 -0.879501080863231     
  0.849938574534130     
   2.44531818738543     
 -0.541410184629609     
 -0.191209409919473     
 -6.522685517940394E-002
 -0.228947102121150     
 -0.136332194969760     
  -1.78162217430945     
 -0.493311767442360     
  9.109278105852611E-002
  0.522718318176423     
 -0.857003197770317     
  0.487991526545707     
   1.99602222816373     
  -1.42197493143659     
   2.06680086520130     
  3.245384119628707E-002
  0.134974942895027     
 -0.372688824242826     
 -0.479099865483402     
 -0.572660038021682     
  0.901651539186208     
 -1.071102645459795E-002
 -0.317903350222875     
   1.16616272242889     
  -2.59722706476315     
   1.59992595411219     
  0.977915307408508     
 -0.982424648484600     
   1.27911996829017     
 -0.155270032804440     
 -0.322947657183829     
 -4.606293059525754E-002
 -0.690083984461566     
  0.528448402386704     
 -0.199680415157195     
  0.245850522627746     
 -2.085692719957059E-002
 -0.162352389423095     
  -1.13483208933198     
 -0.855057607247724     
   1.55035355434107     
  -1.81441773710173     
  0.330026622304051     
  2.605843973699509E-002
  9.068446361541278E-002
 -0.843968927492608     
 -0.581125774005212     
 -5.250115709357775E-002
  0.232893066769490     
  0.320566894065662     
  0.468726630925654     
 -0.189267828386545     
 -0.591519048667434     
 -0.166818972766641     
 -0.156798700861482     
  0.389290016190401     
  0.208823032219851     
  0.795030983545086     
 -0.282764523557656     
   1.70121458103631     
   1.74276706106010     
  0.312649664778774     
 -0.289332903268927     
   1.25145195327989     
  -2.43311658502862     
 -0.162108260463235     
 -0.149801303848638     
   1.13500014458108     
 -0.943832781947110     
  0.418889743542996     
  0.156876070533709     
  0.108465993228456     
 -0.605002178778621     
  0.553435864172949     
   2.14543138181812     
  8.367769132017866E-002
 -0.602756785277739     
   2.09262463532430     
  -1.22437340897379     
   1.75313679024004     
 -0.782260387913176     
 -0.743946284343794     
  0.166472931914100     
  0.126670810859980     
  -1.13197476110108     
 -9.450311612999508E-003
 -0.550916332989556     
 -0.939454425572621     
 -0.354586052230530     
 -0.270267509988047     
 -0.628995248368698     
  0.781821143745311     
  -2.84425926795911     
  0.227323440399995     
   1.34165252264107     
  0.153394839216093     
 -0.413477468931978     
  0.851562477528564     
 -0.496887457140127     
  0.473887007832916     
  -1.83214271206311     
 -0.424347230417903     
  0.469532873419999     
 -9.138708421734873E-002
 -6.664990244877236E-002
 -6.640159754508639E-002
  5.674070266360520E-002
  -2.34275527189950     
  0.521907874829367     
  0.286534572850052     
  0.642567645791543     
  -1.93878625314752     
  0.216524895148031     
 -0.632362901177967     
 -0.534866432917973     
 -0.912936266169024     
 -1.368668884135976E-002
 -0.761982455333221     
  0.355118719425431     
  1.591305276490737E-002
  -1.05670169974912     
  0.393113407135714     
 -0.378533309394209     
  -1.80411469570334     
  0.521417910217807     
 -0.433210022242001     
  -1.25553621537994     
   1.10893347643711     
   2.37481746184367     
  0.412817611564237     
   1.29073734526048     
  -2.38854633941306     
  -2.15392879302896     
  0.556217640746505     
 -0.593780967838592     
  -1.04544502516556     
   1.07190984745363     
  -1.54142113877518     
   2.04829725700689     
   1.14168625503646     
 -0.596308350381330     
  -1.38165163303551     
   1.09931271259920     
 -0.593089657224804     
  4.226666858730989E-002
  -2.13278064525472     
   2.39199457404241     
 -0.451644574505342     
   2.06516693253679     
  0.435671713123819     
  -2.05222763984622     
  0.493041452198884     
  -1.47339883620334     
 -0.293136427120114     
  0.731300168202856     
 -0.376366125094185     
  0.133290185083267     
   1.56528024004636     
 -0.885465984265578     
 -0.213991498526780     
 -0.361578021328920     
 -0.619662982930762     
 -0.768473605197497     
 -0.941653501469245     
 -0.621438025179524     
  0.180605601002936     
 -0.103066088225686     
   1.12402302811615     
  0.423945191582960     
 -0.560480516685952     
   2.40057483336840     
  -1.43397837889343     
  -1.18901945238938     
 -0.691039171373715     
  0.651184306807699     
 -0.350121996625338     
  9.750215867380825E-002
  0.726302288332883     
  0.556105481715124     
  -1.87716065244454     
 -0.462942185718217     
  0.728182696324525     
  0.834997544128551     
  -1.20685629607856     
 -0.938642396690321     
   1.10679156013342     
 -0.464318646348215     
  0.524966049876680     
  -1.36127207896491     
  0.821296616053676     
 -0.880057563564407     
  0.816282360141360     
  0.201905462493529     
 -0.221112464856141     
  0.811993446098066     
   1.03394933936379     
 -5.796484566184043E-003
 -0.414346538547935     
 -0.110370666865495     
 -0.887914982703191     
  3.592362590306530E-002
  0.110295265650630     
  -2.40991509537794     
  2.106946883670795E-002
 -1.839010269469178E-002
  0.455737917971968     
  -1.01787509598593     
   2.72347028331059     
 -0.236211308031453     
  -1.41054459040756     
  0.530297438769012     
  0.687484644565834     
 -0.688631101230841     
  0.227657791634460     
 -0.108147048845240     
   1.15721854979900     
 -0.950241755337901     
  0.618421802906040     
  0.119958183734517     
  -1.36538265813275     
 -0.141226591332995     
  0.734053572432968     
 -0.396353897418525     
  0.302349821700122     
 -0.104156586927423     
  0.721783400268893     
 -0.729503597796149     
  0.359928861122137     
 -0.341669780208726     
 -0.322155749210182     
 -0.474706391036632     
  -1.54395924033354     
  0.526743646975727     
  -1.37391362705508     
  0.517325426551408     
  0.770491916664510     
 -0.672291775207657     
   1.00413676198449     
 -0.395773224400337     
 -0.556486711309917     
   1.33069224466654     
  0.293797545171991     
  -1.03281351746618     
  0.847495543346423     
  -1.11120127859362     
  0.509770307069651     
  -1.04940560988790     
 -0.562450294428114     
   3.20265697718790     
  -1.10169371872726     
  0.409177418729092     
  0.720803788478025     
 -0.199726506686853     
  0.411572959942978     
 -0.979740891923863     
  0.775953263683213     
 -0.434399945390356     
 -0.122894093161142     
  0.418051818895857     
  -1.91236052021974     
   1.40687479991057     
 -0.338492947896609     
 -0.208709837102292     
 -0.886644419344192     
   2.28690170847510     
 -0.514340171105026     
   1.16087714926077     
 -0.764994195505820     
   1.31516716273469     
  0.100927956330488     
 -0.288792767941546     
  0.142553999824740     
 -0.438148768779272     
  -1.19855235979696     
  0.842516981422869     
  0.120887229249637     
 -0.583032160063531     
 -0.108343138480134     
  0.355219650575073     
 -1.792133996582818E-002
  -1.35220084100157     
   2.56865651068674     
  -1.20329443844790     
  -1.56275727047852     
  0.444080795440342     
  -1.46203907533871     
  0.712193452933671     
 -0.229793270092862     
   1.90460983109182     
 -9.550719780701204E-002
  0.422386276420104     
 -0.508991914760805     
   1.55830660084784     
 -0.558364748224861     
 -0.528598723245215     
 -0.508667652982647     
  0.183163813929064     
  0.931323892193636     
 -0.679931761385536     
  0.768390100596725     
  -1.94434392923665     
  -1.79576216167536     
   1.94413644242475     
   1.39645602018393     
 -0.308958560633114     
  0.455191513881080     
 -0.856023714890905     
   1.42798178805908     
   1.31563595780989     
 -0.163582312067917     
 -4.764305505116750E-002
  0.176804355744630     
   1.79098503946947     
 -0.129565506387279     
   1.01972022119218     
   1.07338890758369     
 -0.356877753394754     
  0.179287042815627     
 -0.314879857454304     
  4.108187140106748E-002
  4.883418931176969E-002
  0.413321639438467     
   1.32553019522882     
 -0.194345770383702     
  4.624364727177942E-002
  0.422383251549944     
   1.24303384206611     
   1.70234496130563     
  -1.74587652727786     
  0.469780500194725     
   1.72796873070948     
 -0.429271713539384     
   1.88208248754123     
  0.447355989483104     
 -0.363395215574227     
 -0.665603358247230     
  0.688841050087442     
 -0.197537846132292     
  0.136539749451313     
  -1.08220963393080     
  0.290306957995828     
 -0.230303371689473     
  -1.35750858240073     
  -1.26635140271952     
  0.875745349420193     
  -7.57291786918064     
 -0.766989140260289     
  0.166563682885082     
  -3.47393777841730     
  0.622625255040438     
 -0.867557369448069     
  -1.31088261840984     
 -0.236305781730122     
  -1.72189880982632     
 -0.503233791010347     
  0.186134474014134     
 -0.561778586674219     
  5.212223444283970E-002
 -0.145107463617356     
  0.474587446501674     
   2.94049700162329     
  -2.95660812538698     
 -0.778843697275300     
 -5.956513193902367E-002
 -0.348043237656980     
 -0.293115622681023     
  0.462387910156401     
 -0.206185405512941     
  0.997077790121329     
   2.44380096531247     
  0.216170461707909     
 -0.824414275379670     
  0.271779889940126     
  0.284614866076265     
  -1.21384285034630     
  7.794548542950970E-002
  -1.75519015530054     
   3.18631099301612     
 -0.100826751216597     
  0.414990347211664     
 -2.276060699933439E-002
 -0.555172977764225     
  0.148187400682383     
  0.461679690386005     
  0.254401640121998     
  0.277419095675040     
 -5.444812453221991E-002
  0.461536054483161     
  5.695859907768622E-002
  4.821192453382417E-002
  0.716478606040798     
  0.809397562421986     
  0.323619691213466     
 -0.966982512407057     
  -2.47638652056957     
 -0.795708901494325     
 -0.632498522337801     
 -0.927707129120132     
  0.157756866142274     
  0.616753249551604     
   1.50688408818821     
  0.208007251410134     
 -0.901907320050973     
   1.40535667894790     
 -0.102006967615689     
  0.132149531973760     
 -0.168927177159282     
 -0.256602203718999     
 -0.100093702335129     
   1.24129920879965     
   1.10581699092420     
  -3.53306412292242     
 -0.274344726187825     
  0.532492802781473     
  -1.53617682272977     
  0.663674363497620     
 -0.580568100921288     
   1.96137134479427     
 -0.278706366465528     
  -2.65683327444915     
  -1.17110248807012     
   3.32792793630608     
 -0.308194875740809     
 -9.262941118718229E-002
  -1.28351165854210     
   1.74247357432620     
   3.92829074817458     
   3.05879427060725     
 -0.580014816178872     
  0.202733890797277     
   1.10123978975236     
  -1.65528239452422     
  -1.33489025771464     
  0.165173684130952     
 -0.498385389041650     
  0.664187302020209     
 -0.287905629298335     
  -1.53248315172745     
  -1.56543259043410     
 -0.508220937933998     
 -0.947665268102653     
 -0.226977252604846     
 -0.213762404574059     
  0.441752167392489     
 -0.332744456965308     
 -0.268263762233922     
 -0.815532577030580     
  0.435446976009573     
  4.240784532027284E-002
  0.969974331430374     
 -0.457561505121883     
  0.179064397034031     
 -8.260644278075283E-002
  7.755194266218034E-002
 -0.280205758913609     
  0.239276016454541     
   1.65740803210953     
  0.959172626689853     
 -0.514942442334819     
 -0.715371386457017     
  0.819783961616752     
  0.500954274639252     
 -0.249512000662148     
  0.270776703082661     
  -3.17806569118440     
 -0.255289952779366     
  0.486039832932572     
  0.227576015390376     
 -0.714380280843440     
  0.493763646884831     
 -2.112264127525799E-002
   2.33382293402839     
  -1.91858721480403     
  0.549068933594354     
 -8.045054603262654E-002
 -0.850716429902316     
  0.252866382510958     
  0.567074000535682     
 -4.273163214035570E-004
  0.460611365457539     
  -1.16357606517780     
   1.40658677200369     
  -1.29495313147502     
  0.384343570875745     
 -0.416414787650155     
 -0.220715523460645     
  -1.86945827357672     
 -0.258176770015541     
  0.424350165448344     
 -0.117449973399933     
 -0.366659976192125     
  0.700357578295948     
 -8.125618627299627E-002
  0.198166949379149     
 -0.472460440437127     
   1.69290009489861     
 -0.101297930525694     
 -0.700860283658431     
 -0.271717531699784     
   1.99712696356034     
  -1.89914587571951     
  0.479949359435679     
 -0.176411367378937     
  0.278977419458725     
   1.02574425092565     
 -0.881126746417779     
 -0.241953469440155     
  0.161844190604713     
 -0.322863673804019     
  5.174922074733291E-002
  4.018966913316601E-002
  0.277689303891497     
  0.278484843296933     
   1.37382695221640     
 -0.396642320171541     
  0.544599333409987     
 -0.918071580187706     
  8.851083604322452E-002
  0.453201914827141     
   1.24379990894545     
  -1.77167705683107     
  0.307526857429872     
  -1.12692135127205     
 -0.861793702594414     
 -0.135918466679533     
   1.32633098622537     
 -0.691550397851772     
 -0.249124188087292     
  0.143457118107608     
 -0.292715713315935     
 -9.394392186470660E-002
  0.783543272900870     
  -1.59982190613453     
 -0.167794072693144     
  -1.13908379167285     
 -0.952472372394209     
   1.75630582332041     
 -0.871991748998847     
 -0.390442506152309     
  0.315243596651925     
  -1.10046956107657     
   1.27586890965981     
 -0.719376097632134     
  -1.08813888733795     
  0.685646161202941     
  -1.94119868363872     
 -0.733030957360479     
  0.475957727805987     
  0.127164792771591     
  0.269457443734023     
  0.411644021587658     
  0.603365968522349     
  0.816853921726289     
  -1.53590137673204     
   1.61042994635255     
  -1.00655898394814     
  0.233696632129455     
 -4.718856550621669E-002
  4.391796578802063E-002
 -6.906311975589879E-002
   1.00311500104376     
   2.30738254169946     
  5.400589732782538E-002
  8.767891969811833E-002
   1.05526862615018     
 -0.431090423257425     
 -0.615833026355329     
  -1.35637504111879     
  -1.71867882800247     
  0.436105825853515     
 -0.548805596601426     
 -0.880496311100119     
  0.396182310921077     
  -1.31715227458066     
  0.738424657604831     
 -0.676105196057235     
  0.837266024201665     
  0.302418902178700     
  0.351169581833196     
  0.302523537733547     
  -1.10905977787578     
  0.116543887128814     
 -0.335177899876560     
 -0.261161964345144     
  -1.26429895359498     
  0.389975617315566     
 -0.489304506794947     
  0.144653468703603     
  -1.29556745119009     
 -6.815356733604454E-002
   1.81560116201615     
   1.46911698285824     
  -2.54118245221863     
   1.86014015863890     
  -2.62004615856358     
  -1.53269965643510     
   1.35622903000103     
 -0.786588046484059     
 -0.460973990738346     
  -1.16273661599114     
  6.273648727326800E-002
  0.762913240353778     
 -0.781478580129290     
  -1.15390885480174     
  0.152218485966831     
   1.84472527816874     
 -0.985536796212534     
  -1.23495522094580     
  7.355951555249596E-003
 -0.383280703779178     
  -1.01731906358419     
 -0.626228950783891     
  0.436704187460778     
 -0.919789325258958     
  -1.27121020459973     
 -2.574106897541212E-002
  0.548993060908431     
   1.52587708591459     
  0.947638349219101     
  3.406065532493045E-002
  0.676514817955692     
  -2.30664169028491     
 -0.140983352790138     
   1.61637192290697     
  -1.50634141017718     
 -0.250638062784040     
   1.87213955029245     
  0.189645060085966     
  0.206130000478470     
  -1.49440203802594     
  0.229151455160789     
  0.136023388261139     
  -1.24449198312381     
  -1.11032199291002     
  0.896578495884703     
   1.81939428850152     
  -2.67177840427288     
  -1.17570276868935     
  -1.20317150302305     
  4.976802683299028E-002
  -2.94374255076104     
   1.09456360647227     
   1.82298310107438     
 -0.198314556974065     
 -9.526376575437052E-002
   3.20846455976720     
  0.465194845570408     
 -0.254228865774307     
 -0.379387135543971     
   1.28553527989316     
 -0.869430147423472     
   1.65479805430330     
 -0.759150134783060     
  -3.52579612108342     
   3.75682059433917     
   3.87170250272698     
 -0.928582378594856     
  0.851614587636557     
 -0.753767391196138     
 -0.112858527498401     
 -0.323868921154738     
  0.867638707796685     
  7.247316122701952E-002
  2.067614382784779E-002
  0.252156008155933     
  0.413647770072646     
   2.47638513439005     
  0.144551403778191     
  0.690644587186749     
   2.75131108740560     
  0.106403340815127     
  0.831686826386712     
  -1.12107856520491     
   1.64908347988790     
  -1.20795942722688     
   1.86414148256544     
   1.24785070240784     
  -1.84849968270901     
   1.43540728115048     
  0.690631710420042     
  -1.03706499806484     
  0.230146466853001     
  0.834428238435133     
  1.232335985642514E-002
 -0.148467857464142     
   1.03482687653426     
  -1.09703721053228     
  0.784607784495197     
  0.369830459670916     
  0.105297587790745     
 -0.124601465881941     
 -4.091543064300062E-002
 -0.524660266745322     
  2.304377150749485E-002
  0.170333632368259     
 -0.418568553855119     
  0.594757928668842     
   2.06912276011062     
  -1.53441877194983     
 -0.412550381564037     
 -0.837442737481910     
  0.219353500597012     
 -0.179384620607511     
 -8.411774708287242E-003
  -1.92909021436314     
 -0.256450188996614     
  0.430736409363263     
 -0.348671089233187     
  4.632185214945557E-002
  0.815504206395790     
  0.813648722741531     
   1.12618552080643     
 -0.499143096091361     
  0.385458415123518     
 -0.483337433396324     
  0.626778314255958     
 -0.209574092545916     
  0.718144150256643     
  0.139007419115176     
 -5.264929640090360E-002
 -5.910221453897695E-002
 -0.282290313731841     
   1.64031129305130     
  0.120269036642596     
 -0.885768586238427     
 -8.423276707452450E-002
   1.18109185884588     
  0.254961000426956     
 -0.215663131297871     
 -0.169528881418089     
 -0.315887001228665     
  0.476820809749927     
  2.576095167943499E-002
  0.595307488359734     
  0.403491518703383     
 -0.268375695214685     
 -0.567874794508058     
  0.450313212916450     
 -0.420412547219499     
 -0.256454497511964     
  0.278201239742632     
   1.38694887049382     
  0.276209651534852     
  0.328050801953472     
 -0.441601013046545     
 -0.578151564200709     
  -1.17366357436528     
  -1.92452320221554     
 -0.852525392294345     
  0.113027613626395     
 -2.885675451337919E-003
 -0.839600289969918     
  0.530389051095792     
  0.612403488583333     
 -0.996241815845706     
 -0.646333442151245     
  -2.00321802883350     
 -0.953210603869438     
  0.507454313365859     
  8.230653165980338E-004
 -0.788354806390747     
 -0.521601162897643     
  0.658525691451010     
  4.099767164611891E-002
  2.054217488015220E-002
  0.496317658050129     
 -0.435135374412615     
 -0.591621128004195     
  0.834864635430529     
  0.238504871274759     
 -0.523497481850205     
  -1.14770466724087     
 -0.811706870820164     
  -1.00348671593463     
  0.228639545147028     
  0.551211616397644     
  0.230162450706932     
 -5.133031987612812E-002
   1.15928993973016     
  -1.91396472467830     
  0.124358918236701     
 -0.431980369598775     
  -1.15053789521228     
   2.91100378237890     
 -0.691625661333138     
   1.63720411951008     
  -2.81896984032076     
  3.679454207425446E-002
  0.170537730259648     
  6.920847538650337E-003
 -0.284215717783478     
 -0.265355840787967     
  5.604861505319794E-002
 -0.179823617302767     
   2.63079365078371     
 -0.379220431748724     
 -0.750698428683734     
  0.556779872226280     
  -1.11981608196925     
  0.687475151216748     
 -0.836463455791094     
  0.644383830230635     
  0.338126106546861     
  0.325081986322087     
   2.20664046621628     
  -1.04462943550239     
 -0.208214590999521     
  -1.32032573605089     
 -0.596991457438545     
 -0.463860039140768     
   1.81469359470326     
   1.08638717555087     
 -0.298736826832498     
   1.19563849436875     
  0.710039959788718     
 -0.995997527934032     
  -1.10625772821179     
  0.532932348326491     
   1.52481559821991     
 -0.147376805041920     
 -0.451999953256543     
 -0.432456375478639     
   1.21463871773413     
 -0.808675859000753     
  -1.41016550197572     
  0.231763055837213     
 -0.643958163604705     
  0.268543082449743     
  0.358628587635105     
  0.187546148991811     
 -0.441613875146706     
 -3.157237316312159E-002
 -0.361145856976453     
  0.100103504935259     
 -0.110643701924397     
  8.281085005144823E-002
  0.132482301289217     
 -3.990557188822282E-002
  0.329734372589408     
  0.926385505679637     
 -0.618162153605091     
 -0.148720900908539     
   1.56811794847062     
  -1.26870132503180     
  0.790389480373762     
 -6.645218198685944E-002
 -8.984439303187160E-002
  9.769183476530345E-002
 -5.831752856130473E-002
  0.400952459279277     
  0.226514486140651     
  0.234702607322434     
 -0.364715419339901     
  1.982819498871554E-002
 -0.854896998954412     
   1.78048080990396     
 -4.311504311979168E-002
 -0.635508604968210     
 -0.620519450136845     
 -0.670333631728296     
 -2.441006949762307E-002
 -0.231598829553578     
  0.326310789332557     
  0.283753598905105     
 -0.513591241915963     
  0.603399584590929     
 -0.971028431334940     
 -0.138512951569653     
  0.300609757892336     
 -0.172794007827864     
 
 -0.920792604408304     
  0.130357757405671     
   1.89563119706360     
  2.329134435154942E-002
 -0.532271852545112     
 -0.546685164839914     
 -0.502078696557415     
 -0.151957522879156     
  -1.38763452170887     
  -1.97496738288196     
  0.317036548747300     
  0.648800663696692     
  0.589075003368286     
 -0.910974971023305     
 -0.302089050302884     
  0.422163536520608     
   1.07277468727228     
 -0.808651951151782     
  -2.13343840235670     
 -0.338947697446505     
   1.72534101730584     
  0.958356848810811     
   2.37071991643013     
  0.383675789965645     
  0.727696783075959     
  2.042882951304017E-002
  0.531307256325713     
  -2.05368142570028     
 -0.213900166298991     
 -0.106288594608777     
 
 -6.408263043387222E-003
  0.699955013627259     
 -0.669860733884564     
 -0.851685216819397     
   1.37149469362851     
  0.325737492574591     
 -0.514530228909897     
   1.15779455088308     
 -0.837342384318770     
  -1.01610151312088     
 -0.116775439810315     
  -1.47505119005572     
  -2.04549326472343     
  0.951141641999701     
 -0.644927414808819     
  0.280914687488249     
  0.982051299864958     
  -1.16873182108029     
   1.20349900733114     
  -1.06585183115944     
  0.757013816971596     
 -0.535264733941377     
 -0.868611162878755     
 -0.368225409841871     
  1.114270858581003E-002
  -1.97820586208300     
   1.09628577369500     
  0.637158607624139     
 -0.476542145513405     
  -1.61520645358764     
 -7.922933076527930E-002
 -0.203970685521052     
 -0.497294013079552     
 -0.775209765681998     
 -0.725385342846117     
  0.209852204915732     
 -0.276571024334374     
  0.586078999325253     
 -0.192836156922697     
 -0.664243344401476     
  0.869826461325400     
 -0.611995267349909     
  -1.64889558210768     
   1.80061258252347     
  6.024384268504187E-002
  -1.71818972010890     
 -0.369069046677726     
  0.343849023100209     
 -0.705719091034752     
 -0.189708091955623     
  4.098500941135481E-002
  0.849830473331807     
  0.536316352626538     
 -0.284817769476953     
 -6.559140278628628E-002
  0.969165946809808     
  -1.01131212713041     
  -1.00846868202279     
   1.64765759449850     
  -3.35616655485480     
   1.06427278507912     
 -0.478553537994054     
 -1.511420644424012E-002
 -0.329654928562235     
 -0.596961095341945     
 -0.983013628869870     
  -1.46049745424160     
  3.244586769870707E-002
 -0.156936277737983     
  0.356433523978999     
  0.677976952128895     
 -0.808719369096194     
  0.123483957158366     
  0.983585460733158     
  7.122598906316580E-002
 -8.473421509675430E-002
  -2.80755525278064     
 -0.497991680542337     
  -1.30274496324287     
   3.59259008179977     
   1.11715673090749     
 -0.457298408549290     
   2.50560127574555     
  -1.85747769482584     
  0.453395885964522     
  -1.65075577618685     
 -0.410043156556689     
  -1.78164001970921     
 -0.365234532882193     
  -2.02730891385853     
 -0.363395834600640     
  0.127587237789244     
  0.244232628202540     
  0.506776090397433     
  0.228537073928051     
 -0.481454994076944     
  0.228678504509947     
 -0.115535134320920     
  0.281113426374630     
  0.307680220538610     
  0.479706997223152     
  0.607310928348543     
 -0.422305946757545     
 -0.524191818450644     
 -0.399166850632900     
  0.197320377942986     
  -1.39788625872873     
 -0.961567729342246     
  0.424910887936419     
  0.756559754568774     
 -0.699424228980331     
 -7.904798337705871E-002
  0.539796051484756     
 -0.109495987541831     
 -0.826251035751017     
  0.235189463439756     
  0.914993981396173     
 -4.858494918218539E-002
 -0.154026543775953     
  -1.21150874635442     
 -0.259090233025363     
 -0.725681104978414     
 -0.275963289715906     
 -0.590949128698955     
 -0.307408047282239     
 -0.281932746925349     
  0.582648615351976     
 -0.362403971062113     
  7.846770363356497E-003
 -0.295986455240046     
  0.108386514426911     
 -0.496535395003252     
  0.930015990059682     
   1.00770285605888     
  0.450758400973149     
 -0.999388549117250     
 -0.862815450808095     
 -0.587362418467138     
 -0.819220520584016     
 -0.304848177639576     
 -0.303826222459323     
  0.163933874335678     
 -8.291426688158619E-002
  0.390621254264882     
  0.123366791202160     
  0.989482667101341     
  -1.57936426089291     
  0.250411136460342     
 -0.374767070839218     
  8.759724298425138E-002
 -0.236426144433205     
 -0.878786547560847     
 -9.094551837989381E-002
  0.396775040545278     
  -1.37072923820556     
 -0.825533250581253     
  -1.30252492485576     
 -0.507066204486292     
  0.502905619852220     
  0.669621804279494     
  0.673390596037097     
  1.110001255550020E-002
  -2.24192865322912     
  3.238477819963077E-002
  -1.00838693097194     
 -0.322836076458786     
 -0.313214923844980     
 -0.317501736653151     
 -0.181356521266815     
   2.87182232194111     
  0.915865728421451     
 -0.668307076938583     
   1.15962526186100     
 -0.426079862822458     
  5.871538733481965E-002
 -0.478873918862740     
  -1.61716919967513     
  0.105725291635808     
 -0.312588815356655     
  -1.17818922425847     
 -0.212501171493035     
 -0.761865664404366     
 -0.245890649781435     
  -1.57832437170977     
 -0.450276493531004     
 -0.605566542322875     
 -0.473732869212069     
  0.176973794510740     
  0.930465965161612     
 -9.813315531284283E-002
  -1.47634653077440     
 -0.282907910933593     
   1.28096039146741     
  0.484084621485065     
  -1.14511012478970     
  0.211113200773823     
  0.228688933581130     
 -0.671576020130191     
 -0.756712957145125     
   1.85828034196110     
  9.390443240721989E-002
 -0.333803028033811     
 -0.141080984046323     
 -0.556057875979939     
 -6.745163038571617E-004
  4.015423850067645E-002
  0.608093471915546     
 -0.416219029897032     
 -0.927979976888216     
 -0.277134957548543     
  0.438970583805003     
  -1.28600429145691     
 -0.332870311533468     
  0.601749279372269     
 -0.848106520568445     
  0.484018283034005     
 -0.395943880146191     
 -0.937448690381640     
 -0.442734375247086     
 -0.781609619202142     
 -0.594806328709352     
  0.398086728593828     
 -0.659656146907582     
  0.911997558348737     
 -0.368158432844600     
 -3.702271646402245E-002
  -2.74048898696720     
 -0.438802423889381     
 -0.538994547131440     
   1.45236412650657     
  0.270772078651883     
  -1.13395025021016     
  0.544398006035127     
  0.446255613557000     
  0.161713880418417     
 -0.989591406011278     
  0.500309608472161     
  6.176841591164019E-002
 -0.182461095648130     
  -1.87115195609009     
 -0.489838011983505     
  0.768788739538295     
  0.136541836816018     
 -0.222483254301736     
   1.53807710498217     
 -0.139994923610405     
  -1.04604574415493     
  0.742566568527738     
  0.271817710737854     
  0.300255867077449     
 -0.346063067306230     
   1.07139169999668     
  0.288272410754674     
  -1.28624904827304     
  2.832732649168852E-002
  0.854048192915726     
 -0.107575628266633     
 -0.602162610629731     
  0.168680674717888     
  -1.41123729792288     
  0.603224889916689     
 -0.487631783925935     
 -0.374923056700339     
  0.724281532955464     
  6.985603363077712E-002
  0.193174538281483     
   1.18516541864714     
   1.49106722543879     
  -1.28974944381938     
  0.913564613964847     
  7.135961763145487E-002
  -1.16852961323720     
  3.102751160204562E-002
  0.220983506546591     
 -0.753658880927444     
   1.05453207545544     
 -0.891282928541324     
   1.38280154596443     
  1.329967729791815E-002
   1.49988610989865     
 -0.255322344023532     
   1.53566651006802     
  -3.00473335498575     
 -0.383388678654786     
 -0.478785896376439     
 -0.121892994763395     
 -9.164560181207793E-002
  -1.09272351508748     
 -0.427620135212355     
  0.426395677548867     
  0.252587409585323     
  0.412494175812452     
 -0.207294575019074     
 -0.403996076516812     
  0.176450018246025     
  -1.57737899955273     
  0.732765628308181     
 -0.456080449577554     
 -0.234807500378120     
  -1.82981323991103     
 -0.707776630576093     
 -0.731758558019468     
  0.236835927479414     
  0.210612668482250     
   2.46930843848480     
  0.198321829988677     
 -0.782224814511936     
 -0.253070307367234     
 -0.152054417297255     
  0.794461100960878     
 -0.251784168085684     
  -1.10999032983172     
  -2.12611563231005     
   1.22784712748270     
  -1.70984307544734     
  0.139188247684282     
   1.50804297135072     
  0.402925220851228     
  -2.29675051378376     
 -0.996233441439691     
   1.97286403019883     
   1.67938282375118     
   1.40667377763940     
  -2.07257972861515     
  0.495060857538671     
 -0.658520268157407     
  -1.22221997729618     
  0.290978355674083     
   1.75570859440375     
 -0.308756155665413     
 -0.283910388196714     
  0.600427094633506     
  0.215165934387654     
  0.793637318218881     
  0.248067096715991     
  0.621097044020170     
  0.223811457941591     
 -0.893098628354818     
 -0.282825957540779     
 -0.184524279670002     
 -0.347786875458151     
 -0.368335417031198     
   1.06124456937133     
  0.353993516164454     
  0.877233224552072     
  0.906540096594658     
  0.262574436032175     
  0.968843082512125     
   1.24948775779792     
   2.93210095500978     
 -0.819677411261187     
  0.506498124599766     
  0.323705550356535     
  0.989698917357737     
 -0.633347871968874     
  0.317658231336468     
 -0.698857657774425     
  -1.37751000069313     
  0.968242338835055     
  0.543703447676102     
 -2.600510001168653E-002
 -0.272760747783745     
  0.525878769252299     
  0.460760985194896     
 -0.173290447854388     
 -0.119052956909489     
 -0.909233261454453     
  0.628792939312886     
  5.616434313955906E-002
  0.542516660006791     
  0.818418879392886     
  0.191971427951388     
 -0.142326231783421     
  0.944092627328522     
 -0.757823995890296     
  0.682886632941795     
  0.156006812984425     
 -0.410178064836760     
 -0.556234270870325     
 -0.453706901259114     
  0.506232177315491     
  0.872316657931920     
 -0.551190920332337     
  0.767836981655441     
  8.754379390196580E-002
 -0.971960818713074     
  2.933649178147858E-002
  0.578122690133796     
  0.531726988542597     
 -0.326285666864758     
  7.269935711950748E-002
  0.465335560320787     
 -0.175992122167456     
 -0.380607292748816     
 -0.839672279896987     
 -0.196075611490942     
 -0.221610341406960     
  6.402335835049366E-002
  1.661593228723126E-002
 -0.298552975830120     
  0.673409815356787     
 -0.327052684426343     
 -0.492427039047659     
 -0.938655895362197     
  0.352522478015036     
  0.737077135029470     
  -1.31656150319010     
  0.244555366369806     
 -0.227157943700239     
   1.57710067080067     
  6.298194454586038E-002
  0.431715171421384     
  0.389045190749310     
 -0.110650011618955     
  2.269395507452345E-003
  0.116241793585138     
  0.195632183176257     
  0.200876320208537     
  0.185394032265640     
 -0.238999518444689     
 -0.406615648337100     
 -0.219370833082052     
  0.616063445122311     
  0.508767478365126     
   1.13829337838224     
 -0.101577382171867     
 -0.890803722067098     
 -0.169945014771319     
  0.882578183997369     
 -0.203206319592115     
 -0.429892871225821     
 -0.882690853097814     
  0.611706439748719     
 -0.944220463043012     
   2.01127355194480     
  0.294488129182448     
  0.606252311102934     
 -0.373446466281438     
  1.709458017439566E-002
 -0.132772981248573     
 -0.264476714930112     
  0.652017253616495     
 -0.873072728071591     
   1.82474255279186     
 -0.506673361694940     
  0.576249395560761     
 -0.859541350720578     
  0.105314455844089     
 -0.368207467496165     
  -1.96399080882789     
   1.11609157058554     
   1.56828203475467     
 -9.858902243354711E-002
  0.772068102857071     
  0.625029072815776     
 -0.810639056774214     
  0.325372507474773     
  0.138195658310843     
 -0.224563240058502     
   1.10928126657682     
   1.33199649696478     
  0.551832123883516     
   1.43409422337048     
 -0.487032486080449     
  -2.38684683590929     
  0.853065404723117     
  -1.17874497904805     
  0.550480771229614     
  4.184706152207755E-002
  9.204294016299450E-002
  0.372860125648898     
  0.193445014824426     
  0.959866053886633     
  -1.05638061198434     
  -1.06598564826863     
 -4.526336745888963E-002
  0.901556513720718     
  0.509293863222886     
 -0.103135647939815     
  0.835058546884512     
  5.769822620765353E-003
 -0.198328009589836     
  0.505795095067871     
  0.354116640841088     
 -0.117263320075795     
  0.242009983063055     
  3.739215654294976E-002
 -0.524910420797642     
  0.303338089854746     
 -7.318576630594811E-002
 -0.755309706596462     
 -0.586609034478196     
   1.65734232573572     
  0.518248213355120     
  0.565822279805823     
   1.04660671712641     
  0.552487129011311     
  0.772863703611047     
  0.671461699601839     
  0.783066776436866     
  -2.07370948574969     
  0.591554052931709     
 -0.872003246052892     
  0.771190960936276     
 -2.673203245875284E-002
 -8.929406833615483E-002
  0.813155658680736     
  -1.37939590860205     
 -1.521998326109182E-002
 -0.844212540868756     
 -6.838750404719017E-002
 -0.702064463905235     
 -0.400468653528519     
  0.244148232198992     
 -0.441106399651343     
 -0.517018456618432     
  0.403160714340744     
  0.859688387026549     
 -0.218151951706023     
  0.445978473431977     
   1.21699791561876     
  0.819890318690583     
  -1.24448100902624     
  8.999673468384216E-002
  0.363503890810691     
  0.269364739908261     
  7.500916950045367E-002
 -0.525043570016198     
 -8.861383827117857E-002
  9.649837776452830E-002
 -3.504939537669175E-002
  0.151704416878936     
 -0.454547485117991     
 -0.864759547182529     
  7.603912232350979E-002
  -1.24551336693902     
   2.13704849172995     
 -0.253671764606321     
 -0.456789908983981     
 -0.946354783165456     
   1.25952155540532     
 -0.874492820985649     
 -0.797784944182283     
 -0.104594547819154     
  0.718945652730822     
 -0.647107861117855     
 -0.530009309043216     
   1.05494173833653     
   1.35087105427716     
  -1.17618786416479     
 -0.817325205475793     
  7.104766496655114E-002
   1.77055168117467     
  -1.03817262529966     
 -0.354492017365548     
 -0.224295869638257     
 -0.989987596441315     
 -0.580032075141324     
  0.142418264541654     
  0.876972052264964     
 -0.467059863725123     
  0.249249336091403     
  0.865479416065908     
 -0.693317512206585     
   1.53369928239744     
 -0.246611583802491     
 -0.303239007141742     
  0.639931782134655     
 -8.716691666131490E-002
 -0.409575746765208     
 -0.272340684614877     
   1.99088755004729     
 -0.241036524564454     
  0.796736041458751     
  0.114048384329370     
  5.050069857143703E-002
  0.325651014999336     
  9.195190173927092E-002
  0.474852773268410     
 -0.265625313572648     
  0.542661988073888     
  0.824508459169446     
  -1.11506061954106     
  0.688801945882630     
 -2.609047771240339E-003
 -0.151763951031741     
  -2.41730927964358     
 -0.412781145791826     
 -0.609616410011670     
  -2.72547335904244     
   1.34663695145627     
   1.43929957157491     
  -1.66357615976237     
  0.597389418326867     
  0.994055642743829     
  9.320870037302292E-003
  0.561284171065023     
 -0.720315371921764     
 -0.934851332461682     
  0.720764917538870     
  0.390585009410326     
 -0.857171599983494     
 -0.693161670332287     
 -0.350201222938181     
 -0.234429099825308     
  0.410369814199188     
  0.336550135175547     
 -0.604155551363424     
 -0.147619470321037     
  0.224615733180586     
  -1.53036910713655     
 -0.217963489131608     
  0.291841288705748     
  -1.07308450224556     
  0.414029826635078     
  0.762228544315267     
 -0.647606591405602     
  0.302113362187147     
  0.237576152860582     
  -1.60697109950059     
  -1.41831412118318     
  -1.17651803269778     
 -0.449457125609272     
 -0.539990154331071     
  0.173245668178676     
 -0.138074944948634     
   1.92354743534315     
 -0.444797933301677     
 -0.541906789281046     
  0.521435767254798     
  -1.18611442693814     
  2.405481642927644E-002
  0.889574886355036     
  0.589358554858774     
  0.174613821558835     
 -0.849378208971486     
 -0.524523858248376     
 -0.284853709205458     
  0.107137764559583     
  0.707147922325401     
  0.271300382228850     
  0.757810143104181     
  -1.28024454714476     
   1.90778159916135     
 -0.403454004948269     
 -7.524006419497907E-002
   1.23776432723957     
  0.355433909989024     
 -0.357041779922116     
  -2.64081172100038     
 -0.924199120646779     
  -1.24127253433422     
  -1.59603510660197     
 -5.406765582362001E-002
  0.521352084131644     
  0.522606528056521     
   2.73984251677869     
  0.130775884707910     
  -1.83655961743077     
   1.37429808521689     
 -0.479821796152877     
  0.197582766120355     
  0.804511481702589     
 -6.419866131745751E-002
  -1.13668210198869     
  0.393512714948895     
 -0.234764546616211     
 -0.206257955938254     
  -1.69059283750385     
  0.894105625625822     
  -2.32157890582057     
 -0.552269660761099     
 -0.727318694891148     
  0.379837292578102     
  0.370584773993446     
  0.125672819075490     
  0.332264285268968     
   1.73102909932130     
   1.10770927806567     
   2.10227647570449     
   1.13675010829592     
  0.519640582186285     
  1.105605230168237E-002
   1.63357147711432     
  -1.06630308873556     
  -1.71922859306289     
 -0.596856738933377     
  0.533453217805023     
   1.41264957002175     
  0.501112129678566     
 -0.104200300202476     
  0.264620398173323     
 -0.720862777292825     
 -0.192862851254581     
  0.211294117178240     
  0.518605002995997     
 -0.578782352543584     
 -0.908337410049118     
 -2.124026252826478E-002
 -0.307196459992746     
  -1.01161108826786     
  -1.95643086391316     
  0.546662239236954     
 -0.459878077679042     
   2.14818289076200     
  0.453486608929859     
  5.192191619680112E-002
  0.497935423432414     
 -0.185167947386765     
 -0.770902734166623     
  -1.49442436643817     
 -0.270636096620108     
 -0.743324605479424     
  0.391434370253626     
  0.323864099145996     
  0.768448855155433     
 -0.399420039996762     
 -0.919754059328627     
 -0.225377340702492     
   2.23338490232945     
 -0.615227051811063     
  0.158485798727094     
  0.182575877937974     
   1.29465386610965     
   2.04409006506365     
  0.550998306894979     
  -1.43729962687959     
  -1.33980884938855     
 -0.374842402040545     
 -0.353580310831061     
 -0.768615663558251     
   1.51030810312239     
   1.08484471023733     
 -0.373488074312182     
 -0.480586195259964     
  0.476948163317585     
  0.543965533598962     
   1.01244636677949     
  0.481014895823983     
  -1.31997716033405     
 -0.296107111860031     
  0.223029168807002     
  0.241009144445413     
   2.79386828122985     
  0.408748046847699     
  -2.47025686024728     
 -0.926330550728312     
  0.192105390899485     
  0.556040729038110     
 -0.532517542661918     
  7.164603248139773E-002
 -5.144695758686828E-002
  0.474013098934599     
 -0.425692369709943     
  0.863373684879908     
  0.105234543277550     
   1.17578234835338     
   1.53783060898656     
  0.655412320243743     
  0.935004059527998     
  0.403267608358312     
 -0.812317232809278     
 -0.351167011451924     
  0.556322177912179     
  0.843336310889542     
  0.217891660504307     
  0.469757038994517     
 -0.177172009968840     
 -0.654234994677904     
 -0.784174006993444     
  0.170311621316309     
 -0.228980836849133     
 -0.707562820965648     
 -0.357361744454030     
 -0.210183049305928     
 -0.629682223877099     
   1.86291409616793     
  0.456056873388835     
 -0.727723819798092     
 -0.931713121679609     
 -0.454939547088152     
   1.21896806393530     
 -0.148568148987481     
  0.298490718061672     
   2.09870009521717     
   1.78195084147558     
  0.139749511230231     
  0.247958425902895     
  0.718400920744659     
   1.83984096350602     
 -0.224376410613547     
  -1.52631927654682     
  0.199786701464948     
 -0.304437406562275     
  8.797748416963057E-002
 -0.797060660660222     
   3.17050061713349     
  0.594263417196294     
  0.728943905958756     
  -1.40279985165507     
  -1.00563842206786     
  0.391411649598058     
 -0.882371194929905     
  0.563120368870905     
 -0.274710264508612     
  0.224457008474370     
 -0.342012843153449     
  0.201303639584246     
 -0.148409783214467     
   2.05235714445986     
  0.596338260016511     
  0.385215785247806     
 -0.193297226481031     
  -1.40828829134020     
  0.701920322664337     
 -9.768247981653208E-002
 -0.468260033571708     
  0.249656239541595     
  7.916567478754932E-002
  0.415841409856954     
  -1.16429048679837     
  -1.38511595602365     
   1.55053486754537     
 -0.160278280683472     
  -1.14696154943900     
  0.143161718716595     
 -0.196485936298708     
   1.06691310269246     
  0.170512030228123     
  0.846279891675711     
  -1.45743858299714     
 -0.493604941676769     
  0.440799785656412     
  6.065173151986292E-002
  0.488766249796379     
 -0.531487552488955     
  0.601737477691669     
 -0.138982958948270     
 -0.559612475110973     
  0.860651089413907     
  -1.04944884216143     
 -0.384727758267730     
  0.828409433970997     
  0.391413974222913     
  0.916842524210859     
  0.492898693776775     
  0.108965570367055     
 -0.245053752201893     
 -0.478876133881572     
  0.115292894555655     
  -1.07451667396999     
  0.563028665968135     
 -0.120543851917181     
  0.743421245863994     
  -1.95400824218949     
 -0.505445347822018     
  0.911525253885728     
 -0.300669450217065     
  0.139998050735033     
  0.572664078450003     
 -0.297949200010520     
   1.02198395662973     
  -1.75193749743188     
  0.321953670317397     
 -0.411912950282067     
   1.09347912877290     
 -0.765633233968415     
  0.194094071087209     
 -0.410156923341538     
 -0.967529844704097     
 -0.223523741484961     
  0.234484474058920     
  0.715543651453173     
  0.126971188719706     
  3.927173056732280E-002
   1.19346128393985     
 -0.900402042771655     
  -1.27267791517339     
 -0.568294724933643     
 -0.381800312068764     
  -1.08206948926401     
 -0.637514023045824     
  0.552854584251209     
 -0.249045814507980     
  1.539280958519819E-002
  -1.45633676920932     
   2.46173609013460     
  0.908521153226341     
  0.343905406450308     
   1.27081299964618     
  0.881241201265795     
  -2.05734807946006     
   1.26130888939797     
   1.31181115577290     
  0.168021566161197     
  -1.40549311248686     
  0.108617410829870     
   1.21906904174235     
  0.920362859769555     
   1.55345526669734     
 
 -0.200311970930346     
 -0.654598415038362     
   1.12613708340760     
 -0.248254136085252     
 -0.312407645626915     
   1.21581348506210     
  7.056261649985347E-002
  0.541490782550308     
  0.288157055934387     
   1.91340843048054     
 -0.160257847631323     
  0.737157503273172     
 -3.007945794441354E-003
  0.491118891543714     
  -1.07631951745550     
  -2.05985502506929     
  0.196996458875579     
  0.479722184405819     
 -0.189640427550002     
  0.323343362645413     
 -0.162183452958385     
 -0.226097512250033     
 -0.647637244154248     
   1.31819615797400     
   1.10218978202967     
  0.590728168625239     
  0.316959136557002     
   1.26994682354044     
 -0.963528884278746     
  0.462730526856838     
 
 -4.251620000940433E-002
  0.140917772496065     
 -0.151855094497230     
 -0.123787221565610     
 -0.255445917559095     
  0.200652811304808     
  2.036588804585097E-002
  0.194947425607576     
 -0.361934218683319     
  0.116731856955967     
  6.758916090543612E-002
  0.228172936067575     
 -0.392726385625493     
  0.697500098528328     
  0.208966956765387     
 -0.101960667863448     
 -0.185424657068423     
  0.416933391859942     
  7.087446077456915E-002
  0.173316455770316     
 -0.300770638404863     
  8.001552349378283E-002
 -4.345979977159273E-002
 -0.392731626264429     
 -0.123692536167082     
 -0.192500596930741     
  2.622777707003515E-002
  0.461603467601116     
  0.230045834187260     
 -0.134055605298897     
 
 -5.099142396373572E-002
 
  tansig  tansig 
