     48 -    30 -    30 -     1 
rmse=  55.9416meV
 -0.232113050532399     
  0.846593830495824     
  0.502434803855280     
  8.524513655154509E-002
 -0.262277464107011     
 -0.934778598080209     
 -0.580585877414388     
   1.02396684333077     
  -1.56892765943759     
 -0.160969981989491     
 -0.703461064597791     
  -2.65779365793595     
 -0.872948178585941     
  0.616796716467208     
 -0.299893941955621     
  0.300198374879000     
  0.956330245749738     
  0.782105484607097     
 -0.674927959192181     
   1.58660064078672     
 -0.497304376458076     
   1.35428193873165     
   1.92623250162667     
 -5.050704014492904E-002
   1.66188493496502     
  0.499460412833975     
 -0.476203424969152     
 -0.208362083264960     
 -0.368705234211980     
 -0.282946786726108     
  -1.78708115915244     
  -2.19173640734011     
 -0.948117750569339     
 -0.755580239642982     
 -0.746513102166166     
  0.341617652741419     
 -0.235243601288484     
  0.185402872611447     
  -2.18413325771795     
  0.224071264517025     
  -2.03383934071641     
   1.80755543253603     
 -0.658871898713350     
   2.09834377087944     
  -2.36967910953044     
 -5.938650977783787E-002
  -1.45567361392940     
  0.290285599221177     
   1.14111288890045     
 -0.786334930685237     
  -1.77004711247824     
   1.02873067017903     
   1.28704670509938     
   2.22901466104136     
 -0.536432133517634     
  0.666309849874595     
  0.529696442761679     
   1.13539591575082     
  0.755666585153850     
  -1.71847332002497     
   1.13134975758446     
 -0.824466181118190     
 -5.723717315786407E-002
 -0.525194931349504     
  0.855987797678390     
  0.696394330993301     
  -1.05814159207122     
 -0.184789516387057     
  0.684011723649829     
  0.245346177916516     
   1.28345236235684     
  0.103731785839834     
 -0.195829100950667     
  0.863307377165322     
   3.26949836837187     
  0.772497571726075     
  0.448672891369897     
   1.00745495452327     
   2.28610609492114     
 -0.321573725464924     
  0.140319326542051     
 -0.119141504488722     
  -2.27422682405664     
  0.437395336158177     
 -0.525493139839830     
 -0.150114411882011     
 -7.903864306276759E-002
 -0.647930295228429     
  0.387246967726151     
 -0.770843601421733     
   1.37334219778920     
  -1.02825717342552     
  -1.03431129059997     
 -0.951439207713257     
   1.67276275710148     
 -0.171078280239875     
 -4.712283583042169E-002
 -0.482108872786354     
 -0.219230670269689     
  8.131434766458451E-002
 -0.376063809878202     
  0.181728385843272     
 -0.141726879958832     
 -0.689704628805869     
  0.979484359251915     
 -4.594454764654171E-002
  0.941025240083185     
  1.661152046891250E-003
 -5.503271563148926E-002
  6.942409861833843E-002
   1.04338104927457     
  0.199736222529488     
   1.93428442259884     
  -1.69378862575914     
   1.38620932424984     
   1.26292545842881     
  1.175075398872686E-002
  0.568308225803072     
  -1.04693882689119     
  0.444050679343029     
  0.127832939528015     
  7.121881480708755E-002
   1.35782318322182     
 -0.454370310741886     
   2.32178654802236     
  0.335063286953080     
  0.502107008224238     
 -0.114853907143845     
   2.34419868856556     
  0.117582116987809     
   1.00370735403927     
  -1.90442020981057     
 -0.172730969887247     
   1.82192973852284     
  0.264029308570727     
 -0.428632576056254     
 -9.517712324069932E-002
 -0.103258655742590     
 -0.377380175044673     
 -0.253609289036207     
  0.383931964912008     
 -0.677466978883080     
 -0.151697917295875     
 -0.239978502907796     
 -0.589292955539007     
  0.713530988176736     
   1.68541430852797     
   2.53320339696104     
 -0.281299225925944     
  -2.55426344344265     
   1.83369677885951     
 -0.184769590992244     
  -1.17452513840414     
  0.159986816060823     
   1.97406054827607     
  -1.27079125140332     
   1.06193950932354     
 -0.639237152113995     
 -0.527036046506418     
  0.911186231639934     
   1.06039729768179     
   1.28293209560999     
  -1.39276429918326     
  -1.00149991344691     
 -0.803155251606847     
  -2.59930832479218     
  0.130737806884863     
  0.233309310233483     
   1.12981843951501     
 -0.123203289676534     
   1.73143906181672     
  0.401791095695513     
   1.77634967913745     
 -0.487861037027341     
  -1.37788373607139     
  0.528086866398722     
  0.141248806549399     
  0.541027688968491     
 -0.287160591092442     
 -4.421672829402290E-002
 -0.289547159893666     
  -1.64145301425791     
 -0.430571485269655     
  0.242442048138059     
 -0.740411414129761     
  0.703207686322041     
 -0.431386280619388     
  -2.03468753936149     
  0.693058313049761     
  -2.71131578396826     
  0.862105592014528     
  -1.71669832829642     
 -0.569193459657279     
 -6.405936974485522E-002
  0.966259234192476     
 -0.993843982757227     
 -0.235849412606012     
 -0.240451555919411     
  -1.16433249534174     
   1.79894600897699     
  0.571055371773354     
 -0.221876100352753     
   1.95501588345920     
 -2.032732169661566E-002
  0.704377773819061     
   2.36331849592746     
   1.22118587630430     
   1.41008897248315     
  -2.58414884372094     
  0.896091158451104     
   1.13547723447182     
  -3.34425379918767     
  -3.03572952256400     
  -1.81030848242999     
   1.95425987278536     
 -4.927363645338517E-002
  0.211779497848924     
 -0.676035319598378     
   1.52591216837875     
 -0.116093619866827     
 -0.909975303278842     
  0.171508829427984     
 -0.630415622864467     
  -1.57293104468697     
  0.499523162099294     
  0.743281142043314     
   2.92440884186336     
 -0.656360872888519     
   1.18250533543051     
  0.692656771625906     
 -0.820320955010377     
 -0.666076172377856     
 -0.467528953443808     
  0.270440770768909     
  0.274274183326936     
  0.284656464275064     
 -0.101513200454301     
  -2.83459924971818     
 -0.345255001348092     
 -0.332793185381046     
 -9.226800517407073E-002
  9.078665117384274E-002
  6.610723059787084E-002
  -1.15202754451997     
 -0.874672366169746     
  0.373700197216342     
  0.464089174606073     
 -0.189282285593881     
  0.315167102882012     
   3.02223509833971     
  0.189767558318407     
   2.40505318251696     
   2.34733230078430     
  -1.13994410968997     
   1.10909796049156     
   1.35398952079406     
  0.782111385535374     
  -1.01577459668994     
  0.609445672329438     
  -1.95984356799611     
   2.72396774051433     
  -1.25650523775886     
  0.411574589577345     
  -1.29067626067919     
 -0.415539139090546     
 -0.485819773138460     
   2.20117929293909     
   2.69554382012655     
 -0.257239109594135     
   1.26871275959741     
  0.246043689050830     
  -1.18676797615080     
  2.577117238953719E-002
  0.256000445865137     
  0.833200064256370     
 -0.302125819374573     
  -1.33081022562324     
  0.568780078843917     
 -5.722245363905733E-002
 -0.492341355884720     
 -0.358281603182779     
 -0.463165597988587     
  -2.54850512084476     
 -0.551081532138073     
  -1.25227664809032     
  -1.21391228579172     
  0.644901511165043     
 -0.601985818114331     
 -0.719586809412146     
   1.02786716160364     
 -0.517261284648227     
  -1.85611296422013     
  0.617883632157912     
 -0.243831377632635     
 -0.236425431853551     
  0.634968147438222     
  -1.50541564190869     
   1.32788915064151     
  -1.04815502443196     
   1.86320718536508     
  -1.01202616307701     
  0.123997979019294     
   1.48533411699654     
 -0.709209078634303     
  0.724585494509485     
 -0.921716199896808     
  0.639797797280179     
   1.75223724300915     
 -0.347829412967571     
 -0.298235092255981     
 -3.658433023179554E-002
   1.40699940689638     
  0.265864226323274     
  0.257824363592379     
  -1.94580774788109     
   1.07380493803906     
 -0.890054797205562     
   1.48392379671435     
  -1.20144501988317     
  0.755097647319351     
 -0.236117800324562     
   1.35028132418858     
   1.60271321538760     
  -1.21523232621792     
  0.676456323128310     
  7.425825871023213E-002
 -0.325488840530155     
  0.925715260977577     
 -0.800565198727135     
 -0.259743569479463     
  -2.21942557818085     
 -0.511987100115197     
  0.694444055708433     
  0.676569704302749     
  -3.85440171739752     
  8.012576970576758E-002
  0.883369010229228     
  -1.16074387525478     
  9.113563108083603E-002
 -0.571535768032091     
 -8.829843489866004E-002
 -0.104320803295645     
  0.339483313373585     
  -1.75040826811375     
  0.218981252941207     
   1.19824787565514     
  8.599248456116786E-002
  0.151062321291815     
  0.332582162461018     
 -0.240384138453003     
   1.18840817844919     
  0.821338301942945     
  0.323627175036259     
  0.358536273826205     
  0.451101210933668     
  0.274761151904712     
 -8.771939407614968E-002
  0.819905427421836     
 -0.852083919561094     
 -0.885198314686546     
  -1.42691316474913     
 -0.430076079294383     
   1.30133632065692     
 -0.415479677772471     
  0.708306108173462     
 -0.866289646816348     
 -0.163400865995719     
  -2.41810113166732     
 -3.215043049685190E-002
  0.156866780751711     
 -0.601350362421418     
  -1.39987823594807     
  0.118405992939581     
  0.782963616102131     
  0.895514973753453     
  0.452709465955575     
  0.689160156346702     
 -7.351078086262071E-003
  0.966383934803498     
  0.560367251599708     
  -1.45350995067224     
 -0.369915869440366     
  0.425220184335782     
  0.387602275338989     
  0.232527689198081     
  0.316894862762482     
  -1.41914108002199     
 -0.695082564191043     
  0.513173072892433     
  -2.19985221395093     
 -0.129390399779787     
 -0.151242373042146     
  -1.14508788979470     
  0.507553980427435     
   3.10755832943340     
  -1.21006239780730     
  0.488751274597882     
   1.70218211006115     
 -4.834255034701553E-002
  0.793795699977358     
 -0.803760290932631     
 -0.236578042234754     
  0.509480066647129     
   2.06119056979268     
  0.197133498345525     
  0.581828553898799     
  0.295430268409767     
  -1.03381696950340     
  -1.08008118837217     
  -1.44263287580879     
 -0.266166335422964     
 -0.159791441625264     
  -1.69497636794030     
  0.273770993249055     
   1.10679288665855     
 -0.959662595879408     
  0.364826276799153     
  0.119806298840805     
 -0.108101702507505     
  5.368124945142624E-002
  0.559869651787261     
 -0.369317494473565     
  0.118551470618521     
   1.14586261285828     
  0.254626303427035     
  0.607438599168433     
 -0.414175435310524     
 -9.439272365396921E-002
  -1.79479471808096     
  0.424881126527409     
 -9.519445573559965E-002
  -1.80711120882104     
  0.371499404274789     
  0.306833795489708     
  0.218522697642657     
   3.17163460954449     
 -7.957128231304070E-002
  0.401741990212254     
 -0.617199031500101     
   1.03391008099730     
  -1.07497877994873     
 -0.905193639638596     
  0.282125423310845     
  0.265551375202638     
 -0.386036955989145     
   1.39818286321467     
  0.289452425231937     
 -0.221806592723443     
 -0.406175534817221     
 -0.173843502863086     
  -1.68141387143658     
  0.631772259020322     
  -2.11406019060914     
 -0.599030904154024     
 -0.276596380717458     
  0.135265984197036     
  5.716406432077404E-002
 -8.063571571031905E-002
  -1.31046320943942     
  0.484249394046065     
 -0.883440555305682     
   1.68157683430250     
   1.73411554908355     
 -0.865670480492377     
  0.802378398663799     
  -1.90113330512549     
   2.46963088636387     
 -0.829260952734376     
  6.313015671079024E-002
   1.92726411336319     
  0.131934935396405     
 -0.881015382267164     
 -4.666454006763095E-002
  0.367198728654189     
  0.788391874074200     
 -0.595107308257238     
  0.610203397259378     
 -0.568742453810559     
  -1.49323757583685     
   1.13723104265754     
 -0.419484838420906     
 -0.701954293635357     
 -3.022547382675484E-002
 -0.290188050745546     
  0.122921057043656     
  0.678505647550897     
  0.100217670980551     
   1.17371474517889     
 -0.400225581426811     
  8.332437629465887E-002
 -5.431640176021944E-002
 -0.775704677085826     
  0.598269448570720     
 -0.688480615436591     
  0.464766150407613     
  2.224566372289974E-002
  -2.21110121722095     
   1.61222629574256     
   2.68847460470444     
  0.117424943858459     
 -0.551120363943244     
 -0.133622667773248     
 -3.742079649373849E-002
 -0.386348681980625     
  0.572560363086365     
  0.187718734345644     
 -0.741748723107859     
 -0.114571173355600     
   3.09918859367883     
   1.66460017298729     
 -0.445169144865366     
  0.525656820959433     
 -0.939628273782728     
 -0.905425248936204     
  -1.44558665364487     
  -1.36260568818808     
  0.851578721902060     
 -0.576847129460114     
 -0.709430325770940     
  0.483935598701994     
 -0.850876821298251     
  0.717951279471927     
  0.193564163603010     
 -0.914416840228455     
   1.13238525972151     
 -0.625550872750260     
  0.716449980090748     
 -0.342682001304228     
 -0.730275667227252     
  0.231694219022074     
 -0.227194747814864     
  -2.18747562304131     
  0.435694335468677     
  0.747882106971102     
 -0.344776430647327     
  3.127965316896548E-002
  0.312364672986673     
 -9.186616633572736E-002
 -0.812663280804539     
  -1.03081666829065     
   1.16423761127534     
  -1.08263719743607     
  0.872487364393871     
  -1.48323305957694     
   1.28420573148035     
   1.84613307678022     
  -1.96335026782111     
  -1.45364106739784     
  0.955030443421289     
 -0.787480062282897     
  -1.61605122338342     
 -0.367293115585862     
  0.408663624471540     
 -0.924471501895700     
 -0.605754478827533     
 -6.351391824179684E-002
 -0.180541035769686     
   2.44423418338916     
  0.751549693633483     
  0.115620480914191     
 -0.748151300232371     
  0.586535687238529     
  0.535722770061764     
  0.701406041342481     
 -0.553924586266694     
  0.442191920247990     
  0.650329072099639     
 -0.351257007195398     
 -0.142473869374623     
  0.478696384931309     
   1.17180501552133     
  0.103936593004375     
 -0.768812289346361     
  7.888042885746391E-002
  -1.15839617997862     
  0.495152311104963     
   1.48145656293361     
  0.278737844802210     
 -0.813752294632849     
 -0.569057180864599     
  2.108725513119215E-002
   1.86675196286795     
  0.337146155334689     
  -1.71807780138341     
  0.191403266970198     
   1.61882257822435     
   1.39052908052467     
  0.591509389573079     
 -0.864158611683343     
  0.440943940339210     
  0.964610504713420     
 -0.130917708483792     
  0.297355865739820     
  0.317837463551941     
  0.661500914803045     
  0.373095233127112     
  0.655267490647969     
 -0.336064534821865     
  -1.07960956251270     
 -0.637786288839018     
  0.128932793639350     
  0.256812022711304     
 -0.823785074020026     
 -0.537493379411472     
  0.325068533394565     
 -0.141487771240960     
 -0.383390143228077     
  0.730114440693036     
  -1.11384562806207     
  0.590619287812233     
 -0.452219330735841     
  -1.20980357448583     
  0.533651717246533     
  -1.42746611552255     
   1.82537826507631     
  9.860818728705198E-002
 -0.430840400137697     
 -0.494604032295624     
 -0.867037518941748     
  0.701098666496871     
  0.461596447822390     
 -0.149045826683310     
 -0.338959408171087     
  0.105867084291010     
 -0.491060254401912     
  -1.67012286728164     
 -0.822922043537061     
 -0.171320548486906     
  0.542950671801107     
  0.618834255371194     
  0.210708469925768     
  0.287615026537046     
   1.15137945427699     
   2.08977367347910     
   1.00193187521709     
 -0.778526427848248     
   1.27552909131726     
  0.382592723005047     
 -4.754532732750911E-002
 -0.714906414392147     
 -0.463780925366273     
  -1.20804462694542     
   1.04190745774786     
 -0.255447369225062     
  0.245894877569692     
  0.116331795338322     
  0.687701947024596     
 -0.685699171982406     
  -2.00848010694004     
  -1.66781311762037     
 -0.424731312431724     
  0.342650226399844     
 -0.206855356312651     
 -0.159977763669146     
 -0.296257795653295     
 -0.146334731156624     
  0.744951444163919     
  -1.09766849521925     
  -1.00653011223473     
  0.568823430788467     
 -0.574663113944999     
 -0.201581463548542     
 -0.564785810448852     
 -0.889404092212771     
   1.38605297731622     
  0.513861805438470     
 -0.964932025088874     
 -0.366666473213028     
  -1.46838610103944     
 -3.617111632271360E-002
  -1.11920564626349     
   1.52033567593709     
   2.07478392338253     
  -1.00985658437838     
  0.653238673070650     
  8.060004914951910E-002
   1.77414174661474     
   1.06814570059330     
 -0.982520161321583     
  0.297511326757019     
  -1.61583081870824     
  0.517461781307445     
   1.40954027964613     
  0.675955836519649     
  -1.24313516675820     
  0.416002728922751     
 -0.476070766523840     
   2.64713546390044     
   2.26089711499759     
  -1.46424222274889     
   1.69416135618644     
  -1.63780219130389     
  -2.11785033762282     
 -0.274732011768650     
   2.69359728987602     
 -0.289100071776185     
  0.271965852790441     
 -0.812992661786168     
  -1.34859956990473     
  0.996252457547937     
  0.569777014547004     
  -1.23385865252482     
  -4.22907504234441     
  -3.70641199784663     
  -1.04721317667098     
  0.740256758249087     
 -5.013439047744511E-004
  -1.18054281974892     
   1.56538779522563     
  0.305713233464006     
  -2.19760121430269     
   1.32015743690353     
 -7.252570033879603E-002
  0.458387001953862     
 -0.847842045124938     
  0.127443029987432     
  0.102634163458910     
   1.81985273202032     
  0.428147595470253     
 -7.238804652090484E-002
  0.389834099296398     
  0.705713619849211     
  0.770867018868620     
  0.717910265025115     
 -0.670231132254176     
  0.169361608773943     
  5.548599795426670E-003
 -0.484774823049826     
   1.63197980825599     
 -5.510674270962693E-002
 -0.649235033584327     
  0.316553227287291     
  0.770601683345828     
  0.326765276032128     
 -1.164900988955646E-002
 -0.394108401063430     
  -1.22048637338811     
 -0.572322290480687     
 -0.384556533281641     
  6.100478238531046E-002
  -1.32692064247052     
 -0.644315857389331     
  0.494860225851903     
  0.864522382854818     
 -5.115246875728127E-002
   1.85509548278461     
  0.701955692282887     
 -0.147376892920981     
   2.43722344448216     
  0.186432083295233     
  0.525457571193014     
  0.224699097024697     
 -0.778101688800256     
   1.28471069240658     
 -0.944389375623192     
  -1.22634760081742     
 -0.987765820669740     
  -1.37682796255547     
  -1.70605494037315     
 -0.229664360586706     
 -0.462979463167847     
 -0.156386867767472     
 -2.828082734973351E-002
  0.358230961416340     
  0.156954314155184     
  0.947924360701666     
  0.290358399941566     
 -0.575907261457628     
 -0.813009019674324     
  0.499065474436734     
  0.299680351047870     
  -1.08431820238854     
  -1.84787968689582     
 -0.946535721833975     
   1.01726994773575     
 -0.228872675448872     
  -2.60439141691694     
   1.92574409359530     
   1.54601485221821     
 -0.463144227811773     
  6.385101591473200E-002
  0.243034933462412     
   3.22879565793682     
  -1.88074608065906     
 -0.192829132393467     
   2.45540736990288     
 -0.415899721195831     
  0.144334536348002     
   1.44259542519370     
 -0.808493447760948     
   1.85868206404347     
 -0.761385831004021     
  0.593261175596507     
  7.784540088415585E-002
 -7.523507675747954E-002
  0.917432447647754     
  0.952986477568224     
 -0.871552044563977     
 -0.112850754728522     
   1.29909924049353     
  -1.89576941415273     
  0.627423835916527     
  1.303281300796812E-003
  -1.55264630327459     
  0.387851119690856     
  -2.04381757948267     
  -2.78099089598191     
   1.46721216042151     
  -1.93458768868166     
  0.928742274109191     
  -1.13727878016258     
  0.266921181794364     
 -5.533535962279387E-002
 -0.212650406707695     
 -0.577212643527029     
   1.87697818851988     
  -1.76533484539321     
  0.318419769519172     
 -9.481316833267321E-002
   1.47838785306696     
  0.979635514093376     
  7.826702083083989E-002
  0.773460551669778     
  -1.45907210430769     
   1.68387417984677     
  0.281063585801034     
  0.470057727425032     
  0.119120749426800     
 -4.563539205501192E-002
  -2.00533526201125     
  -1.54293134414876     
 -0.256108576800174     
   1.24215289726095     
  -1.00601489966586     
 -0.157280030267530     
   3.21015493622826     
 -0.969692721372130     
  0.134538721083676     
  -1.64491628606448     
  0.103708428392825     
  0.525619794920804     
  0.787598279115752     
   1.92423146563362     
  -1.15847860626634     
  0.161798265694150     
   1.15969311799068     
  0.208338779003129     
  0.787048092004738     
  0.613814905177487     
 -0.189780012220458     
  -1.40110972109850     
 -0.950347405963430     
 -0.443838066758484     
  6.342279007989482E-002
   1.56599666553635     
 -0.786881298886353     
 -0.128929514637706     
 -0.459675093755969     
 -0.529117427055676     
  0.367038919571404     
   1.20766504680274     
 -0.147056027033736     
  0.654035550921381     
 -0.286898216955110     
 -0.547785429706371     
  0.390979636338981     
 -0.470809343151823     
  0.535756048577203     
 -2.027191785080337E-002
  0.634909731404132     
   2.89974792535241     
 -0.697296120416701     
 -0.381645920673489     
   1.31756173040494     
 -0.199170451047728     
  0.395406341752863     
 -6.128448185021102E-002
 -0.108434854008043     
  0.364128026739953     
  0.918239265784904     
 -0.277068185256689     
   1.19957101802396     
 -0.613633978035298     
 -1.859230328685017E-002
 -0.663714471553602     
  -1.92087455626380     
  0.186123642103256     
   1.74621937480344     
 -0.266610844032061     
  -1.59707256691410     
 -3.630116730406522E-002
  -1.98766564972278     
   1.55402465409076     
  0.117611966528937     
  0.291214268727858     
  0.343419629217762     
  2.154766051629937E-002
   1.73023425929424     
 -0.588964686565930     
 -0.998559836978874     
  -1.02247784346541     
 -0.978765376593497     
 -0.443860120948574     
  -2.04381554422473     
  0.282809221240842     
   3.47188151538445     
 -0.420736829443705     
  -1.07374341458225     
  0.287117542776008     
 -0.653667995035393     
 -3.172039780570195E-002
  1.434766185344205E-002
   2.47056200483466     
 -8.041095729515148E-003
   1.14678194986301     
  0.260164541748548     
   1.63732168362767     
 -0.767624524934193     
  -1.08814335279438     
   2.11323884419387     
  0.256691827037559     
  0.246513837698426     
 -0.365593617544846     
  -1.98915008306541     
 -0.220377540068111     
 -6.600949703423761E-002
  0.304166614873429     
 -0.855884455774245     
  -1.88406507271129     
 -0.772599696952844     
 -0.374392137622352     
  0.779963531977740     
  0.726213122057494     
   1.79614579831032     
  0.287018787619856     
 -0.351225715800518     
  -2.65585136665046     
   1.07089906219463     
 -0.514866707106215     
 -0.679231085692253     
  -2.18258856155380     
  0.302372864093304     
  0.176734082960062     
 -7.858222998374230E-002
  0.266102114231066     
  -1.56540466566576     
  0.411376030507128     
  0.759252111886619     
 -0.111415134451234     
  -1.41706792109122     
 -0.117757033327873     
  0.313404477833320     
   1.37528150536784     
  5.531071910384527E-003
  -1.00404971352272     
 -0.478894512459964     
   1.64481761282121     
 -0.875302858125932     
  0.364860642735564     
  0.722798064185690     
 -0.612081401139304     
  0.283640267345604     
 -0.293388105439165     
 -0.374125378526570     
   1.01561785903300     
  0.921674668815401     
 -0.223931358320396     
   1.48833676271885     
 -0.935027079808139     
  3.926200875735256E-002
   2.54300461557655     
  -2.07071562971254     
   1.48918805324477     
 -0.294343021338101     
  0.272680721186221     
 -0.744751367509173     
 -0.672878894877818     
  -1.04256827274605     
 -0.168963091519793     
  -1.58856974032139     
  -1.78525940148368     
  -1.47557376091745     
   1.82520973173148     
  0.332694303916032     
 -6.243209477565000E-002
  0.487587435407952     
   1.05651379677889     
  0.355805211105659     
  0.894828486247766     
 -0.886386043238185     
  0.681154751218033     
 -0.385753978158149     
  0.175080527412425     
  0.463573288782614     
  0.796744702637654     
  0.307216778320181     
 -0.357831012018599     
  0.574577146665562     
 -0.748176409383038     
  0.113610170613544     
 -0.368180742545045     
   1.26252106895386     
  0.635711987034871     
 -0.736449433329207     
  4.474694983336058E-002
 -0.505043319367968     
 -0.307526581218158     
   1.61343486051136     
   1.94244427915287     
 -0.213660082808217     
  0.821316527753307     
  2.363168148239217E-002
 -0.312860443384587     
 -0.506457254439120     
 -7.660006840343665E-002
   1.10780740956945     
  -2.08089494838224     
 -0.174561306339663     
 -0.750119403709535     
   1.65746803190325     
   2.61329821564519     
  -2.20133946600160     
   1.42290769359565     
  -1.13916497607296     
  0.365027853144713     
   1.25313272695653     
   3.08292604053282     
 -0.157436635320899     
  -2.44754076655851     
  0.156091050769150     
  0.151617012470667     
 -0.751277155927731     
 -0.289260380614084     
  4.086119352625198E-002
  -1.00568531530822     
 -0.144171740851268     
   1.24308409479892     
  -2.86745957552369     
  0.301428605444877     
   2.72328805716838     
 -0.526852769902601     
  -1.28052769929481     
 -0.841600368702684     
   1.33099688817557     
   2.02619225482756     
  -1.86054191727648     
 -0.185895248449874     
   1.18778422848741     
 -0.238127444392051     
  0.216338613196971     
  -1.22062412416243     
  -2.62650597188999     
  -1.37447152854243     
  -1.12952955246182     
   3.05334338960956     
  -1.20632681951241     
  0.509528659611819     
 -3.090206413019366E-002
   1.08300003450576     
  -2.55650903759094     
 -0.336899097934204     
   1.11318446232683     
 -0.195907711908629     
  0.511154007056639     
  7.398446487568726E-002
  0.633103210702991     
 -0.454030672261187     
  -1.00118559129097     
 -0.134628217038041     
 -0.929282156986080     
  -1.49796081211853     
 -0.614271340034956     
   1.42841390311403     
  -1.20830526519301     
   1.64749919035566     
   1.02648755295856     
   1.14533291781474     
  0.511097518457185     
 -0.176004378990396     
  0.929481068924376     
 -0.206391016212536     
  0.187503700026918     
 -0.584879082231925     
  0.747014028654977     
  -1.14255761683294     
  0.135436410118625     
   1.04646681796871     
  0.787763416255122     
  -1.01313447344011     
  0.909921110663341     
 -0.794920464601191     
  0.873602144547546     
 -0.376081524269242     
   1.05091570350084     
  0.219040782998472     
 -0.472074153863573     
  0.539696824703101     
 -0.454332259168406     
  0.643630176206256     
 -0.224708585644295     
   1.14149336772729     
  0.582859078804581     
  0.148629200118651     
 -0.316855854204649     
  0.398283538211399     
  0.545877931501592     
  0.529624425628391     
  0.803139229996512     
   1.27422201198981     
  3.079922471985223E-002
 -0.218281113063430     
  0.625168357322179     
  0.204270166743469     
  0.149612946585755     
  -1.07061896460852     
 -0.501322262674196     
  0.721112804887434     
  -2.88329605197714     
   1.33774279221535     
 -0.628047065997983     
  -2.12597770999896     
  0.484867937655138     
 -0.516491586738504     
 -0.236490875298454     
 -0.320307703239005     
  -2.04749147221333     
 -0.827437918370871     
  -1.27333475535680     
  0.682643663510795     
  0.109975141325869     
 -0.851650418955679     
  0.127654906339510     
  -3.13978126730171     
  -1.36103450696958     
  0.385884130412696     
 -0.355734275097134     
   1.26381796475412     
  -1.30467223298578     
  0.245052574364533     
  2.615689895074706E-003
 -0.216162623502323     
 -0.204525531455156     
   1.56074659760762     
  -2.64340429513121     
 -0.271763741968571     
  4.730447976114438E-002
 -0.364584051686496     
   1.60677557594713     
 -0.326408984303053     
  0.485032230135737     
   3.97809691266087     
   1.89211774971382     
 -0.724793303966462     
  0.464901332920157     
  -1.07376112888779     
  -1.30848572471759     
  -1.09786694534354     
  -2.19992108106737     
  0.319485713269391     
 -0.726250045937655     
 -0.506023427609846     
 -0.366454373744982     
   1.56593218467104     
 -5.305147494046644E-002
  0.125754965033944     
 -0.204314694396496     
   1.21371762742970     
 -0.284735939108532     
  -1.99624136323974     
   1.41026203619676     
 -0.728870361916917     
   1.20278290673579     
  0.336823849546102     
  5.860894282307155E-002
 -0.689228270048167     
 -0.348213289241290     
  0.147127257871125     
  0.452661356937329     
   1.02295760044253     
 -6.487104433855372E-002
  0.520153321132261     
 -0.161060345726099     
  0.772432622411179     
  0.636230133375539     
   1.62967238339683     
 -0.420145254341374     
  0.416054604891228     
  0.145545183327392     
  0.172122537474869     
  8.575806301735005E-002
 -0.287362521776061     
  0.822557753425415     
 -0.537272813131409     
  9.319455182200537E-002
 -0.870110000193777     
 -0.207761209850869     
  0.346628678406412     
  -1.59668472088112     
  0.680999745274077     
 -0.576466215819518     
  0.900637808342480     
 -2.532998073926005E-002
 -0.701268866569220     
 -0.520875406630046     
  -2.13058699622474     
  0.270536239595183     
 -6.904674056375562E-002
 -0.457071265201046     
  0.635581216317796     
 -0.837898648872424     
   1.38965893099287     
  0.932655087577572     
 -0.520998075051188     
  0.305594817835449     
  0.323509223252579     
   1.09916868100654     
   1.31992338176812     
   1.98419098952782     
  -1.02778873020784     
 -0.916456703351849     
  0.188651458966443     
  0.138688356748300     
 -0.540554092001176     
 -0.474299545993729     
  0.280860668176564     
  0.139456132176751     
   1.22218315315725     
 -0.277308846747115     
  0.278263695815712     
 -0.442350145891503     
  0.279572033818538     
 -0.525187161780553     
  0.728983536831711     
 -0.947991993963676     
  9.621754588406485E-002
  -1.18123308447463     
   1.33935901116706     
 -0.991853909537464     
  0.679753503964664     
 -0.308615679512180     
 -0.163451191019592     
  0.309143785582684     
  -1.08256408158179     
 -0.352062974653577     
   2.06388075303833     
 -0.903820662081308     
 -0.852544308962543     
  -2.54928781499807     
  -1.67217525073468     
  0.930256407969110     
  -1.11419732962051     
   1.31079353927129     
 -0.595510370088776     
  0.105369871529804     
  0.379929585723928     
 -0.195086163371985     
  0.470177564544490     
  0.847050305967242     
 -0.372963383261657     
  0.134463740745589     
  4.982761637633469E-002
  0.585966080644634     
 -0.491379044460707     
  0.253022579790879     
  0.666237520074626     
  -1.65341463438236     
 -0.527383963820536     
  0.678227975743684     
  0.183984642487371     
  0.257016909916223     
  -1.02302575426042     
 -1.501267509544664E-002
 -7.313730939853418E-002
 -0.190792328515893     
 -0.443814564782339     
 -2.771974152785758E-002
 -0.415611711793328     
  -1.31600132879197     
 -5.122641012048795E-002
 -0.272975861825122     
   1.10193575361228     
 -0.446913778420416     
  0.488433462766188     
  3.205659219827479E-002
 -0.490000594238637     
  0.538556338517474     
  0.880528150448433     
 -0.559823186201008     
  3.062374376849972E-002
 -3.292326518515579E-002
  0.172874727151278     
  6.430507180842965E-002
 -0.408063311659958     
  0.215301486326940     
  0.685732907805763     
 -0.253753242228244     
   1.82847712569121     
  -1.01464830938609     
  -1.64343029552539     
 -9.258304710402036E-002
 -2.922032560762609E-002
  0.341049792158378     
 -0.392338196317041     
 -0.200657296749382     
   2.33026842804156     
  0.308194475916614     
 -0.996944539732047     
  0.318829438337136     
 -0.206734882476841     
 -0.640939514108198     
  -1.05548197186218     
 -4.661150669249449E-002
 -0.440632082036314     
   1.32355062815603     
  0.606200426040955     
  0.959103144943593     
  -1.04409938459675     
   1.07936460107003     
  0.517360737325540     
  -1.89167772791102     
 -0.141429928056776     
  0.107619345492235     
  0.953401754987482     
 -0.959049350578779     
  -1.90882008827476     
   1.89516492711504     
   1.01385651368201     
 -0.770791679345266     
  0.712289922035119     
  0.309622940842944     
 -0.860109262454548     
 -0.877505116092028     
 -0.677681993758273     
  -1.93873878708317     
   2.26657256288332     
  -1.09273389452549     
  0.438208865501438     
 -0.663509508529752     
   1.22079479548907     
 -0.207088352371209     
  0.298369721387914     
  0.550266708266162     
 -0.739692994319368     
 -0.116638664625561     
  0.617560680455097     
 -0.404365977028847     
  -1.59336668672748     
  0.290032152188384     
  -2.47798529149072     
  0.518715611954307     
 -0.495754279305231     
 -4.046929072151564E-002
  0.908809469823207     
   1.35952315949076     
 -2.518597479646936E-002
   2.31515152591221     
 -0.996832432185716     
   1.76466317644099     
  -3.10720899098677     
 -0.135381603305427     
  -2.20729629573946     
  0.533784135699339     
  -1.37777381486147     
  -1.24639810648568     
 -0.129517571770288     
 -0.192056938626996     
  0.151122687791982     
  0.127517245592121     
  0.852027239468819     
  7.765271135580290E-002
  0.532522498826318     
  -2.35678904161924     
  0.257813714614410     
  -1.10752697227264     
 -0.167778088272691     
  -1.21470153686358     
   2.20958579344323     
  0.208277050946192     
   1.26817093016983     
  -1.53029227173112     
   1.17323407459406     
  -2.03275170365147     
  0.659422563063706     
 -0.626048472146959     
  -1.35402575915003     
 -0.589192238745623     
 -0.378034904104419     
  -2.77373581028487     
  0.325325640065472     
   1.06038254605593     
  0.542641512397464     
   2.24628891270743     
   1.64633705508559     
 -0.520866900710352     
   1.64925013402927     
  0.733532877177047     
 -0.172899110758969     
   1.07367936160481     
 -0.358673677433537     
  0.330586432946914     
  0.192289364227854     
  0.871853187185732     
  0.961402572884812     
 -0.705956095957894     
  0.776666574613719     
 -0.591578959879057     
 -0.566302155051055     
  0.287384611478896     
  -1.57460456232572     
  0.596608211865783     
  -1.07401112453312     
 -0.474020078821772     
  -1.93715389769957     
  0.268621512062212     
  0.426972245703789     
  0.418960743157177     
 -0.349778994530277     
 -0.476438246051825     
   1.34162301359206     
 -0.168056162057293     
  0.166376108856506     
  -1.45554571794890     
  0.261094876926645     
  -1.51717647505915     
  -1.83630777453942     
  0.197565695677672     
  0.807581350596035     
  -2.61685934846040     
   1.23662163890730     
  9.920157531005294E-003
 -0.264270669877490     
 -0.481859937713716     
 -0.162404807499858     
 -0.114242422261832     
 -0.155742847056040     
  0.322137064036578     
  -1.56676997753661     
  0.463987282521844     
   1.03256839161806     
  0.948138505468595     
 
  0.685015441902780     
  -1.54397691450288     
   1.57400403705157     
 -0.390067315768718     
  0.502889336389027     
  0.601390240055075     
 -0.591383486714047     
  0.935890868614767     
  -1.74848691704644     
  0.761473575428693     
 -0.434630839784316     
  0.478440704749023     
 -0.114161212052307     
  -1.70656784525879     
  -1.79429315652140     
  6.599321018036981E-002
   2.84926893516167     
 -0.640671237740504     
 -0.535960890207983     
   1.07971607769076     
  -1.27437234044185     
   2.25640537461621     
  -1.67784378112744     
  0.698617895154407     
   1.23924527258199     
   1.51790515989126     
  -2.42270899722829     
  0.640302583629264     
   2.24027394947694     
  0.759462849234739     
 
 -0.889593188311195     
 -0.193501073953224     
 -0.515627404067075     
  -1.02718603724804     
 -0.857684103904947     
  -1.19912062838025     
  6.040759375872566E-002
  0.531256758018669     
 -0.629901028716226     
   2.06052182012322     
 -4.188613208794085E-002
  0.640033971479232     
 -0.497230041838850     
 -0.775275079368876     
  0.311902816408515     
  0.432278857676723     
  0.447522272326896     
 -7.661861751466949E-002
   1.37272484247398     
  -1.78891586000003     
 -0.542291492481985     
  0.660846743910444     
 -0.872131303719611     
  0.294086628163747     
  -1.76009030462189     
   1.06601663571563     
 -0.740793989058360     
  0.944466102732382     
 -0.267365182436255     
   1.36296031676270     
 -0.316654232860227     
  4.731284695015721E-002
  3.783899750418153E-002
  0.614877556483496     
 -0.122104445635325     
 -0.125948740165591     
 -0.120244323808145     
  0.595191602467173     
 -0.172979807707459     
 -0.127106842483898     
 -0.267339176179733     
 -6.509360396140382E-002
 -0.416393944401996     
   1.46530765036715     
 -0.940781102382757     
 -0.290712639243044     
 -3.593714126971334E-002
 -0.192952301174885     
  0.649828387867627     
   1.55294269846482     
  -1.36652592337536     
 -0.623462564861154     
 -0.890600365099196     
  0.917464800085506     
  -1.79817323773444     
  0.502178132994273     
  0.564873990078382     
 -0.304047410670904     
 -2.493986639953112E-002
 -0.570743971775522     
 -0.201118720892262     
  0.687360910455516     
   2.01809268042623     
 -0.382296503382088     
 -0.572575810704881     
  0.238588560797725     
 -0.467663249849391     
 -0.880572789703792     
 -0.473421994277784     
  0.425239243480278     
 -0.302283020280580     
  0.366913601554261     
 -0.670494434031458     
 -0.333783112138083     
   1.33581299146819     
 -0.130345089573244     
  0.556924623936519     
  0.664051519931498     
 -0.991532039602264     
   1.12693049123719     
  4.853557100909113E-002
  2.134605569607592E-003
  -1.20169640451923     
 -0.612163991286682     
  0.370550202136813     
 -0.206365003316245     
 -0.751234938970209     
 -0.493478894509209     
  0.323042654050195     
 -0.481402810689728     
  0.299047947838253     
 -0.312788389855932     
  0.703009541497033     
  0.167831806197343     
 -0.288458569741321     
  3.172975762486559E-002
 -0.422748105913338     
  0.498027309536094     
   1.25249251763417     
 -0.274673775863808     
 -0.668454544659611     
  0.737682191137177     
  0.697196682034115     
  0.526567439022192     
   1.11098193106071     
  0.513534182746670     
 -0.348557807786250     
  0.723530920922189     
 -0.453853624416607     
  9.913400169508728E-003
  -1.02331256727449     
 -5.452869958567128E-002
  0.679769052807897     
 -0.592200994730747     
 -0.293845776640888     
  0.357550352996849     
  -2.57314076691973     
  -1.08167394801490     
  -1.02382208491475     
   2.09608522489842     
  0.340216923816259     
 -0.249350030062228     
 -1.479770560970757E-002
  0.724129781863410     
  0.489965693347400     
  0.303368645275877     
 -0.145796896715780     
 -0.274621924942157     
  0.358703258513553     
 -5.305237976376151E-002
  0.362733913267382     
  5.867267139743080E-002
  0.288616293744831     
  0.292063403531025     
 -0.326890847025711     
  0.534001397533387     
  0.175828804703985     
 -0.516707326106048     
  0.270032533036100     
  0.369899562374810     
 -0.562243573986712     
 -0.167880163547138     
   1.17937315202294     
  0.105986131613678     
  -1.66160138091002     
  5.282134715740883E-002
 -0.704888053414534     
  0.351630281912281     
 -0.102406545658280     
  0.460686894093110     
  -2.46214348731745     
 -0.170964848530290     
 -3.060354078048921E-002
 -0.523094568709353     
  0.526096147331592     
 -0.365449739166818     
  0.164400362948340     
 -0.879958789465390     
 -0.842897096109559     
 -0.529474605865612     
   2.10022345570467     
 -0.195494395343950     
 -0.424149425954780     
 -0.426776169816581     
  0.927862777239249     
  0.452197363422505     
 -0.540074656831647     
 -0.239579620536942     
  -1.19485938599809     
 -7.740810020551175E-002
  0.198145565298452     
 -0.611753941624795     
  0.453135759272024     
  -1.36984144527651     
   1.30353613749350     
 -8.924896546001621E-002
 -0.366534387198768     
 -0.478161127030364     
 -0.776462490668322     
 -0.341513400831097     
  8.872620731315278E-002
  0.806710160492458     
 -0.346908455435924     
  -1.35438445311660     
 -0.525342318790821     
  0.704010473561927     
 -0.972925646714034     
 -0.677806333271361     
  -1.38659735807861     
  0.335212775189878     
  -1.72834181146418     
  0.432276662635723     
  -2.56231972203395     
 -8.402706213140859E-002
  -1.51429518542174     
 -0.532321237942518     
  0.819518495497571     
  -1.89028741436665     
  0.551435915942409     
  0.571655561235996     
  0.598750915527753     
  0.843760472813766     
  0.885226238642954     
  0.196611151236871     
 -0.478256433143063     
 -0.451281934870326     
 -0.199332915406489     
  0.721286911962173     
 -0.580076792568552     
  0.143551481334978     
 -0.276131867317604     
   1.74192483632395     
  0.863124394628722     
  0.654939715667627     
  0.474999738995289     
 -0.486437990993345     
  0.510500195628189     
 -0.855949110261085     
  -1.60624006254768     
 -0.931854094352129     
  0.249610584563778     
 -0.838608837000883     
  0.304639590204641     
   1.82021017990800     
  0.420296606068001     
   1.62225837570258     
 -0.239912859056420     
   1.30324403508718     
  0.507421028146429     
 -0.294242877852971     
 -0.558198817525146     
  0.149588015846898     
  0.125057453779115     
 -2.895996126674190E-002
 -0.706609468560427     
   1.22586035262622     
   1.57594519390830     
 -0.652444760989345     
 -0.308149487055175     
 -2.948560811868183E-002
 -0.229077194980629     
  0.125054740457416     
  -1.65438524774075     
  0.301558876331274     
 -0.107770429165003     
 -0.394448986749291     
  0.182462956031950     
  9.402042641815783E-002
  0.436711596999544     
  0.208230033315225     
   1.31036255748865     
 -0.282610486161919     
  0.768305089760160     
  0.388358688939826     
 -0.492353966761129     
 -0.764403603307132     
  7.030181419923301E-002
  8.876355614400672E-003
 -0.955702795087223     
 -0.651930856830055     
 -0.363686742273802     
 -0.262967547821738     
  2.202075581618898E-002
 -0.207478414501826     
  0.546092970750922     
 -1.592927156630443E-002
  -1.62871884892453     
  0.233410137469400     
  -1.19200705383861     
  0.831957277039620     
 -0.630241803520143     
  0.747274405367108     
  0.222430625137339     
 -0.911120947777150     
  -1.85508846291534     
 -0.361460758745714     
 -0.782641951670723     
  0.726536085511391     
   1.46748650572855     
  0.636809979527080     
 -0.217226513655757     
  0.658582589404268     
 -0.277511626184390     
 -6.710565922489770E-002
 -0.111339222014201     
  3.251388316544547E-002
  0.863674314580372     
  0.422291825521340     
 -3.635157360271182E-002
 -0.666528686247011     
  0.284502143560505     
 -0.567972385983375     
 -0.442672389362818     
   1.36025391502652     
  -1.05385994126524     
 -0.200111669758643     
 -0.346554760957097     
 -0.506173208704494     
  0.986838222751762     
 -0.847621968375900     
  -1.47853659978694     
  0.340675543044560     
 -0.865597669530807     
  -1.30429080245011     
 -0.685836071893210     
 -0.881592344101874     
 -0.779722996003345     
 -0.561157129880488     
 -8.195036674052888E-002
  0.825127350133793     
  0.223671587455386     
  0.347149809982393     
 -0.881725560085424     
 -0.129985426912017     
  0.180487474460302     
 -0.706541335236226     
 -0.121036625703096     
  0.432454142083622     
   1.36737920666456     
  -1.27149406520662     
  6.903642023703126E-002
  0.207180105698250     
 -0.483998943214068     
 -0.721858064461644     
  0.598875699828211     
 -5.706585095143733E-002
  0.547086915628217     
  0.207274042210479     
 -0.429440296120188     
  -1.08706274480658     
  5.886805822030122E-002
 -0.605463167807012     
  0.287357546435022     
 -0.764768469151600     
  0.782572784901364     
   2.01465385258933     
  -1.56056772494056     
  -1.23601301663195     
  9.641323330872344E-003
 -0.302530046797042     
 -0.317471996299065     
 -0.887685313939287     
 -0.740909996045603     
  0.687941145361534     
 -4.536661672425431E-002
   1.22254668926847     
  0.557020779928080     
  0.559717058344846     
 -0.997519018783989     
 -0.319449375645743     
 -0.255062267813571     
 -0.829090267321347     
  0.168798572822367     
 -0.206975277265906     
 -9.314690050741316E-002
  0.354368332615746     
  0.313559507186890     
 -0.774656754236342     
  4.837496627276474E-003
  0.190364104543077     
 -0.192457351356095     
 -0.241527057375737     
   1.28630632416372     
  2.110138119383629E-002
  0.514263081769436     
 -0.707880679944576     
 -0.108112860584828     
 -0.649734874385745     
 -0.611420783226983     
 -0.356186965322609     
 -0.153795120436425     
 -0.105504316226418     
 -0.318278690835609     
 -0.347818230988792     
  0.161406065353700     
 -0.533265757195797     
  0.446081565123534     
 -0.818624081617981     
 -7.698588824617714E-002
  0.111813291932697     
  0.294803185232128     
 -0.283285864281948     
  0.923469651985206     
 -8.187036597699143E-002
   2.09503195590018     
  0.266318632748607     
  0.480464222911808     
  4.072467729759717E-002
 -9.201331746828950E-002
 -0.140079450087482     
 -0.213931099260384     
  5.369596192536361E-002
  -1.15895667776153     
  4.557922449183889E-002
 -0.581903427211710     
  0.628662333406476     
  0.161651655532432     
  0.796027089395161     
  0.400850754045573     
  0.401778201134078     
  -2.80709910590920     
 -1.589087876543059E-002
  0.284473301746989     
   1.40808543220706     
  0.156387488884189     
 -0.445348472123176     
 -0.366553507810068     
  0.566651836698734     
  9.934553187769427E-002
 -0.512111506981555     
 -0.337633207368204     
  8.129324537534754E-002
 -0.123470955735048     
  0.331441520533328     
  0.596936886850970     
 -0.208487301525358     
 -0.220768977979603     
  0.269370279980247     
  0.145830891572963     
  0.539299733966964     
 -0.978898335531407     
 -0.798515503242522     
  1.810543086976067E-003
 -0.450571258126938     
 -0.833282332588945     
  2.275692997496605E-002
  0.347426771913384     
  0.645751817060337     
 -0.564941632453197     
 -0.583802787413555     
  0.968099036817090     
   1.42154586406729     
 -0.674110898203347     
 -0.422503833971291     
  7.068870069798405E-002
  -1.46083797655177     
  0.995761735365839     
  0.146152741331223     
  0.946165879642904     
  0.609000814610903     
  0.353107338489400     
  0.118026632482410     
 -0.645428780591526     
 -0.114153180924866     
   1.39968624108192     
 -0.721416922823060     
  0.545678618448432     
  0.705938950609274     
 -0.474063848866959     
  0.781288089667907     
  -1.00360603049492     
  0.898441253806871     
  0.118537778046204     
 -0.820418589550204     
  0.390932214824800     
   1.07761143879927     
 -0.779080509804088     
  -1.89310080322845     
 -0.133888632646285     
 -0.298800372161053     
  -3.04224715609518     
  0.563546094977730     
  0.257527581894922     
  0.113357192354912     
 -0.330505457526747     
   1.26955304568985     
 -2.849639888137577E-002
  0.431367803342705     
  0.700164307772298     
  0.384253859310226     
 -0.408147138684814     
 -0.119941548042954     
   1.18516565681758     
   1.10758314081953     
   1.01099395668907     
 -0.338829583433716     
 -0.218589939687675     
 -0.387290111287060     
   1.49878052536693     
   1.86127058334421     
  -1.40493476606555     
   1.48056910386480     
  -1.50584232279081     
  0.732748862627178     
 -0.574295062747936     
  -1.23101944928939     
  0.925220214006326     
 -0.293697878421042     
   2.39172397791213     
  -1.85014145909703     
 -0.963391359064133     
   1.69374425816461     
  0.188503784022027     
 -0.271487901406422     
   1.09445523005960     
  0.498262336914046     
  0.413309637018438     
  0.523441736949517     
 -0.904296272031613     
  0.298922706669284     
 -0.191977941013789     
  0.325136615476324     
 -0.436465845606334     
  -2.39848384220336     
  -2.32520360316658     
  0.407021417064607     
   1.65227002928190     
 -0.639929019643529     
  0.480984993858153     
   1.64283585937532     
 -0.264823646753056     
  0.335091893547165     
 -0.474551495013467     
 -0.345498693101503     
  -1.05388343290769     
  0.118763126923653     
 -0.238550318098166     
 -0.758347743939737     
  1.886743360928186E-002
 -0.459707084180781     
 -0.210700132792377     
 -0.807610423827855     
 -0.213956778089952     
  0.899760652289754     
 -0.916738375676983     
 -0.215440901894152     
  0.784140502761578     
 -3.071838732512520E-002
  0.828545309890950     
 -0.984942100934792     
 -0.275099067140756     
 -0.141564339465749     
  -1.40749059199291     
 -0.998780743500755     
   2.19005825993915     
  0.190140657112365     
   1.67970961101765     
  0.833596350902601     
  -1.25445530596475     
   1.15374278878683     
 -0.646724291380235     
 -0.370802617086002     
   1.35192987245004     
  0.213484508643599     
 -0.648474676908079     
  0.667470118611251     
  0.515651049394891     
  0.276186051340382     
 -0.683641135272671     
 -0.533618940736971     
   1.02130802882123     
   1.11289418551582     
  0.359136503086158     
 -0.690013473484539     
 -0.369686737195147     
 -9.245260922044546E-002
 -0.602348104656796     
  -1.59181131765764     
 -0.500011371357582     
 -0.316026814562123     
  0.699208361972982     
  0.476494600090132     
  0.220559488802541     
   1.03998775138397     
   2.05868180939235     
 -9.877562012795846E-002
 -0.382062482736979     
  0.301968238509787     
  0.765029433910206     
  0.247702657825816     
 -0.549149044436350     
 -0.555558979659200     
  0.976737717974686     
  0.244811321324021     
  0.779342258590196     
   1.20334422625575     
 -0.106879996827554     
  0.256394748476439     
 -0.359743501548894     
  0.624141104587533     
  -2.25498446219780     
 -0.230031257999897     
  -1.54097495275373     
 -0.697193489379692     
  -1.07533510390453     
 -0.667073532370994     
  0.457454661802687     
   1.00625447857954     
  -1.92493655265026     
 -0.412113908475347     
 -0.329176263331519     
  9.807857239520404E-002
  6.703052366361580E-002
 -0.105927818412159     
  0.523105198621924     
 -5.722219797011666E-003
   2.20077333169988     
  0.681055764070942     
 -6.671311989053472E-002
  -2.15730138468091     
 -0.583036844759105     
 -0.137441943779129     
  0.919817493764802     
 -0.625160320050218     
 -0.569820064638248     
 -0.235659722097206     
 -4.421656496757401E-002
 -0.277930917263811     
 -0.437647670663803     
  0.327367913604068     
  0.859852060984951     
  0.579957972803153     
 -0.740070040514394     
 -7.123676171446776E-002
  0.667054523488087     
 -0.936281162895632     
 -0.197770108455445     
  4.769378964953860E-002
 -0.119380790919955     
  0.767730346520531     
  0.979854507917863     
  5.343276344063442E-003
  -1.33930806411124     
 -0.448544195261644     
 -0.697855511996657     
  0.328421529171495     
 -0.252868946617787     
 -0.605465718248782     
  0.830080017514610     
 -0.401566999146759     
   2.14862870091311     
  -1.52713193784612     
  5.545795937007397E-002
   1.24215480278197     
  0.139462786256092     
 -0.647016755080457     
 -0.393540458133830     
  0.418317742014371     
 -0.164293740684945     
  -1.28063748086928     
 -0.482280271695561     
  0.900571383653527     
 -0.209289501282614     
  -1.61797035186222     
  -1.05346918846320     
  0.231945959949484     
 -7.380819262774883E-002
  -1.54521815429341     
  -1.94927034493462     
 -0.567022969035497     
   1.67995073113682     
  -2.04405303004924     
 -0.224781266317183     
  0.324763057360712     
 -0.755069294995471     
   2.14282328211669     
  -2.41888460645729     
  0.438263227875120     
  7.633071146540570E-002
 -0.350197726326721     
 -0.194056800795658     
  0.204938009830010     
   1.96415739269743     
 -0.702580961889813     
 -0.352679166736335     
  0.729450600515460     
 -0.604835160993798     
 -0.651027228365357     
  0.532886415825055     
   1.58608172465628     
 -0.368349592748786     
 -0.439705188039242     
 -6.980512924143910E-002
 -4.279985658453596E-002
   1.13689418197856     
  -1.41518902729596     
  0.564026800080576     
   1.23651879831183     
  -1.10512037931043     
   1.11472854217105     
  5.376748762670686E-002
  1.576644889149988E-002
 -0.737177916365568     
 -0.316239537132499     
  0.311263449236037     
 -0.160729971532576     
 -0.892096996342171     
  8.812911103468204E-002
 -4.182887154406572E-002
 -1.843227288419895E-002
  -1.19223768453783     
  0.700247293272439     
 -0.716402241028616     
  5.235027086728117E-002
  0.320887403550443     
 -0.112136088898704     
  0.328820299127979     
 -5.557146735939919E-002
  0.498099438553657     
  0.458828503384268     
 -0.195051720867456     
  0.141281684318146     
   1.11962970626178     
 -0.284753366178717     
  0.272210144801540     
 -0.671651811410944     
 -0.984226443741407     
  4.328333260530633E-002
 -0.288994518564569     
  0.907880516381644     
  0.699950328321729     
  0.184164306584355     
  0.571359200404912     
 -0.513624214010943     
  0.750528961538209     
  0.306794575923961     
 -0.158002216265681     
 -0.820842601055722     
  0.968929844294753     
  0.198351495629793     
  -1.19936609431812     
  0.525491066885338     
  -1.97026341104284     
  1.448333606652511E-002
 -0.498331268032000     
 -0.319694413700439     
  9.748971820806981E-002
 -0.266887217998199     
  0.469228901816044     
  0.556492757749128     
 -0.552756946527886     
  -1.40261962866588     
  7.232450949475108E-002
  0.275309581398986     
 -0.272102213363530     
  0.541566737253963     
 -4.213142475101014E-002
 -0.278967564265941     
   1.00478587656216     
 -0.408447521829272     
 -0.452722197285592     
 -0.333902610023556     
  -1.37164651121672     
   1.30165034756449     
 -0.200323055266934     
  0.627150510945251     
 -0.560108895591743     
 -9.938682579042619E-002
  0.347499977280821     
  0.662878641805116     
   1.23302267456546     
  -1.22110013850530     
  0.168790634271509     
 -0.453283633691552     
  0.102525023757723     
  0.433897832414302     
 -0.141140885430894     
   1.08332548197755     
 -0.664700231898434     
  0.236790638927505     
  0.367963117790849     
  -1.24996628114613     
 -1.846478621441368E-002
   1.13631431203161     
 -0.146433427556578     
  0.196361771222833     
 -9.420465317902212E-002
 -0.563534698614572     
 -8.215584768289809E-002
 -0.640564558833241     
 -0.123310805141831     
 -2.174166212043653E-002
  0.320588333751129     
 -0.126918764617356     
  -1.77840439434189     
  0.253067036391700     
  -1.85277348671169     
  0.131966002752335     
  0.377215041693296     
  0.699548030404019     
  -1.65222649407694     
  0.560104457747585     
  -2.31852349676736     
  0.620239686864065     
  -1.07327369965526     
 -0.554683631610121     
 -0.590558541731275     
   1.31140308807141     
  1.239504365398500E-002
   1.41737783511805     
  0.488583409561554     
   1.40331587671744     
  0.319323526301513     
 -0.614021378755141     
  0.680179658320167     
 -0.444072417742588     
  0.636131190273394     
   1.71309026140772     
  -1.85727519731227     
  0.190573954620060     
  0.600149242975746     
   1.13762223109850     
  0.186627854595496     
 -0.561173792392974     
  -1.77046878056370     
 -0.568076114459837     
   1.34399000212993     
  0.316806583311607     
  4.644643928061210E-002
 -0.994749714247403     
 -0.833230459319520     
  0.347845989941206     
 -0.902093945504073     
 -0.525425912726705     
 -0.285514645248911     
   1.01854019718478     
 -0.814607135039307     
  0.870702555653030     
 -0.399544728243374     
 -0.796911053752800     
  0.369815073941408     
  0.376767283687011     
  0.388994243887234     
   1.11327573580402     
  0.724890138576773     
 -0.211500841308669     
 -0.164452960488161     
  0.188181197414423     
  -1.16286200951374     
 -2.488475750644283E-002
  5.357651123435624E-002
  0.588962510869117     
  0.135614404882694     
 -8.661044541247127E-002
  0.957180585296389     
  0.705251900777221     
 -0.398342506003288     
 -0.419968929878321     
  0.412779147239645     
  0.516007761353911     
  0.290768633834687     
 -0.884349138500363     
  0.202659553368029     
  0.686459597533163     
  0.404473875427103     
  0.443574762926967     
  0.579013309473033     
   1.84216840862912     
 -0.411897356296603     
 -0.813996355226941     
  0.235987852183292     
   1.01102380891027     
  4.679241753969150E-002
 -0.434291538366657     
  0.777263216714813     
 -0.636538464253270     
  0.853882909736743     
  0.713040405451677     
 -0.476420467449931     
  0.995210954128556     
 -0.129679490946895     
  0.192894746547626     
   1.73279177602314     
  8.099026912723216E-002
  0.662002937994028     
 -0.364049431239974     
 -0.239147714985074     
 -0.307028973277740     
   1.68517061040796     
  0.238120573799127     
  0.662586049949208     
  1.818030679538803E-002
   1.01872589978371     
 -0.748216479029912     
  0.431450176639260     
  -1.01025198805191     
 -0.404788817547250     
  9.302356081351960E-002
  0.215180047786593     
   2.17706717426200     
  7.545519722327431E-004
   1.63340641900837     
 -0.703530213249862     
 -0.352967810292881     
  0.105910002040248     
  -1.61995463026169     
 -6.484744080212101E-002
   1.18867100258876     
  0.914239425099630     
 -0.541905707208880     
 -0.554237371218085     
  0.749841035887345     
 -0.369425062249579     
 -0.641909434981004     
   1.51754666554360     
 -0.259907431582717     
  4.074749839178746E-003
 -0.970745292541451     
  0.446773810651666     
  0.712699566570909     
 
   1.29065912394387     
   1.01543680891125     
 -0.138287871369821     
 -0.654809353709481     
 -0.605266891715264     
 -4.538208626091342E-002
   1.00326638469960     
 -0.670243598746108     
  0.622323283815905     
   1.28334156439199     
 -0.575823185166457     
  -1.43008427644183     
  0.847227344711220     
  -1.99700002135545     
 -5.059965943819970E-002
   1.21700570361583     
 -0.448658462588190     
  0.920466598332822     
  0.622062256939485     
 -0.757495484546304     
  0.662253481058234     
  3.418942242710935E-002
  -1.25836521286952     
  0.171166219700491     
  0.542574459967383     
  -1.24283016000481     
  6.997684209474407E-002
  0.125397653386303     
  9.677172169558496E-002
   1.12045725430715     
 
 -3.069672151359345E-002
  7.313675483843690E-002
 -7.269186339613334E-002
 -2.114067396717050E-002
 -0.189367854465981     
  4.677558739448564E-002
 -1.167580038345481E-002
 -1.839951740320128E-002
 -0.155654593514616     
  3.253176160661127E-002
 -2.497417007421785E-002
 -5.989131790214033E-002
  0.211979148411340     
  0.122929633809022     
 -2.718607045623536E-002
  1.628405962391664E-002
  2.662095748583192E-002
  5.280716490451300E-002
  9.139176343496193E-002
  5.485173640472794E-002
 -0.121213198576585     
 -2.102363485470653E-002
  6.477305188598011E-002
 -5.639067013784851E-002
 -9.842774291804998E-002
 -7.941730828204058E-002
 -2.278490131788475E-002
 -1.516124309586458E-002
 -1.269344107553358E-002
  1.857654554587459E-002
 
 -5.099142396373572E-002
 
  tansig  tansig 
