 0.228514448940705295E+01
 0.259002223565517831E+01
 0.228561568103829460E+01
 0.224947047466735439E+01
 0.263508016423621649E+01
 0.270372527500686388E+01
 0.133640490236755549E+01
 0.100127672641562726E+01
 0.963936369426401263E+00
 0.129905893910061399E+01
 0.123386695249228873E+01
 0.414499454614928209E+00
 0.248393867232876736E+00
 0.121862342195424711E+01
 0.751781569057037524E+00
 0.114484623777840988E+01
-0.988358426731728246E+00
-0.188307624632178539E-01
-0.155669715614308122E-01
 0.114481073376696885E+01
 0.421015475524531668E+00
-0.204574423390949667E+00
 0.942033316376537089E+00
 0.133207602371856304E+00
 0.127284352003881496E+00
 0.116000959974030016E+01
 0.500478507579003029E+00
 0.139748192998786908E+00
 0.436421244765782312E+00
 0.180439307957722478E+00
 0.170453369799253962E+00
 0.858885763443819727E+00
 0.447284795325838480E+00
 0.200188566587951200E+00
 0.816324452768089959E+00
 0.719496211010862918E+00
 0.737708927964755512E+00
 0.385135057347531784E+00
 0.303711228937263489E+00
 0.598036704470917613E+00
 0.728930931343749089E+00
 0.155630022451049649E+00
 0.179993474120107327E+00
 0.980599985010970787E+00
 0.783439854968446037E+00
 0.101903175639870924E+01
-0.224735353407516825E+00
 0.429519635370176414E-01
 0.581118540346075990E-01
 0.151746545118631904E+01
 0.650210310881157771E+00
 0.357348673416981288E+00
 0.443463398531594333E+00
 0.711651595788059255E-01
 0.942620003040242904E-01
 0.196549653055722784E+01
 0.999107119807040867E-01
 0.277844487826884512E+01
-0.272088849960028856E+00
 0.227345815284888619E+00
 0.327172320315884502E+00
 0.158231521088750693E+01
 0.384626017707215606E+00
 0.713237536314130338E+00
 0.278710323344030764E+01
 0.191954984657949287E-01
 0.311297907204078385E-01
 0.276782970324379196E+01
 0.575970433815177074E+01
 0.221654556913426193E+01
-0.406641088145824406E-01
 0.842867838803238567E+00
 0.163668920579690336E+01
 0.342558597571529111E+01
-0.380598637447689958E+00
 0.899232308682489290E+01
 0.881913210550690785E+01
 0.197901513534588003E+01
 0.445589533671496696E+01
 0.579877721657246514E+01
 0.246265704759969459E+02
 0.172381939858358813E+02
 0.136222224874598776E+02
-0.112509147380669927E+01
-0.304112030637704933E+01
 0.473320551719278271E+02
 0.104577883347240803E+02
 0.578695536866541502E+02
 0.476878017650491373E+02
 0.104290200395627224E+02
 0.420360224718476658E+02
 0.659282751269345795E+02
 0.984780134931267526E+02
 0.281134158066443831E+03
 0.157289191250408777E+03
 0.132009081062019703E+03
 0.344704056333630948E+01
 0.292529284047791949E+01
 0.196435431768043411E+01
 0.226411147577739502E+01
 0.297170820116713230E+01
 0.335867540057524350E+01
 0.139857257348703223E+01
 0.105120414006580076E+01
 0.171588843971948424E+01
 0.141101604703181494E+01
 0.960825115275306230E+00
 0.225792315788272324E+01
 0.127371649046640401E+01
 0.728866269169256120E+00
 0.587161985167076184E+00
 0.568213256722041815E+00
 0.163129235572757558E+01
 0.663174844714474521E+00
 0.487230577486607697E+00
 0.483798600973692983E+00
 0.765682192844259646E+00
 0.149258209373538464E+01
 0.143553930478630326E+00
-0.297081878628963070E+00
-0.236045091904447363E+00
 0.628180807085690351E+00
-0.359700631412294483E-01
 0.672046279766543631E+00
 0.466862467006527504E+00
-0.383771053785304309E-01
-0.291326420047561957E-01
 0.457736731663858976E+00
 0.239240936334114196E+00
 0.162534035242234365E+00
 0.503347705022116454E+00
 0.215418787331478206E+00
 0.188210672334211293E+00
 0.164285441567393081E+00
-0.987653562815284658E-01
 0.425080307166254390E+00
 0.650077493128893513E+00
 0.172953165749447996E+00
 0.176903177944914447E+00
 0.482039334872226444E+00
 0.245842558983450976E+00
 0.466329203884763843E+00
 0.172451469973163768E+00
 0.518167757139825630E-01
 0.621314895092618252E-01
 0.148701811232942183E+00
 0.682784800471160080E+00
 0.546899730170602172E-01
 0.522911854431661216E+00
 0.682864508492035394E-01
 0.993763513189310915E-01
 0.683902222406625460E+00
 0.109074379612574024E+01
 0.862429982516867283E-01
 0.229093646031111237E+00
 0.262452412130903479E+00
 0.382316745890695087E+00
 0.111346334760204280E+01
 0.180314571700189996E+00
 0.296764113032141619E+00
 0.397690866933980980E+00
 0.475373554111815033E+00
 0.683502774280998149E+00
 0.103099285213790126E+01
-0.177814265048774289E+00
-0.113971546493548304E+01
 0.148900729670153065E+01
 0.399184629194318630E+00
 0.676233610304463495E+00
 0.307576298626549249E+01
 0.115206519764520032E+01
 0.156807481664312465E+01
 0.129175196585317087E+01
 0.899352428279385219E+00
 0.185362673824595436E+01
 0.309540220350134843E+00
 0.565883796065972433E+01
 0.602292667337513343E+01
 0.509044171369127785E+01
 0.127442624870255083E+01
 0.341093495091065435E+01
 0.105132681255750473E+02
 0.908472560928326089E+01
 0.137960533584261285E+02
 0.184751206963704040E+01
-0.122650711730853734E+01
-0.428240690232136156E+01
 0.715483719033688459E+01
 0.988541980816996535E+01
 0.610535709568086631E+02
 0.432284806072241778E+02
 0.435236570484314313E+02
 0.419467371034106051E+01
 0.182699633566120334E+01
 0.361640788975546723E+01
 0.299189018684640340E+01
 0.443880398789350039E+01
 0.621800150557252462E+00
 0.247074159968086460E+00
 0.196173004607159940E+01
 0.919726866570421020E+00
 0.211921961608297060E+01
 0.132125355254466204E+01
-0.181425226688113339E+00
-0.895674575411536250E-01
 0.103170243762333613E+01
-0.421233249842712654E+00
 0.833739921930159111E+00
 0.674952972312881427E+00
-0.256123351905256473E-01
-0.153457234119956151E-01
 0.717370468315491117E+00
 0.332186955314887275E-01
 0.256843180075005506E+00
 0.241609370401951268E+00
 0.908901321281388730E-01
 0.586851063153112293E-01
 0.273839111082991526E+00
 0.674168597450851698E-01
 0.304471193635112269E+00
 0.383407216419407004E+00
 0.190438110278081829E+00
 0.135046352008599019E+00
 0.164630729059899505E+00
 0.560046669920885518E-01
 0.360596869703245948E+00
 0.266145995724165640E+00
 0.142139543431265669E+00
 0.108234570712290160E+00
 0.439526468407305526E-01
 0.108569909169729542E+00
 0.180804674320383579E+00
 0.253021201845640809E+00
 0.122843287285076486E+00
 0.107881762332378825E+00
 0.149585336298230898E+00
-0.248398963143785685E-01
 0.804209764650616749E-01
 0.155681733717742771E+00
 0.742697062897630100E-01
 0.811885103688172044E-01
 0.132939358977889471E+00
 0.265527604060312117E+00
-0.103968011936004814E+00
 0.113415735725042294E+00
 0.139460248392005246E-02
 0.187650535060799803E-02
 0.114753417122833767E+00
-0.253604894979749945E-01
 0.340146477989138829E+00
 0.180680815698288616E+00
 0.349586708418695644E-01
 0.393388701831262483E-01
 0.311275269486040118E+00
-0.127481772211613005E-01
 0.153421160291665803E+00
 0.800706270760106753E-01
 0.950302339694244352E-01
 0.150051724698756106E+00
 0.282265993213614674E+00
 0.430362498988410225E+00
-0.280043190944563980E+00
 0.344230208331693155E+00
 0.138582961090259998E+00
 0.213152169460225527E+00
 0.490490114917474851E+00
-0.296053794498288891E+00
 0.923988679357905629E+00
 0.635480457583312508E+00
 0.216418436871373326E+00
 0.437277229155981162E+00
 0.610076169570800575E+00
 0.362156851791477719E+00
 0.220467587283186894E+01
 0.125276869804409374E+01
 0.531477272694149905E+00
 0.129282830329321308E+01
 0.109508036496001049E+01
 0.162331196983498094E+01
 0.518973017108332968E+01
 0.322457135581948418E+01
-0.105198437158778990E+01
-0.354113979170088511E+01
 0.106937419841066657E+02
 0.758858015830945920E+01
 0.500591104638886542E+01
 0.579738997302682790E+01
 0.208310572753592327E+01
