 0.279472378894354545E+01
 0.822609977373383927E+01
 0.429626771562452703E+01
 0.429626771563182430E+01
-0.479404775261509375E+01
-0.204093726042140045E+01
 0.407756073743864622E+01
 0.182902075949922915E+01
 0.182902075998033742E+01
 0.296686029767998294E+01
 0.170070263533021904E+01
 0.179260613401813607E+01
 0.104845530751362026E+01
 0.104845530292903444E+01
 0.122200074017421012E+01
 0.857366132818226045E+00
-0.152644497079927777E+01
 0.735605178363105350E+00
 0.735605193434814897E+00
 0.409864213405767119E+00
 0.339136998049341110E+00
 0.155351148085938218E+01
 0.608667270232340352E+00
 0.608664137451685128E+00
 0.358738822031599625E+00
 0.366651091883027747E+00
 0.174900647819564825E+01
 0.622091910656080604E+00
 0.622146259157268400E+00
 0.625775638486789632E+00
 0.671778679140714874E+00
 0.104765814395597534E+01
 0.667824147094034926E+00
 0.668330115204390118E+00
-0.783881592121031257E-01
-0.953087501566913520E-01
 0.242077165920868742E+01
 0.811978306720632759E+00
 0.810182997502703839E+00
 0.594409774539772173E+00
 0.783091445355730054E+00
 0.227881788676172192E+01
 0.106972208910877087E+01
 0.110000864819734612E+01
-0.229317169356457712E+00
-0.344508379693305000E+00
 0.452947602753523704E+01
 0.160706773363379596E+01
 0.178446265548493943E+01
 0.134043399612955016E+01
 0.213530331983961164E+01
 0.473428754761805415E+01
 0.256004926519612841E+01
 0.336556066263341647E+01
 0.763543077642781731E+00
 0.128365754345546335E+01
 0.146152599928480580E+02
 0.430391767944763526E+01
 0.513330674693645506E+01
 0.626045492941374526E+01
 0.116823396852893158E+02
 0.176455050539599334E+02
 0.803133779824812422E+01
 0.248043491490663870E+01
 0.437536958865806280E+01
 0.108636618557515536E+02
 0.577408461275469875E+02
 0.199411127040912532E+02
 0.145169467670019401E+02
 0.966765113033947898E+01
 0.261118130318263368E+02
 0.773341773222748543E+02
 0.538598879454521011E+02
 0.100855096630773573E+03
 0.435884090362386800E+02
 0.139253796808379093E+03
 0.391826562435308233E+03
 0.172068539731342725E+03
-0.477690555176068843E+00
 0.224306026092245020E+03
 0.595111810736195679E+01
 0.381034052043059690E+01
 0.456519256456091771E+01
 0.456519256447926036E+01
 0.306065816697616588E+01
 0.116933492150362039E+01
 0.426542243148701594E+01
 0.174414743427677998E+01
 0.174414743349543144E+01
 0.369228627129464426E+01
 0.190366252298923389E+01
 0.712450075595511101E+00
 0.899244495480663875E+00
 0.899244502607799867E+00
 0.140670247207729116E+01
 0.852842004473714721E+00
 0.901853055306101048E+00
 0.545185277811572444E+00
 0.545185838811653500E+00
 0.582985813044745949E+00
 0.432720072591763483E+00
 0.908137060246103078E+00
 0.404662699695022110E+00
 0.404661164515502825E+00
 0.745606048124534543E-01
 0.656371690266811386E-01
 0.114888303125840352E+01
 0.356232545128697065E+00
 0.356268000267282003E+00
 0.180778743058582464E+00
 0.184782168684619191E+00
 0.118753967374698433E+01
 0.364121473195501699E+00
 0.363135963541799722E+00
 0.407683448156049358E-01
 0.430593686588073635E-01
 0.131693213208199489E+01
 0.384583696537803721E+00
 0.384634285629601669E+00
 0.138630198999223825E+00
 0.159573550012298560E+00
 0.158789759805975028E+01
 0.442684106179011327E+00
 0.500755460151964593E+00
 0.226127391263556632E+00
 0.284518732874605662E+00
 0.180448187507786617E+01
 0.556995418600039760E+00
 0.529912847104802243E+00
-0.635291315341780100E-01
-0.963868765870499050E-01
 0.243129727309285881E+01
 0.845077641951884062E+00
 0.335576318624982717E+00
 0.446132627334044074E+00
 0.723616057475143681E+00
 0.469420285009149474E+01
 0.137069497737438706E+01
 0.153926669533122684E+01
 0.443551832167949300E+00
 0.790723240020119400E+00
 0.585138230837136586E+01
 0.244354840851697208E+01
 0.253996929505619251E+01
 0.384487931698543983E+01
 0.843441362549656937E+01
 0.460266113124493081E+01
 0.536034977751007879E+01
 0.289187352569932710E+01
-0.796678768280231098E+00
-0.196941014325410602E+01
 0.375168366697575522E+02
 0.132509207519195744E+02
 0.150173945377196283E+02
-0.342218562609297017E+01
-0.105667040590879715E+02
 0.758007047669279075E+02
 0.409149512604953429E+02
 0.608923754897797807E+02
-0.191428650129526510E+02
-0.185126240438608458E+01
 0.856113102716482643E+01
 0.395679074133329234E+01
 0.395679074169346734E+01
-0.445152848254929623E+01
-0.164096411296477651E+01
 0.304634991936778654E+01
 0.145858925411634122E+01
 0.145858925586333688E+01
 0.213187070922497135E+01
 0.965965323807899456E+00
 0.120722361203542516E+01
 0.660896852261471435E+00
 0.660896782880458500E+00
 0.394104272182391913E+00
 0.216253026307594826E+00
 0.876877297386101540E+00
 0.362647538904532940E+00
 0.362647590543241582E+00
-0.155537513657258125E+00
-0.105376477574790559E+00
 0.614745531821736413E+00
 0.245693269439396289E+00
 0.245692662993262978E+00
 0.123571797580378243E+00
 0.978672792625826099E-01
 0.469029043572507354E+00
 0.194585919149730557E+00
 0.194582234633177809E+00
 0.850146447304190311E-01
 0.773246582180669439E-01
 0.533286127258167708E+00
 0.176984679992641558E+00
 0.177530489763617710E+00
-0.459408354896480905E-02
-0.400688918580081009E-02
 0.500500459246926321E+00
 0.154363322468248937E+00
 0.150083418231393984E+00
 0.105523926499753520E+00
 0.107236101897848116E+00
 0.475713153710757508E+00
 0.156867940064135070E+00
 0.132591463480743799E+00
 0.114176915688979815E-01
 0.128966968309627214E-01
 0.558751256591878409E+00
 0.177188029059716978E+00
 0.161430352332020105E+00
 0.397872038757588545E-01
 0.548539383246584994E-01
 0.784556076187399420E+00
 0.244286108877112856E+00
 0.258471995183736925E+00
 0.117016074686048924E+00
 0.179137662553309235E+00
 0.107784959493042276E+01
 0.373972914882834684E+00
 0.373245144376705751E+00
 0.508417151775544696E+00
 0.867952578721851498E+00
 0.103647202829550977E+01
 0.638433921261538639E+00
 0.578610662210794491E+00
 0.286314942668821737E+00
 0.601961940041106258E+00
 0.294400646014738454E+01
 0.134227336599465752E+01
 0.160418195461610913E+01
-0.644189956076809511E+00
-0.153402014389809604E+01
 0.796324607359138437E+01
 0.319637765635730275E+01
 0.304540795440836967E-01
 0.143316009399528821E+01
 0.411141711797771148E+01
 0.177078497405672159E+02
 0.916969560269663653E+01
 0.113317419483655897E+02
 0.115986053171001906E+02
