-0.233308344867308188E-02
 0.308434561027334597E+01
 0.332004786051078238E+01
 0.453918664407050088E+01
-0.335423167312381620E+01
-0.166235926776111698E+01
 0.165490665552540461E+01
 0.171569487220347122E+00
 0.302638826383320003E+01
 0.495815444471991107E+00
 0.293851678997399945E+00
 0.149306604603062421E+01
 0.348498599657369568E+00
 0.608796788279144407E+00
 0.871655604279968688E+00
 0.644688545276895453E+00
 0.707420328299135370E+00
 0.818990434414866297E+00
 0.590206542478573959E+00
 0.163634050726580521E+00
 0.142949396939717088E+00
 0.751333610117333239E+00
 0.158084717495596133E+00
 0.957117068600586873E+00
 0.741961429462374145E-01
 0.731217253904057757E-01
 0.975392753612901786E+00
 0.175449545552389292E-01
-0.421959608141471154E+00
 0.245044449639846396E+00
 0.298151403637658574E+00
 0.121595768106518909E+01
 0.141163767125450618E+00
 0.809622324896903806E-01
-0.332533217683832427E+00
-0.382791919243572143E+00
 0.189504296860298038E+01
-0.478544196981928530E-01
 0.118274475561962911E+00
 0.187211029363644282E+00
 0.259303555294442156E+00
 0.241392914505635714E+01
 0.516733898062418984E+00
 0.631765969283255568E+00
 0.649240535533331609E+00
 0.105429261735567170E+01
 0.170504623097476804E+01
 0.105999356486405771E+01
 0.524744250823058755E+00
-0.239750685819514725E+00
-0.403794532156099450E+00
 0.620021285937151934E+01
 0.353174680170721567E+00
 0.114211109159682120E+00
 0.306530449731758012E-01
 0.575531045213438369E-01
 0.128668998165432384E+02
 0.334606224268953938E-02
 0.565494822037136080E+00
 0.424394578352194696E+01
 0.865324012614361671E+01
 0.102116222031051720E+02
 0.102965938235804231E+02
 0.104918885127705401E+02
 0.483152735372485775E+01
 0.119283198373478427E+02
-0.510196845835550694E+00
 0.769429526811949493E+01
 0.270289154092513648E+02
 0.162799238647807565E+01
 0.488466759121970551E+01
 0.556392563813166987E+02
 0.100855818996353705E+03
 0.492926980848191718E+02
 0.651955037353518492E+02
 0.202979059751059793E+03
 0.196333985521108417E+03
 0.839853309130125325E+02
 0.161041929348022563E+03
 0.127850714211734257E+03
 0.190748715051597983E+01
 0.578173237503253379E+01
-0.717498871899719504E+00
 0.287573545258502739E+01
 0.213634585130533372E+01
 0.993891057780514009E+00
 0.349188033209103832E+01
 0.107776093968146247E+01
 0.185639223282682497E+01
 0.837673012396217942E+00
 0.474258705519722767E+00
 0.163089252670787710E+01
 0.920890614556129528E+00
 0.424582253334748916E+00
 0.376869112085988112E+00
 0.253233187048822972E+00
 0.115072658566373520E+01
 0.472227299337767303E+00
 0.101253347709704555E+01
 0.226500800292654320E+00
 0.172363913676839314E+00
 0.788079853668311681E+00
 0.322841827496671563E+00
 0.909949105079402187E+00
 0.266870321080628248E+00
 0.221728013531687917E+00
 0.692203603001184775E+00
 0.238943239192459495E+00
 0.331108458689231111E+00
 0.628953878374620690E-01
 0.561260499058338219E-01
 0.780100516197716476E+00
-0.252532211104187949E-01
-0.824746370724710118E-02
 0.493793931906684691E+00
 0.520836957582632265E+00
 0.387002287704523495E+00
 0.276228434477765572E+00
 0.225829200174890443E+00
 0.494538348229860841E-01
 0.605139767825221067E-01
 0.129689090957634434E+01
 0.189670833053739191E+00
 0.217833249097487663E+00
-0.136869208098596790E+00
-0.194076368786084447E+00
 0.114086527618484879E+01
 0.181093554300086113E+00
 0.453663533532508767E+00
 0.479767859674188543E-01
 0.807112268982515674E-01
 0.110754165071041522E+01
 0.499550135421890917E+00
 0.779018778675374723E+00
 0.503572365833277025E+00
 0.792452119586941284E+00
 0.182122682864967622E+01
-0.853127858760756363E+00
-0.205218520116943054E+00
 0.189673668069093049E+01
 0.343207565424573069E+01
 0.390639965090206509E+01
 0.330178355351321828E+01
 0.299381115548860732E+01
 0.123777831355419088E+01
 0.290107158293374612E+01
 0.153142719271027801E+02
-0.100110568836579206E+01
 0.276338870639747242E-01
 0.223081101974996043E+01
 0.553505177258679115E+01
 0.294199481795538205E+02
 0.100871594291853892E+02
 0.820990408715431030E+01
 0.696919156106242710E+01
 0.207269151414539472E+02
 0.477988662193802440E+02
 0.661346412611894721E+02
 0.338138123397691857E+02
-0.780010492704930503E+01
-0.599384694361080106E+00
 0.531304356260909927E+01
-0.112871094092945365E+00
-0.773964313470918430E+01
-0.130610680152995196E+01
-0.529962064278518885E+00
 0.241657029221937192E+01
-0.275563240346115568E+00
 0.284450618868141802E+01
-0.102067577155723788E+01
-0.511916167078752649E+00
 0.123834294980604542E+01
-0.682954783412497296E-01
 0.374946095233995080E+00
 0.345674997438773113E+00
 0.200816806855822844E+00
 0.684553056556469808E+00
 0.944965237069312070E-01
 0.854138250549369427E-01
 0.247971067416368540E+00
 0.157413590159848404E+00
 0.395490231718896024E+00
 0.155924203606577855E+00
 0.351704847476766280E+00
 0.665472240763250039E-01
 0.468149014676284420E-01
 0.402768660416864432E+00
 0.559077887725992206E-01
 0.311187450208216081E-01
-0.398426580189032362E-01
-0.315853815653183920E-01
 0.374862645568150687E+00
 0.456116967244072843E-01
 0.797647471732332164E-01
 0.108582848047341474E+00
 0.996420566204087310E-01
 0.317892708039403338E+00
 0.109814075791277013E+00
 0.933652636747001052E-01
 0.183442576559828367E-01
 0.195868128948533810E-01
 0.429312034673107246E+00
 0.679142764198778642E-01
 0.344834741877109718E-01
-0.310347021941392263E-01
-0.405362610281119681E-01
 0.483235374210571389E+00
 0.662776891869001766E-01
 0.680187680572844761E-01
 0.183419167471673278E-02
 0.264074683478899728E-02
 0.607128737287368381E+00
-0.194323231291557395E-01
-0.370917626959965732E-01
 0.556220957109682737E-01
 0.873763690301849055E-01
 0.840981914168428824E+00
-0.354174469378606624E-01
 0.934616805234763509E-01
 0.474935719056276906E+00
 0.823489708608463156E+00
 0.561886828047491682E+00
 0.751475049120850502E+00
 0.749663780396025548E+00
 0.396974978963621827E+00
 0.770953176461617873E+00
 0.363698008843047660E+01
 0.316766504803153104E+00
 0.415353440293042275E+00
-0.975855872592180373E-01
-0.232625927755057749E+00
 0.488870992410764238E+01
 0.473027424293634891E+01
 0.204106732258252288E+01
 0.119327197748370595E+01
 0.349490213877351019E+01
 0.139649255921807729E+02
 0.119765452770541057E+02
 0.354347229002420550E+01
 0.385027698686933206E+01
