 0.119023109657711568E+01
 0.916026075845923771E+01
 0.429626771562452703E+01
 0.429626771569352606E+01
 0.614214040180587606E+01
 0.261485155168661043E+01
 0.342396903059437197E+01
 0.182902075949922915E+01
 0.182902075801806085E+01
 0.425084223551580731E+01
 0.243672362934243081E+01
 0.513154516388070969E+00
 0.104845530751362026E+01
 0.104845531378215062E+01
 0.251713555089162266E+00
 0.176604375275547121E+00
 0.229405532403817602E+01
 0.735605178363105350E+00
 0.735605900031915838E+00
 0.438608886202707993E+00
 0.362921416701706190E+00
 0.192772260002017837E+01
 0.608667270232340352E+00
 0.608665877284199297E+00
 0.329912722840660297E-01
 0.337189210162974068E-01
 0.200794887991059623E+01
 0.622091910656080604E+00
 0.622208880077450344E+00
 0.334887525066019764E+00
 0.359506323693844165E+00
 0.194949402524614657E+01
 0.667824147094034926E+00
 0.667929198553511516E+00
-0.842215593224596437E-01
-0.102401327393740985E+00
 0.257819632062863535E+01
 0.811978306720632759E+00
 0.801091530795782103E+00
 0.167862638881905474E+00
 0.221146761264207375E+00
 0.408547756693075925E+01
 0.106972208910877087E+01
 0.115836634308232322E+01
 0.779116621624406230E-01
 0.117048455491231759E+00
 0.589686826310329248E+01
 0.160706773363379596E+01
 0.161808836417218616E+01
 0.619345357372738659E+00
 0.986613441276405378E+00
 0.819928826638574648E+01
 0.256004926519612841E+01
 0.358296272636354285E+01
 0.287725945560827556E+01
 0.483720684898679920E+01
 0.133654970605557910E+02
 0.430391767944763526E+01
 0.382812417970955021E+01
 0.218833524788407319E+01
 0.408354919879082079E+01
 0.270103562527410368E+02
 0.803133779824812422E+01
 0.651261381140810336E+00
 0.125651991501391382E+02
 0.311982958128011667E+02
 0.486786790479908049E+02
 0.199411127040912532E+02
 0.258316397831890256E+02
 0.500807023275367769E+01
 0.135265321229405036E+02
 0.158253533652779055E+03
 0.538598879454521011E+02
 0.482294897943428253E+02
 0.201964556133323327E+02
 0.645225000960741113E+02
 0.507668419927515060E+03
 0.172068539731342725E+03
 0.190772890488777193E+03
 0.850438234896239607E+02
 0.225631850693240477E+01
 0.795025891858121092E+01
 0.456519256456091771E+01
 0.456519256422175257E+01
 0.637971264859908427E+01
 0.243739103884820008E+01
 0.403886224556692408E+01
 0.174414743427677998E+01
 0.174414743478531897E+01
 0.379279308092750300E+01
 0.195548164879504505E+01
-0.150498894019761753E+01
 0.899244495480663875E+00
 0.899244529944542292E+00
 0.194141245354510406E+01
 0.117702081375219625E+01
-0.314536153665716689E+00
 0.545185277811572444E+00
 0.545185128730785507E+00
 0.879350583618363491E-01
 0.652696240393318555E-01
 0.169292181110010276E+01
 0.404662699695022110E+00
 0.404638855129288155E+00
 0.813957610743876736E-01
 0.716542917152221404E-01
 0.137501366168503703E+01
 0.356232545128697065E+00
 0.356414860760049301E+00
 0.282169544169865116E+00
 0.288418314157444178E+00
 0.880755998726299505E+00
 0.364121473195501699E+00
 0.363396651533331283E+00
-0.490821582156916042E-01
-0.518403863276394178E-01
 0.121459095962955765E+01
 0.384583696537803721E+00
 0.403912190336218391E+00
 0.116763438731915054E+00
 0.134403301478341869E+00
 0.179608551367395131E+01
 0.442684106179011327E+00
 0.272749673426470385E+00
-0.569039490231359607E-01
-0.715978695953455035E-01
 0.201123571935728185E+01
 0.556995418600039760E+00
 0.661815305791589092E+00
 0.554392732990922288E+00
 0.841128827753693242E+00
 0.260496070058260853E+01
 0.845077641951884062E+00
 0.730945957573650884E+00
 0.739279597774667230E+00
 0.119909317350368250E+01
 0.566083526221267341E+01
 0.137069497737438706E+01
 0.129681988731843778E+01
 0.224324190637195908E+01
 0.399904448525354805E+01
 0.360741280486337068E+01
 0.244354840851697208E+01
 0.489448188075719770E+01
 0.317861849529752361E+01
 0.697285426581683332E+01
 0.185531357839513085E+02
 0.536034977751007879E+01
 0.612180915012200266E+01
 0.731345462724527984E+01
 0.180790455307567832E+02
 0.260324933195419952E+02
 0.132509207519195744E+02
 0.368385755043116658E+01
 0.913570652882799550E+01
 0.282083784481948889E+02
 0.542454334843026658E+02
 0.409149512604953429E+02
 0.659288691012284858E+02
-0.596931705982024639E+02
-0.577278910195961270E+01
 0.949415457983840483E+01
 0.395679074133329234E+01
 0.395679074203136638E+01
 0.381886678807690316E+01
 0.140774643495900920E+01
 0.425472681712760981E+01
 0.145858925411634122E+01
 0.145858925413747986E+01
 0.195154740939474114E+01
 0.884259592800440086E+00
 0.173561113527427913E+01
 0.660896852261471435E+00
 0.660896562143522326E+00
-0.117854030856071990E+00
-0.646689027095325303E-01
 0.126009719985096025E+01
 0.362647538904532940E+00
 0.362650048238268741E+00
 0.339374862743004047E+00
 0.229926059459141685E+00
 0.527294314377237727E+00
 0.245693269439396289E+00
 0.245689985851292342E+00
 0.599234607621647319E-01
 0.474586125930275271E-01
 0.597722310140885393E+00
 0.194585919149730557E+00
 0.194400390403704187E+00
 0.173971148260616326E+00
 0.158234615009141683E+00
 0.384212070276947648E+00
 0.176984679992641558E+00
 0.177187677350692407E+00
 0.920789148664846874E-01
 0.803098168081699121E-01
 0.397635393769738221E+00
 0.154363322468248937E+00
 0.154246270641393318E+00
 0.488715676556145187E-01
 0.496645318541790448E-01
 0.555285640093612476E+00
 0.156867940064135070E+00
 0.161927134215794383E+00
-0.471567989300957901E-02
-0.532653151164786710E-02
 0.541411506202952197E+00
 0.177188029059716978E+00
 0.308854979503320914E+00
 0.140235866500079798E+00
 0.193340793585829840E+00
 0.815418672414234713E+00
 0.244286108877112856E+00
 0.154416987195620026E+00
 0.157158693033094266E+00
 0.240591226422655402E+00
 0.136978598795545969E+01
 0.373972914882834684E+00
 0.345513897463189945E+00
 0.421979642734262583E+00
 0.720389384583594916E+00
 0.172203357959957359E+01
 0.638433921261538639E+00
 0.108991844253485248E+01
 0.611815063058572361E+00
 0.128630863227808367E+01
 0.395786911840994948E+01
 0.134227336599465752E+01
 0.113924520407023833E+01
 0.179349002575172767E+01
 0.427086731395020713E+01
 0.741123574576190935E+00
 0.319637765635730275E+01
 0.395549832335374418E+01
 0.123432570963661226E+01
 0.354100555340793521E+01
 0.190392884446729589E+02
 0.916969560269663653E+01
-0.320476476690586720E+01
 0.379601286322091314E+01
