 0.608181407697926169E+01
 0.970943603082783291E+01
 0.480819738866455548E+01
 0.480819738868725466E+01
 0.528057894119253568E+01
 0.202064217753689324E+01
 0.150975735237609232E+01
 0.183988281367704709E+01
 0.183988281393064312E+01
 0.166700740346714760E+01
 0.884063767276243140E+00
 0.241882774059539907E+01
 0.975744766009377540E+00
 0.975744755810495135E+00
-0.550430009011247168E+00
-0.383380368705124042E+00
 0.210613694576831456E+01
 0.679616796788603761E+00
 0.679616623586151714E+00
 0.535922983998140645E+00
 0.467429252900724512E+00
 0.154331220109661982E+01
 0.592759015550645030E+00
 0.592758101643369728E+00
 0.100218350557805125E+01
 0.107578245083609980E+01
 0.779316768238621282E+00
 0.636288133657505695E+00
 0.636289421837022084E+00
 0.617935690109284064E+00
 0.665889063262344094E+00
 0.156423004808563659E+01
 0.685933738131228599E+00
 0.685667091013727803E+00
 0.327202684357153661E+00
 0.377180915349538015E+00
 0.223560749339181974E+01
 0.780389425192991593E+00
 0.790398591997243716E+00
 0.115701118371536543E+00
 0.139424807012170138E+00
 0.287105087684721649E+01
 0.999847412104121647E+00
 0.952464182740493936E+00
 0.147762253773011332E+01
 0.209140395862510164E+01
 0.262376644828155969E+01
 0.104180827332709214E+01
 0.134810299069485806E+01
 0.104483723913953686E+01
 0.178910231863057589E+01
 0.531113388793659436E+01
 0.212075012963967691E+01
 0.230839225101822620E+01
 0.901360817775037626E+00
 0.174143923701573544E+01
 0.123069125051928729E+02
 0.372644942097281162E+00
 0.445983979009559306E+01
 0.519662518006377283E+01
 0.100000014815781739E+02
 0.515934001021918309E+01
 0.115462216443769439E+01
 0.858218612334282582E+01
 0.955207812550084512E+01
 0.235822542473680201E+02
 0.433178176517680953E+02
 0.103023786298830800E+02
 0.211877763665477197E+02
 0.342534792011925537E+01
 0.861212704116115013E+01
 0.433359368624684222E+02
 0.128239457020923595E+03
 0.532710329122035233E+02
 0.224856182358023347E+02
 0.671628594028982207E+02
 0.472934519783369183E+03
 0.986903668983314901E+02
 0.159116589822411214E+03
 0.159414500199100331E+03
 0.456311819532894614E+01
 0.423331350095437564E+01
 0.455459073846958074E+01
 0.455459073854960916E+01
 0.424669818560538026E+01
 0.158607881384636840E+01
 0.118475946412873534E+01
 0.170107211757050170E+01
 0.170107211777863232E+01
 0.451852008903204361E+01
 0.229250468082248560E+01
 0.416839026339203500E+00
 0.863051550573591175E+00
 0.863051555727293307E+00
 0.188781296652191322E+01
 0.123210838621212382E+01
 0.419844317024661684E+00
 0.563283348092643021E+00
 0.563283057380501773E+00
 0.165216107920262700E+00
 0.133611021119257795E+00
 0.122184534589609606E+01
 0.455541863073984532E+00
 0.455529581365692382E+00
 0.232974764188484118E+00
 0.192915965420661778E+00
 0.119338557389853905E+01
 0.377331391683638440E+00
 0.377203639514087252E+00
 0.285164403739628591E+00
 0.273262543709690553E+00
 0.121988777719844510E+01
 0.360941773038162439E+00
 0.361460352969883825E+00
 0.328840947084318103E+00
 0.340853301227655336E+00
 0.839605851876297660E+00
 0.362642816284513669E+00
 0.374664273610389065E+00
 0.243740607622022459E+00
 0.265535260852082178E+00
 0.142921482152441803E+01
 0.536291919541882378E+00
 0.408165781630314306E+00
 0.507292714352159613E+00
 0.618519854995799756E+00
 0.112399580469380256E+01
 0.527823010366932022E+00
 0.497658714437940797E+00
 0.644637183314605566E-01
 0.961818875229108333E-01
 0.263770284192276083E+01
 0.612635193560678859E+00
 0.742522394546798137E+00
-0.266111471155965965E-01
-0.472743864893475571E-01
 0.360716840172876330E+01
 0.850319448429525560E+00
 0.131908220657755693E+01
 0.225961633608042889E+00
 0.415305873695618444E+00
 0.853762558735892618E+01
 0.716458330695415313E+00
 0.242440532727471547E+01
 0.311453199160197425E+01
 0.652376839098676786E+01
 0.117618856457686114E+02
 0.418705616376276613E+01
 0.507821363969343853E+01
 0.436904617184620125E+01
 0.115321885852716743E+02
 0.214496398791942440E+02
 0.165245918355069144E+02
 0.134040509222856361E+02
 0.676609965708612293E+01
 0.193082486579305552E+02
 0.103234870984442082E+03
 0.205039950182149546E+02
 0.382508034684361391E+02
 0.340069165313664072E+02
 0.380487718054513646E+01
 0.718185730646918152E+01
 0.427970613221973561E+01
 0.427970613331939109E+01
 0.692258820920736007E+01
 0.250204322173305505E+01
 0.267106993188303621E+01
 0.154682169987088991E+01
 0.154682170862612067E+01
-0.960091654658836169E+00
-0.455302076714907966E+00
 0.162719571727586865E+01
 0.733545554021432289E+00
 0.733545732668027695E+00
 0.307528868805321376E+00
 0.183319117744158155E+00
 0.960954259520492737E+00
 0.437267463589743111E+00
 0.437269375912873848E+00
 0.593757171177766385E+00
 0.352395948076014098E+00
 0.477034646808908780E+00
 0.259514634633634000E+00
 0.259520160377633979E+00
 0.204556065293555800E+00
 0.153611419012551043E+00
 0.565062928672062426E+00
 0.194860268945753951E+00
 0.194886717442296575E+00
 0.175678680769383588E+00
 0.149898350424326282E+00
 0.473409223350694963E+00
 0.166475347974948368E+00
 0.166287664139285640E+00
 0.930109290364205116E-01
 0.837322020022223945E-01
 0.441662969999155219E+00
 0.147111757907617463E+00
 0.149698884082065969E+00
 0.139601461682348521E+00
 0.133338298705129560E+00
 0.451106844683008656E+00
 0.111440793226456780E+00
 0.142982704342865308E+00
 0.241346913469922611E-01
 0.269882334626223297E-01
 0.501548813793844306E+00
 0.305008036239392044E+00
 0.159888127444532430E+00
-0.609263305606587355E-01
-0.845944587312921353E-01
 0.598881676808604491E+00
 0.159785349684493615E-01
 0.222000069169828507E+00
 0.435344300307198492E-01
 0.683830069551978892E-01
 0.950686507570325801E+00
 0.272601171556888733E+00
 0.348713242906416310E+00
 0.598691736295361709E-01
 0.103646442567291039E+00
 0.197691157214971613E+01
 0.135732113948217964E+00
 0.603697778208897251E+00
 0.596318536356922113E+00
 0.117747987879845639E+01
 0.284664432625440345E+01
 0.105275790954359461E+01
 0.119205079731219454E+01
 0.660017359218007194E+00
 0.164375968859014732E+01
 0.446462802179340823E+01
 0.473870032810097985E+01
 0.296877804804269463E+01
 0.194391940185189949E+01
 0.565735976949506902E+01
 0.191004769166207566E+02
 0.361282652171939445E+01
 0.863999066913805436E+01
 0.000000000000000000E+00
