 0.109979153699047938E+01
 0.233374920827307797E+01
 0.255742087948054175E+01
 0.453165557206526959E+01
 0.144109528603610570E+01
 0.526650031332445034E+00
 0.115110044926477895E+01
 0.591970540164132863E+00
 0.218757204393281723E+01
 0.133538131671420368E+00
 0.689915611759867459E-01
 0.101187493039848353E+01
 0.617507540116372655E+00
 0.929516956820452545E+00
 0.266428140355141396E+00
 0.189893657460866810E+00
 0.823814295335989155E+00
 0.227874602507494806E+00
 0.162761371216749079E+00
 0.121371085744918241E-02
 0.108907649882003391E-02
 0.746352603033699324E+00
 0.211520171843160742E+00
 0.146364909069406329E+00
 0.114567650030459170E+00
 0.138653942770100846E+00
 0.432134494954260817E+00
 0.257263937648406493E+00
 0.836854370917657908E+00
-0.137250053259544268E-01
-0.164525243356658940E-01
 0.837695091992499585E+00
 0.244469191057722551E+00
 0.469919042731421710E+00
 0.216274692348145114E+00
 0.327383308238055504E+00
 0.106747361203121161E+01
 0.396259220685939384E+00
 0.174314422249968320E+00
 0.435968654601299466E+00
 0.649854034165917915E+00
 0.114308122092760001E+01
 0.731194670909387390E+00
 0.583871742837032470E+00
 0.141234008350013401E+00
 0.235775176650383805E+00
 0.206965642484442824E+01
 0.780293348574167211E+00
 0.151834941902720977E+01
 0.852660239166572076E+00
 0.156554142599302271E+01
 0.168396423661745387E+01
 0.482216284189810906E+01
 0.282363175445572878E+01
 0.979758971048477978E+00
 0.207501416449845610E+01
 0.955594152014813503E+01
 0.678263139956215877E+01
 0.113926449658795503E+01
 0.795073436285915136E+01
 0.192723355280061170E+02
 0.268530028548584951E+02
 0.659541344981419098E+01
 0.534926408550216603E+01
 0.120387855912762980E+02
 0.355794431309885084E+02
 0.705734611878751110E+02
 0.179356003581945309E+02
 0.233621970735246549E+02
 0.125709700945216909E+02
 0.363233012427005377E+02
 0.268918699760328707E+03
 0.123198668389624984E+03
 0.110169520405924743E+03
 0.160543053965632936E+03
 0.584685681131702722E+03
 0.458290342134857951E+03
 0.377584527089916378E+03
 0.179452893697628042E+03
 0.962767312847760763E+02
 0.784969539737636945E+00
 0.354103105590724754E+01
 0.830261526900121782E+00
 0.164348032471729644E+01
 0.137414637640809911E+00
 0.598763529993367877E-01
 0.144658404576007982E+01
-0.113868647005965795E+01
-0.512231985164800507E+00
 0.610726335799554709E+00
 0.285974144740052838E+00
 0.784272093822255933E+00
 0.566197820594210088E+00
 0.816082966254651487E+00
-0.342661498105441345E-01
-0.194997293227551424E-01
 0.676421579144700358E+00
 0.562718883942642689E+00
 0.358542554000085209E-01
 0.849026600253996039E-01
 0.621484054006722839E-01
 0.487929361063769940E+00
 0.285094073558692374E+00
 0.520382985348213506E-01
 0.291282674784881013E+00
 0.258378564349671214E+00
 0.199603463579814816E+00
-0.191172427239821641E+00
-0.165360372574963221E+00
 0.278779573446793771E+00
 0.278932081339656690E+00
 0.158392241723489618E+00
 0.493442899472647412E+00
 0.388655577360130233E+00
 0.961964319001427093E-01
 0.112052097418447905E+00
 0.510559619435839829E+00
 0.120734392315694883E+00
 0.727907034214428927E-01
 0.328597192676237659E+00
 0.401841935774798320E+00
 0.383762510328314183E-01
 0.610370383819947154E-01
 0.345207655758604348E+00
 0.232344006542174242E+00
 0.351643862243091077E+00
 0.576595953716133036E+00
 0.677379752702123472E+00
 0.588385363469301814E+00
 0.293890386733590858E+00
 0.520730326746900674E+00
 0.121366119376875070E+01
 0.584256517477693582E+00
 0.335459884814105935E+00
 0.636246441074169833E+00
 0.111151143058730484E+01
-0.140072561022300340E+00
 0.251635025606810592E+01
 0.109196328799876197E+01
 0.222316909215717340E+01
 0.517393654524452185E+01
 0.701420257562670990E+01
 0.193688384815258852E+01
 0.165957403017845517E+01
 0.325831366862287686E+01
 0.740911696682488596E+01
-0.406175966371739605E+01
 0.114956642254364425E+02
 0.625177416249574502E+01
 0.362690062536002555E+01
 0.978867849685490654E+01
-0.140866406676002445E+02
 0.394535411552628901E+02
 0.199420153874568591E+02
 0.212547705586148368E+02
 0.730168347506389637E+02
 0.497923966055469336E+02
 0.929813022211932605E+02
 0.373987763618841313E+02
-0.297536003540740737E+02
-0.831754251050151994E+00
 0.256838737805248352E+01
 0.260900199388803211E+00
 0.684747804261868320E+00
 0.111448698614788055E+01
 0.390044791996231821E+00
 0.129446465328537963E+01
 0.106968924591914005E+01
 0.149361877050848468E+01
 0.410397667604965988E+00
 0.185312306069456117E+00
 0.858708507445910763E+00
 0.289322745202238329E+00
 0.298218238808672653E+00
 0.414905428101703441E-02
 0.243771318233710656E-02
 0.449015761782290357E+00
 0.129004572007788809E+00
 0.202805882305719304E+00
 0.191464827099194324E+00
 0.154448248614250466E+00
-0.175156674656597539E+00
 0.157221747670230505E+00
 0.240801278707693578E+00
 0.160629273660396005E+00
 0.130596066932178095E+00
 0.128383723832422608E+00
 0.183694869762097174E+00
 0.173012164700120125E+00
 0.744160312704971183E-01
 0.627432652231886129E-01
 0.233809615771999491E+00
 0.129849725776213704E+00
 0.124184598509066171E+00
 0.691538725102262414E-01
 0.710375441965025167E-01
 0.208190747395710363E+00
 0.817184875962427282E-01
 0.426559723999478529E-01
 0.696309633366697378E-01
 0.822057936380594934E-01
 0.173511319284517657E-01
 0.200117643002754753E+00
 0.204188225397386514E+00
 0.732417266202034373E-01
 0.101369695857753322E+00
 0.223796200220728297E+00
 0.125479149474535923E+00
 0.233289697248032418E+00
 0.141928135718571963E+00
 0.210520686891408709E+00
-0.222144312112164712E-01
 0.372175302088547322E+00
 0.225582423415164435E+00
 0.208337905816495278E+00
 0.345709627571513189E+00
-0.803348859578559005E-01
 0.357977343363283018E+00
 0.498517611093117929E+00
-0.122202071709618956E+00
-0.242664191331062234E+00
 0.533160769438908555E+00
 0.113494776927371244E+01
 0.910876319470110163E+00
 0.762808032436853467E+00
 0.158850843116073848E+01
 0.537745008962999549E+01
 0.170521267126569676E+01
 0.112675250256915938E+01
-0.591275664646009114E+00
-0.149437568831247281E+01
 0.874852964735688765E+01
 0.411826751241158373E+01
 0.570210396855837232E+01
 0.418703589368752116E+01
 0.134901445530176183E+02
 0.319726990183011530E+02
 0.134310103051382423E+02
 0.126591100665623291E+02
 0.125634368238522214E+02
