 0.199046728781208992E+01
 0.111121265610666882E+02
 0.480819738875763836E+01
 0.480819738868725466E+01
 0.716924279298828981E+01
 0.274334964590889996E+01
 0.276295660809047794E+01
 0.183988281375318841E+01
 0.183988281393064312E+01
 0.132973869014117940E+01
 0.705200104963034535E+00
 0.275353785856178535E+01
 0.975744777597679858E+00
 0.975744755810495135E+00
 0.220768547651215252E+01
 0.153767646769579036E+01
 0.141355844771274852E+01
 0.679616398728196791E+00
 0.679616623586151714E+00
 0.107002740759264525E+01
 0.933272366829605016E+00
 0.140647795365285511E+01
 0.592756818720830858E+00
 0.592758101643369728E+00
 0.122184388471031302E+00
 0.131157437886049055E+00
 0.216656584123618456E+01
 0.636233957438250841E+00
 0.636289421837022084E+00
 0.283444800618501525E+00
 0.305440834364262170E+00
 0.238360640121786549E+01
 0.685849431936977560E+00
 0.685667091013727803E+00
 0.598978934686373088E+00
 0.690469344113001426E+00
 0.203460992538485463E+01
 0.788254596852623890E+00
 0.790398591997243716E+00
 0.110613912108243811E+00
 0.133294505408575764E+00
 0.323537490239291259E+01
 0.902644357643839212E+00
 0.952464182740493936E+00
 0.870409033234423424E+00
 0.123196340827741979E+01
 0.362367522241660645E+01
 0.121371649386277136E+01
 0.134810299069485806E+01
 0.865646884118177751E-01
 0.148226995504735642E+00
 0.677108241011348433E+01
 0.241903166574220618E+01
 0.230839225101822620E+01
 0.794295637278364108E-01
 0.153458810419712099E+00
 0.124533098401281332E+02
 0.537306678891230138E+01
 0.445983979009559306E+01
 0.227903877537432598E+01
 0.438561380523458944E+01
 0.236113277571308906E+02
 0.110723195618217716E+02
 0.858218612334282582E+01
 0.164064130562396926E+01
 0.405042964364674596E+01
 0.680907863569127016E+02
-0.221383158414586845E+01
 0.211877763665477197E+02
 0.148420824049573898E+02
 0.373164718468731351E+02
 0.117367089573791418E+03
 0.255999817403640542E+02
 0.532710329122035233E+02
 0.412508252939515998E+02
 0.123213128961687673E+03
 0.366500346462650100E+03
 0.382587316781207562E+03
 0.159116589822411214E+03
 0.160272934303927372E+03
 0.458769021530413657E+01
 0.681559651148090406E+01
 0.455459073859210495E+01
 0.455459073854960916E+01
 0.931207284210262465E+01
 0.347792115246533529E+01
 0.159356846555300891E+01
 0.170107211705784955E+01
 0.170107211777863232E+01
 0.155354682612246053E+01
 0.788203504817349021E+00
 0.164749184279957683E+01
 0.863051589718577650E+00
 0.863051555727293307E+00
-0.740809202020062840E+00
-0.483499820468806907E+00
 0.159449068353909662E+01
 0.563283446998016579E+00
 0.563283057380501773E+00
 0.288949038206062214E+00
 0.233674407006198015E+00
 0.151868091102598091E+01
 0.455535133327533481E+00
 0.455529581365692382E+00
 0.874436250922064784E+00
 0.724081486392132656E+00
-0.405717021775843345E+00
 0.377189762898958725E+00
 0.377203639514087252E+00
 0.360962563000258474E+00
 0.345897127607419697E+00
 0.910850962124625907E+00
 0.363139652401292146E+00
 0.361460352969883825E+00
 0.167425436255310367E+00
 0.173541382735618477E+00
 0.123535828909189105E+01
 0.351617488645568965E+00
 0.374664273610389065E+00
 0.629180219633256432E+00
 0.685439883707715913E+00
 0.566205653223526895E+00
 0.408687410035085519E+00
 0.408165781630314306E+00
 0.392083796366143100E+00
 0.478050652046698610E+00
 0.133664634716700581E+01
 0.455615902542519657E+00
 0.497658714437940797E+00
 0.304542414168339270E+00
 0.454386823839165233E+00
 0.136454495663120157E+01
 0.183495787020652656E+01
 0.742522394546798137E+00
 0.661748588644200608E+00
 0.117558850065546516E+01
 0.263580838217094993E+01
 0.129068656190326758E+00
 0.131908220657755693E+01
 0.577154879584764968E+00
 0.106078101709700379E+01
 0.949129800506030463E+01
 0.105400868318151075E+01
 0.242440532727471547E+01
 0.492571667095715038E+00
 0.103175163419716331E+01
 0.182000436142270061E+02
-0.113851629700452417E+01
 0.507821363969343853E+01
 0.263050485545064738E+01
 0.694327248428024646E+01
 0.357409722707093707E+02
 0.179222077067772965E+02
 0.134040509222856361E+02
 0.147648406573014306E+02
 0.421340549584326212E+02
 0.671037291216861007E+02
 0.320951721647805641E+02
 0.382508034684361391E+02
 0.296001032534403663E+02
 0.331181915028712570E+01
 0.100594659786603131E+02
 0.427970613264746813E+01
 0.427970613331939109E+01
 0.538362269854033126E+01
 0.194581221274078686E+01
 0.400387613406692111E+01
 0.154682169844891448E+01
 0.154682170862612067E+01
 0.268235819907276296E+01
 0.127204861390558222E+01
 0.146900516832646622E+01
 0.733545667139252289E+00
 0.733545732668027695E+00
-0.965069501603628033E+00
-0.575281567168143049E+00
 0.102749920563684838E+01
 0.437267616124738578E+00
 0.437269375912873848E+00
 0.450565989362059660E+00
 0.267411724353748437E+00
 0.678023619497631347E+00
 0.259533776371081548E+00
 0.259520160377633979E+00
 0.260421495029542649E+00
 0.195563574883244023E+00
 0.539155323814727638E+00
 0.194682142710587591E+00
 0.194886717442296575E+00
 0.218585231246111511E+00
 0.186508490657007725E+00
 0.433147824355114230E+00
 0.166034027416521651E+00
 0.166287664139285640E+00
 0.555109959491351043E-01
 0.499732448037098764E-01
 0.485963076088713419E+00
 0.164741191748158627E+00
 0.149698884082065969E+00
 0.146039937314697083E+00
 0.139487914738701091E+00
 0.425907592419670300E+00
 0.141889638258280187E+00
 0.142982704342865308E+00
-0.565124890866293139E-01
-0.631941891071219342E-01
 0.371863110729998336E+00
 0.218759974732829571E+00
 0.159888127444532430E+00
 0.882290521507701625E-01
 0.122503502876124146E+00
 0.617526404003854390E+00
-0.318782947987242618E-01
 0.222000069169828507E+00
-0.269851054424093085E-02
-0.423876607975085841E-02
 0.840999184670271904E+00
 0.417479346684687669E+00
 0.348713242906416310E+00
 0.116354947071288253E+00
 0.201435490218539348E+00
 0.208596163879099361E+01
-0.686130241038321181E-01
 0.603697778208897251E+00
 0.966403613043349402E-01
 0.190824322870885771E+00
 0.372201938667310195E+01
 0.228863766784347944E+00
 0.119205079731219454E+01
 0.607050215759109113E+00
 0.151184610477068015E+01
 0.750146099875956462E+01
 0.189817388054009917E+01
 0.296877804804269463E+01
 0.114570327480313106E+01
 0.333432322784327129E+01
 0.162309857815643213E+02
 0.146278425486029580E+02
 0.863999066913805436E+01
 0.000000000000000000E+00
