 0.150946014342190282E+01
 0.331510588247585991E+01
 0.104874082287274883E+01
 0.285727785322923733E+01
 0.520622898653879229E+01
 0.258021026848131418E+01
 0.983026486684148271E+00
 0.151083281554912818E+01
 0.210496498779310581E+01
 0.156239228791458262E+01
 0.925972763000981192E+00
 0.836812715860822953E+00
 0.971041170078571603E+00
 0.225921680401219816E-03
-0.167778974350209026E+00
-0.124091650843265872E+00
 0.136571618425809960E+01
-0.642392170436809490E-01
 0.125913462727645420E+00
-0.133793292763112193E-01
-0.116880749637026191E-01
 0.125805690651561708E+01
-0.552961750941493510E-01
 0.147899125721355024E+00
 0.334797452249272709E+00
 0.329949326106044882E+00
 0.700870669145536751E+00
 0.390717804579832906E+00
 0.576146401216976245E+00
-0.315333496955430337E+00
-0.383673757432230644E+00
 0.120038040707167037E+01
 0.253876515819176155E-01
 0.116206246209454189E+00
 0.192669865492211406E+00
 0.221789775186571697E+00
 0.164835414079525111E+01
 0.165101851931958449E+00
 0.180688522578530270E+00
-0.167920990933294295E+00
-0.232585174631942920E+00
 0.198016599934855209E+01
 0.407972532804475596E+00
 0.444713788683351208E+00
 0.623423222342306738E+00
 0.101236824386457847E+01
 0.124007268065870746E+01
 0.167709484264947073E+01
 0.176021444253296977E+01
 0.479630195401571757E+00
 0.807806032746506197E+00
 0.638265370854569358E+01
 0.301479710644752485E+00
 0.440027562841168285E+00
 0.116045278657897155E+01
 0.217882629854585508E+01
 0.529591879252680720E+01
 0.418538509083930599E+01
 0.155822187891551134E+01
 0.507220709142932602E+01
 0.103420326673547542E+02
 0.179120706574323449E+02
 0.403066170347585917E+01
 0.162352018457798741E+01
 0.909929155776311838E+01
 0.224647926106843592E+02
 0.286623919310494486E+02
 0.191538638723497967E+01
 0.179262373791072669E+02
-0.730478400703038822E+00
-0.219174499809504342E+01
 0.456039763152054292E+02
 0.100066713571689448E+03
 0.778961186846525919E+02
 0.246402691912737986E+02
 0.767147791780271575E+02
 0.259595579563739193E+03
 0.106592539728951479E+03
 0.188232813704156570E+03
-0.107375183526393077E+02
-0.160199952048520999E+00
 0.582669004637127141E+01
-0.179106992157851330E+01
 0.308742134225810139E+01
 0.140630026871219505E+01
 0.654252335020271691E+00
 0.341913393535269350E+01
 0.513123487206759710E+00
 0.251884553875808681E+01
 0.120541782322571245E+01
 0.682461877120883909E+00
 0.138879000241560835E+01
 0.508136370078322464E+00
 0.158068021085099097E+01
 0.133801327225481465E+00
 0.899063771427896646E-01
 0.654185920830092305E+00
-0.269411117689222379E+00
 0.112396960901433540E+01
 0.849042915253594710E-01
 0.646109680688173316E-01
 0.840731682567602334E+00
 0.263071437881257364E+00
 0.584916127500371474E+00
 0.292686911039669484E+00
 0.243177611915656927E+00
 0.379869672482475607E+00
 0.280066694794298465E+00
 0.485396246723908908E+00
 0.317006433277360222E+00
 0.282887497896911755E+00
 0.577647742623409344E+00
 0.170411756244712970E+00
 0.175500280252136709E+00
 0.474107787084556559E-01
 0.500072685052799087E-01
 0.118180344390055581E+01
 0.258835318544878151E-01
 0.340054448304927745E-01
 0.415670021192360382E-02
 0.508632871478219371E-02
 0.115499653134696390E+01
 0.320919503266795414E+00
 0.280842439570027524E+00
 0.919826099959421134E-01
 0.130428539680153638E+00
 0.149120478975924131E+01
 0.116276721425898302E+00
 0.679094116306066115E-01
 0.204787706125731869E-01
 0.344513845223209936E-01
 0.295373848367280667E+01
 0.534803560202661496E-01
 0.102386852658146541E-01
 0.284068240487543644E+00
 0.447027070099824730E+00
 0.211790776199935715E+01
 0.785675035112065823E+00
 0.947690660721101974E+00
 0.289678358266829772E+01
 0.524162394859838621E+01
 0.443827678992797470E+01
 0.194622258077643884E+01
 0.176938631865086737E+01
 0.170935483474289351E+01
 0.400633997374192230E+01
 0.101962945950106416E+02
 0.441607258558677795E+01
 0.292775739468326934E+01
-0.455113714150534365E+00
-0.112922069504561762E+01
 0.184257398585709495E+02
 0.213831777279386905E+02
 0.146136782759333457E+02
 0.172055912863898612E+02
 0.511707602563269077E+02
 0.328513464125461709E+02
 0.425022908787254217E+01
-0.322590643263422239E+01
-0.215069895669900326E+02
-0.165266499474049611E+01
 0.622311169221991900E+01
 0.172372352350609326E+01
 0.208257124202534261E+01
-0.577526055147235540E+00
-0.234335277943531872E+00
 0.244578965336101772E+01
-0.736491008186613727E+00
-0.176247104065166971E+01
-0.122789011905926637E+01
-0.615843758477462089E+00
 0.105608276440477855E+01
 0.346791254917949487E+00
 0.185349284236025147E+00
-0.126681108605651127E+00
-0.735942602376051386E-01
 0.864164980350868750E+00
 0.785205879748863446E-02
 0.354886190485304426E-01
-0.153060355017369171E+00
-0.971636741554576244E-01
 0.491162734254373790E+00
 0.289876121867114755E-01
 0.901881117500017981E-01
 0.112379216762611908E+00
 0.790569709371635176E-01
 0.356095436724662984E+00
 0.119687895468460315E+00
 0.163637795611466852E+00
 0.254912895187225756E-01
 0.202082929722924576E-01
 0.370223472475754600E+00
 0.494003411609443832E-01
 0.304837329528079883E-01
 0.117410260236071647E-01
 0.107742613208661481E-01
 0.372473153821889114E+00
-0.530702387177895141E-01
-0.371136045671074458E-01
 0.431782526676912429E-01
 0.461029479627345987E-01
 0.405895661311196310E+00
 0.127534047237760934E+00
 0.937512879167177737E-01
 0.968724995976012471E-01
 0.126530904197804883E+00
 0.308169005860017498E+00
 0.890382933568671237E-01
-0.280022202855126807E-01
 0.306255075652188714E-01
 0.440925631063875598E-01
 0.774260175104957149E+00
 0.221390194492901878E-01
 0.504537388872891221E-01
 0.278086735578087996E+00
 0.436844547471429312E+00
-0.895704003802943083E-03
 0.327604148159137354E+00
 0.366352704747136104E+00
 0.706715306127720155E+00
 0.122537168328520041E+01
 0.719126097767225470E+00
 0.503180448123380253E+00
 0.299613959297386045E+00
 0.232831276446400975E+00
 0.452174624770029121E+00
 0.257928291953536926E+01
 0.848349063250905311E+00
 0.418374443442555033E+00
 0.950711910868465404E+00
 0.226632073961997405E+01
 0.323734190611027906E+01
 0.184027626402721700E+01
 0.328587100821865263E+01
 0.250181447701747484E+01
 0.732741313927511317E+01
 0.361238195486808111E+01
 0.103611044356525923E+02
 0.293786056096947501E+01
-0.358930145957538471E+00
