-0.102524659457248299E+00
 0.375477544265721175E+01
 0.153674225274240839E+01
 0.197998235723311211E+01
 0.199961686260881155E+01
 0.730762423241617221E+00
 0.666137529753991209E+00
 0.132440968107450785E+01
 0.152735586174125415E+01
 0.238167853189609202E+00
 0.123047790229051213E+00
 0.985412035154209942E+00
 0.207438104120265948E+00
 0.728479381814514437E+00
 0.405884679480792487E+00
 0.289289735653300628E+00
 0.427364214432208400E+00
-0.113948113906775797E+00
 0.287260174191111328E+00
 0.453154008822120521E-01
 0.406620224516629769E-01
 0.818801746163255406E+00
 0.341242204971918595E+00
 0.271645728826012178E+00
 0.161037728915564525E-02
 0.194893724737737030E-02
 0.938306006896984623E+00
 0.264328079874579513E+00
 0.601520583553819335E-01
 0.188644492614226361E+00
 0.226133107551932888E+00
 0.915778807049082100E+00
 0.160604569076420539E+00
 0.125174855552830949E+00
 0.116170277868882482E+00
 0.175851411345101377E+00
 0.135465567057041580E+01
 0.292932372599535584E+00
 0.289083181259203847E+00
 0.539426415283248195E+00
 0.804067972336362069E+00
 0.113696767199207516E+01
 0.677232763231778723E+00
 0.676547768772008840E+00
 0.192745394199749787E+00
 0.321767964365712533E+00
 0.813217368610049895E+00
 0.133719511815986736E+01
 0.229896122438030748E+01
 0.117046450973710581E+01
 0.214905139641451104E+01
 0.240586403154552420E+01
 0.332590858455158367E+01
 0.107371409408905349E+01
 0.147180259959523796E+01
 0.311710464690877265E+01
 0.128424737682310326E+02
 0.534059315400052181E+01
 0.334853228057171837E+01
 0.147860865658098750E+00
 0.358410190099668680E+00
 0.516194076890622533E+01
 0.138860352933320286E+02
 0.211464268108067515E+02
 0.111635254811335614E+02
 0.329926982240759585E+02
 0.227109951073321845E+02
 0.274525274712436236E+02
 0.558694253839400048E+02
 0.282449129691539973E+02
 0.816125147572770544E+02
 0.170024764967724451E+03
 0.156289486158954247E+03
 0.136848441266972856E+03
 0.693898629958278832E+02
 0.252712641918697699E+03
-0.824969650461074089E+01
 0.791202368991729031E+03
 0.494536145833480020E+03
 0.155126835288513604E+03
 0.126478993285718055E+01
 0.510126883347270432E+01
 0.225276223771192319E+01
 0.147173594688989495E+01
 0.170961175436299495E+01
 0.744937501953964465E+00
 0.229250703406518941E+01
 0.905842762818324432E+00
-0.415056613344346792E+00
 0.688910421160137565E+00
 0.322584039602379913E+00
 0.113689595397264487E+01
 0.648936656021772973E+00
 0.982254354788057005E+00
 0.635987232515638712E+00
 0.361919239697217676E+00
-0.967864649750326128E-01
 0.690120406938277697E+00
 0.612927170886770289E+00
 0.125388146983676979E+00
 0.917836188977986384E-01
 0.497698493822687826E+00
 0.407199232654675669E+00
 0.188699970365476088E+00
-0.171279206126355305E-01
-0.151931025127266302E-01
 0.453286095958039481E+00
 0.126784186574592419E-01
 0.850838937884022539E-01
 0.190590739935096565E+00
 0.190695003643471278E+00
 0.322455778337721932E+00
 0.165431667721154224E+00
 0.224542229309385305E+00
-0.428641914833450197E-01
-0.499293213374128880E-01
 0.326646727002723847E+00
 0.262990095951410263E+00
 0.559241972771147400E+00
 0.279102804594291931E+00
 0.341315183994437055E+00
 0.349430085937263213E+00
 0.676016903797262148E-01
-0.329385211096011946E-01
 0.108337198284233688E+00
 0.163964250234913844E+00
 0.692756618414231973E+00
 0.578455165854397491E+00
 0.512904721259460628E+00
 0.548029475911742670E+00
 0.971027229676434067E+00
 0.999567244017843026E+00
 0.114299437612737864E+01
 0.444531925090552893E+00
 0.489923099921531047E+00
 0.855887106813800091E+00
 0.344898262650225051E+01
 0.199696537567324839E+01
 0.123032967052458342E+01
 0.414531751913319035E+00
 0.964731377363412412E+00
 0.160925328533478185E+01
 0.970476083949347701E+00
 0.748763350004470851E+01
 0.217155805763306953E+01
 0.493793087025123967E+01
 0.145940937736003011E+02
-0.280023451190168138E+00
 0.152846269350515787E+02
 0.100947203940596042E+01
 0.272447421807387213E+01
-0.366101336488591258E+02
 0.339857448694487019E+02
 0.296362777334569216E+02
 0.206461981841083819E+01
 0.709261968686350297E+01
 0.187477632674710833E+03
 0.999740401059457007E+01
 0.797189934682495647E+02
 0.939782010644521293E+01
 0.262713645781361138E+00
 0.397642741571892033E+01
 0.256223289265321430E+01
 0.278029474119849418E+01
 0.534056844284677840E-01
 0.186907602629952235E-01
 0.163250953685240385E+01
 0.608215597682423059E+00
 0.538366746946462027E+00
 0.177607100837590265E+00
 0.801972916235112326E-01
 0.649785898681333518E+00
 0.390260641758447602E+00
 0.773397386924753127E+00
 0.117943617963841341E+00
 0.692959630821005368E-01
 0.440738783963701808E+00
 0.256361219719403066E+00
 0.306713688514560379E+00
 0.179278607515575561E+00
 0.144618034363235615E+00
-0.220349522277607568E+00
 0.158718124973949187E+00
 0.192635691965443723E+00
 0.101014467680080891E+00
 0.821275716539504180E-01
 0.227065512831333194E+00
-0.746687457404741073E-01
-0.109032365121923325E+00
 0.575374219917891699E-01
 0.485122045163486545E-01
 0.189234679766344421E+00
 0.715060969394252788E-01
 0.727464960932022592E-01
 0.146127169451811395E-01
 0.150107504922559875E-01
 0.172596680988026469E+00
 0.271657520403454297E-01
-0.870409433929750058E-02
 0.822956100619088721E-01
 0.971575806779733236E-01
 0.858278690338905165E-01
 0.240489555008944200E+00
 0.135926881004009653E+00
 0.551366175965287419E-01
 0.763114472351012901E-01
 0.236592025396303335E+00
 0.620681449735864185E-01
 0.188308365914912207E+00
 0.132297394762033782E+00
 0.196235498185316687E+00
 0.504355574888219693E+00
 0.370750293912946061E+00
 0.130757200961834685E+00
 0.209344841202300264E+00
 0.347380505733847378E+00
 0.132050544527705455E+00
 0.140428597787767062E+00
 0.493005829228638170E+00
 0.118091234499226580E+00
 0.234501048322129230E+00
 0.102341441264771338E+01
 0.602812070320873472E+00
 0.189209560401243704E+01
 0.994011500769134027E+00
 0.206997774341504526E+01
 0.278588919887712594E+01
 0.250190314633943389E+01
 0.147244804909240146E+01
 0.209769327887101831E+01
 0.530165881147512685E+01
 0.126968311754774383E+02
 0.664951620157779821E+01
 0.639104247122685631E+01
 0.286451251863712830E+01
 0.922912746188827882E+01
 0.217002132713262021E+02
 0.268549781996249770E+02
 0.167597551268298552E+02
 0.535057999176497834E+01
