     48 -    30 -    30 -     1 
rmse=  31.7622meV
  0.298597624465059     
  9.861405697869190E-002
  4.985215509138967E-002
  0.400620711100542     
  0.750365406945412     
 -9.287482222771565E-002
  4.640204624521905E-002
  0.689851506180043     
  0.888909731903110     
 -0.611565243546290     
 -0.366498764953059     
 -0.787375463190510     
  7.144512857166586E-002
  0.220908459722537     
  0.403032006780195     
  0.252936565628953     
  5.714661603518744E-002
 -0.123814650077540     
 -8.054092819157729E-002
 -0.316943579220185     
 -0.175686511417390     
  0.289338722525264     
  0.320434201083147     
  0.464327656152626     
  1.972581955577878E-002
 -9.311444198204008E-002
  0.159363004743126     
 -0.135750161169887     
  0.377867953545154     
 -4.046068721234169E-005
 -0.230227342504882     
  0.617268496870485     
 -0.174188670619221     
 -0.498162474692739     
  0.211043474978039     
  0.107683698226970     
 -0.366729040718290     
  4.179237657009367E-002
 -0.336730488769880     
 -0.527742313581321     
  0.651529531522657     
  0.541706472120010     
  0.217530725808686     
 -2.662264174076608E-002
  0.524245772230233     
 -0.796388392584279     
  0.593330937740402     
  9.609522830672469E-002
  0.265047650409003     
 -0.184794968858335     
  0.135440194478808     
  0.342802569373266     
 -0.275205599823582     
 -0.858810152927898     
  8.695936615764646E-002
  9.823526936058639E-002
 -0.932164215125007     
 -0.142638975703518     
 -0.363438656442070     
  9.687821094928097E-002
  0.158372177430403     
  0.921065725517627     
 -0.466941951046490     
 -0.214818300253172     
 -6.797352239401545E-002
  0.162843116220269     
  0.204731387354253     
 -8.382683060869739E-002
 -6.533410794817293E-002
 -0.267714993057453     
  -1.07086520994933     
  0.450959653383372     
  4.931743099446258E-002
  0.167573503710167     
  0.464593243439875     
  0.489485797543213     
  0.154886152627230     
 -0.214465291046795     
  0.466731903452022     
  0.301821748390547     
 -0.318168809506647     
 -0.307584230258999     
 -6.078793852571263E-002
  0.156012623301447     
  0.162076149560975     
 -0.321438815839224     
  0.543565275736335     
 -0.490520124116672     
  0.977307938896928     
  0.456794935969499     
 -0.192427494569272     
 -0.329848831992416     
 -0.302476432651890     
 -0.550032315902601     
 -0.477801094571185     
  0.369359333212774     
  0.607111858874560     
  0.466426914685292     
  0.219578516892657     
  0.782375781167471     
  0.151718190885944     
 -0.241089796167719     
  0.367135740785209     
 -0.435742058968225     
  0.303042465759289     
 -0.199271528936056     
 -0.985827358910710     
 -0.328125635419953     
 -0.261351371697311     
 -0.159553682062771     
  1.389693208749980E-002
  0.318557132140160     
  0.765195944263933     
  0.600174752453439     
  0.698569958385404     
 -0.179352223600554     
  0.447824312672567     
 -0.275811576760339     
 -0.503000548899044     
  0.524770531723875     
 -0.684600868726821     
  0.285743318040323     
  0.539486510882253     
 -0.613406107159130     
  0.303857204653722     
 -5.971050012606160E-002
  0.489763537235061     
 -0.596603776436168     
 -3.147175340325605E-003
 -0.237590987883484     
 -0.639850560520400     
  0.119113769112663     
 -0.372784180541989     
 -0.170116090311498     
  0.321496774171990     
  0.255550013975015     
 -0.585681187512821     
  0.458022516181623     
  0.451512703001589     
  0.443478990825063     
  0.689408095827190     
 -0.398904452892332     
 -0.130520946327749     
  0.723003952372789     
  0.318171724047156     
  0.113254096913821     
  5.236278102621199E-002
 -0.326554763412121     
  0.506875504979967     
  0.526797205109357     
  0.471468776223842     
  0.564761143389872     
  0.754488796309684     
 -0.312897925931766     
 -0.258532470400846     
 -9.025251567689407E-002
  0.168433573358924     
 -0.450777696282882     
  0.417924163999202     
 -0.112575047600223     
  0.254076797285476     
  0.344727758553186     
  0.225062074213374     
  0.357152414497498     
  0.146906349932846     
  0.122029799630402     
 -0.512631797082292     
  8.568914597614805E-002
 -0.640610917703313     
  0.328444043815836     
  0.852947516378210     
  0.754958590676006     
 -0.414255183457653     
 -2.445977203763058E-002
 -0.314149658557895     
  0.922050801333827     
  0.312239064117406     
  6.640426377220693E-002
  1.705436809960992E-002
 -0.215916249734097     
 -0.281149049974237     
 -0.748944524502310     
 -0.645312802888291     
 -0.687693162049894     
  0.990428262982558     
  0.220191892173641     
 -0.316787926766544     
 -0.148097471432550     
 -0.571852697208986     
   1.00225321021201     
 -0.549840217976756     
 -0.484118757918703     
 -0.173244328166212     
 -0.135850875683151     
  0.131007823699532     
 -0.452716313465676     
  -1.32748778631901     
  0.477685446976787     
   1.39548656754876     
 -0.464193854521133     
   1.22964712410288     
 -0.371895713597919     
 -0.771009466870985     
 -0.192620033745022     
  0.205047885556329     
 -0.602936006307817     
  0.648498104999674     
  0.583554130065916     
  5.094474233222949E-002
  8.333236963977123E-002
  0.166652802611228     
  0.524109670832442     
  1.453728143814308E-002
  0.200718089282332     
 -0.782873594954741     
  -1.01830505361891     
  0.652990196153332     
 -0.568254962189143     
  0.284641941863351     
 -0.909768501300173     
   1.12789707563253     
 -0.166352672084959     
  -1.05198985893782     
  0.317167202898409     
  0.235706177720567     
  0.232974015713042     
  0.533412975069990     
  0.443865722786219     
  0.440515946080483     
 -0.104750299539628     
 -0.530739241955187     
  0.345395233146176     
 -0.634621721315410     
   1.09930747526181     
  0.498069157454037     
   1.17480408273307     
 -4.453209617794909E-002
 -0.136541682760074     
   1.04603413348344     
 -0.896834253096920     
  0.139224177842821     
  0.163356862952835     
 -0.198801399079283     
  9.548901059966752E-003
 -0.436344522196588     
 -0.308607245884371     
  2.714419435159243E-002
  0.882776602393561     
  0.505161027102607     
 -0.659130307407460     
  0.238012026436840     
 -2.652304692074437E-002
  7.492623542283114E-002
 -0.137471324482058     
 -0.308969208251315     
  0.216840346329551     
 -2.958889103602880E-003
  0.152774150344877     
  8.883463824504977E-002
  2.362533136337266E-002
  -1.45569862062204     
  0.758684288118774     
  4.977710154500260E-002
 -0.130055820156446     
  0.257027747641151     
 -0.450024375404746     
  0.651424347666123     
  0.469289288001661     
 -0.831083392568412     
  0.376225001949764     
 -0.364746301720079     
  -1.00570366734870     
 -0.177096792137215     
 -0.178408637676117     
 -0.266937550389274     
  0.703320945867887     
  0.474477467504279     
 -0.303759950418106     
  -1.10535164337300     
 -0.691118190119839     
 -0.250264643142615     
  8.756621632065284E-002
 -0.226267023666542     
  5.948202339518017E-002
  0.510606683909250     
 -0.412329057643550     
  0.302784794382530     
  0.212619099091403     
  9.218786241683111E-002
  0.246976301147480     
  0.368809583400748     
 -0.735295607801350     
  0.372718988433477     
  0.872154516112907     
  0.811408323600938     
 -0.707443948000925     
  0.367039152981704     
  0.146716935140679     
 -0.517145718096130     
 -0.605468769129812     
 -0.909209628957037     
 -3.370072975053001E-002
 -0.699073319992946     
 -0.596030275193899     
  0.414369815681870     
  8.330631438137759E-002
  0.324899395464393     
 -0.623582218095084     
  0.438003488825040     
 -7.932629015989547E-002
  0.459022375374964     
 -0.132167525790251     
 -0.773610883472289     
 -1.700201644761615E-002
  0.902701137346842     
 -2.391409434982921E-002
 -0.459566673898532     
  0.852834119601791     
 -0.560261000202609     
 -0.196823159608244     
  0.469964875094528     
  0.377302590158963     
  0.510387153708582     
 -0.607780950519721     
 -0.202006800579413     
  -1.34289669124124     
 -6.159653276868009E-002
  0.463373901137966     
  0.340078730131047     
 -0.402233762931361     
   1.19185096519036     
  0.761856501897647     
   1.22414895131398     
 -0.186560543270857     
  0.154392557013408     
   1.37924847398307     
  0.770390367291781     
  9.910722123323951E-002
  4.610395615291805E-002
  0.114830070394646     
  5.026852020771572E-002
  0.603762200306885     
 -0.170624875344405     
 -4.958814454837568E-002
 -0.497045313542639     
   1.03097212219163     
  0.496620493620825     
 -0.629445071935542     
 -0.277253980531902     
 -3.421937097240728E-002
  0.277057228971487     
 -0.530222462634616     
  0.306482301354356     
 -5.991388859940898E-002
  1.138881769289286E-002
  0.295866941930202     
 -3.688260782226185E-002
 -0.114088588580164     
 -0.377599303374117     
  0.113342710807585     
 -0.573371051086363     
 -0.270912437692179     
 -2.839373301357094E-002
  7.508905320862462E-003
 -0.751991513681085     
  0.398221884744308     
  0.276317300571957     
 -0.336488515465148     
 -0.180763815696045     
 -0.174275298960017     
 -0.211753721463598     
  2.184798559615169E-002
 -0.430246715123014     
  0.305932634008242     
  0.136511027925420     
  0.201840436505585     
 -0.490519168493342     
  -1.55263342993877     
  0.806681649064174     
 -0.114064762079852     
  0.928988315637398     
 -0.769110661055421     
  0.675626241418370     
  0.452807465800113     
 -0.686627850328570     
 -0.193520417684690     
 -0.224383813689514     
  0.274836611014777     
  0.202727557708971     
 -0.106649670817254     
  0.424438104780997     
 -0.139817848774868     
 -0.133889050084279     
 -2.736646125884014E-003
 -0.507466021415623     
 -0.516860261459881     
  9.961828468994181E-002
  0.347729722783463     
 -0.204913882537458     
  0.104340025401132     
 -0.165676867988919     
  3.522067530383154E-002
  0.221216814134801     
 -0.815188156450272     
  0.516235299929572     
 -6.729876070939642E-002
  0.139905836989054     
 -0.710275396071795     
  0.213646131527644     
 -8.980244146869590E-002
 -0.616603368254121     
  0.597442435846816     
  0.467664346577716     
 -7.143072563587428E-002
 -0.126760107028316     
  0.712083947742436     
 -2.852290158139252E-002
  0.766932759533137     
  0.593441544870843     
 -0.626209656846505     
  0.444165954926428     
 -0.744670088312435     
  0.644280681248746     
  0.296377829897908     
  8.728624168938381E-002
  0.243278577016938     
  0.521790398963123     
 -6.046390446246511E-002
 -7.861193605758396E-002
 -0.140910576067925     
 -1.044155207799798E-002
 -2.286294514901685E-002
  8.748352983197287E-002
  0.154417932379867     
  0.140414336536360     
  0.225278541633169     
 -5.810885679120680E-002
  0.182406377427812     
   1.02004474017493     
 -0.265696735870261     
 -0.699123661136878     
 -1.385477234898988E-002
 -5.485328339676372E-002
  0.228451344672136     
 -0.364163933490230     
  0.377939969482971     
 -0.464415030363679     
  0.530983365151662     
 -0.109056629918442     
 -3.173741561671636E-002
 -0.212097242873338     
 -4.967871278522695E-002
  0.116447565036776     
  0.270279611688873     
  0.371939405641959     
  0.309251512465848     
  0.217537471702631     
  0.847916780840433     
 -0.575450670315159     
  0.142369423123426     
  0.728345018515137     
 -9.969420121315219E-002
 -0.268931030839583     
  0.902123416412811     
 -5.091674198803166E-002
 -0.146045781991965     
  0.989422296793572     
 -0.799281239605686     
  0.351799928209541     
  -1.60349234965088     
  0.625543712252316     
 -0.419209071222057     
  0.930798175776090     
 -0.234735741054280     
  0.463810087950463     
  0.586667816994730     
 -0.191090977518432     
  4.387021533966016E-002
 -0.261513889438509     
 -0.391547956451370     
 -6.219069530626455E-002
 -0.377844379762954     
 -0.178691542405086     
 -0.225293399043088     
  0.258237492219414     
  0.157304477909076     
 -0.244181379337792     
  0.776024408863076     
 -0.101671034437224     
 -0.446601025511338     
  0.128639769467976     
 -0.156340633981845     
  0.205234429768917     
  0.160584938691258     
 -0.570088201222990     
   1.21773521021728     
 -0.224625201233452     
 -0.234860849866142     
  0.320278502709211     
  0.376280359060690     
 -9.372860489704017E-002
 -0.382772250868492     
  -1.05814060299580     
  0.662698967692636     
  0.205077962138284     
 -0.492953289702636     
  0.286193654508896     
 -0.568258622949587     
  0.526517530338262     
 -0.419751108998184     
 -0.323016242026928     
 -0.154673770814860     
 -0.444571088600123     
 -0.807848600582913     
 -0.681875807472599     
 -5.526272277582461E-002
 -0.348416804531113     
  0.576051465167959     
 -0.826161209142695     
 -0.191544449285885     
  0.630093991876858     
  0.726275803320294     
 -0.298518576535561     
 -0.721753434110122     
 -0.102897895054530     
  1.874111966291375E-002
 -0.328419882663740     
  -1.06921581902723     
  0.341351883119643     
  1.873566421061067E-002
  0.272126183513539     
 -0.405767856070245     
 -2.404350939978721E-002
 -0.333923075581791     
 -0.114327529040829     
 -0.310323899181184     
 -4.848105919834572E-002
 -0.753082389699214     
  1.166856779899977E-003
 -0.144772883787591     
 -0.430548043413292     
  0.113408218184216     
 -0.319848941735296     
 -0.548521064998932     
  0.307401643571461     
  0.169837510107660     
  1.178123087771646E-004
 -0.311300165958272     
  0.127905758793746     
  0.269548890602233     
  0.188747771017493     
  0.358336638677994     
  5.953741480492687E-002
 -0.771865040929593     
  0.511585950707026     
  0.507276646995042     
 -1.893422468759771E-002
 -9.138416079528243E-002
  0.385162845897879     
 -0.578431221563172     
  0.333747269088460     
 -3.523683933337676E-002
 -3.290762467343714E-002
  0.269470335269434     
 -2.539423438281263E-002
  0.123596830393422     
  0.261461395375028     
  0.179102580270908     
  0.853409145897971     
  0.575416945834120     
  0.158991121702476     
 -0.342117863619027     
  0.364037847085953     
  0.195697318916513     
 -0.490747816467160     
  0.799816164020062     
 -0.197975986904550     
  0.137773457989704     
 -1.979263302120518E-002
  0.641153542555427     
  0.448434636400564     
 -0.112299189770902     
 -0.390075358047768     
  0.288308862491628     
  0.496482445641963     
   1.47888379579350     
  1.512368837445398E-002
 -0.407974652982351     
 -0.846130865306159     
  0.120178832435704     
 -0.549119423749057     
  0.935460805392911     
  0.137317403016464     
 -6.388444849729580E-002
  4.216845012588917E-002
  0.196733968429332     
  0.181104182724841     
 -0.348170611574859     
   1.19104082057508     
   1.71931440241882     
 -0.240816756505761     
  0.279277543006978     
  0.348543958253911     
  0.379244410248287     
 -1.161125855077639E-002
 -0.182980597684655     
 -0.187327976055061     
 -0.376319480142411     
  1.466862598232654E-002
  0.124585594447817     
 -9.859408992431851E-002
  0.960860420400757     
 -0.581537074250867     
 -0.680281003117892     
   1.07683525938473     
 -0.573057891513782     
  -1.06716033612992     
  -1.01525056251927     
 -0.183618256628837     
  0.218147018027090     
  0.372973446854631     
  0.680537244487775     
 -0.772586722401877     
 -2.126199649893282E-002
 -0.867685714006457     
 -0.341548149394889     
 -0.576900602609026     
  -1.05910459535132     
  0.104070641829973     
  0.343694748482915     
 -0.272365947325568     
  3.200877355806600E-002
  0.326840683849277     
  0.865403332027810     
  0.510197845797317     
 -0.915537347741698     
  0.134766359077734     
  0.421078938412446     
  0.348436323144639     
 -0.324595559677927     
 -0.391106962827952     
  0.104060653533634     
 -0.106107676975660     
   1.02385681619541     
  0.132523788475079     
 -0.249346893665145     
 -0.389204692372098     
 -0.120035039656915     
  0.233899812219475     
 -1.487824146529115E-002
 -0.206765086305970     
  0.684177299537984     
  0.361860106093020     
 -0.517785012391192     
  0.343280035624742     
  9.466513375311053E-002
 -0.481292040482366     
 -9.882635453383901E-002
 -0.388662571256075     
  6.584923209457416E-002
 -9.790968369616479E-002
  0.116138404983335     
  0.175924300145197     
 -0.106041508829385     
 -0.623497983042072     
 -0.890467212363336     
  0.397094384587469     
 -0.612587313900063     
  0.569527218355798     
 -0.484445930756926     
  0.634233163583671     
  0.127888455198615     
  0.487005315693153     
  0.155796656128864     
  7.799970142205745E-002
 -0.420751768580571     
  3.437614021356678E-002
  5.326381703858819E-002
  3.588787949945224E-002
  0.446760916866451     
 -0.193479634777958     
 -0.390266317652078     
  0.180046878124786     
 -0.165361991961990     
 -0.655456322506193     
  0.418518757932836     
 -0.169711403197298     
 -0.235828920855830     
  0.388396241813270     
  0.172194798463032     
  0.275495779765470     
 -0.118895983797527     
  6.601011753795362E-002
  0.211661783968131     
 -3.792791271418708E-002
  0.109353684053278     
  0.402819334938265     
 -0.189766946980327     
 -0.373923185059598     
  0.135075608535493     
  0.429393026150321     
 -0.253504608072586     
  0.305993753914520     
  2.254053515754375E-002
  0.359121217898513     
  0.592350039330917     
 -0.201367312798635     
 -0.722898973741964     
  0.296932615750303     
  0.163200017087288     
 -1.740769851207819E-002
 -0.284309906754111     
  0.599598348995536     
  0.130849294524663     
  0.642928611665095     
 -0.243370028354721     
  0.351202813531742     
 -0.165061534229666     
 -8.295283570927894E-002
  0.442888656436392     
  0.368931420976054     
  7.535534654800530E-002
 -0.468896524351104     
 -0.696577352919992     
 -0.122741828286637     
 -0.807867257979607     
   1.16792143204683     
  0.559462155400862     
 -0.166822503660238     
  0.283544451447750     
  9.645770658767146E-002
  0.494294169452534     
  0.226238624569563     
 -0.327123902980882     
  0.308196785736667     
  0.831055965221827     
  0.265884723017946     
  8.421713931956827E-002
  0.295712149547159     
  0.306856367037213     
 -0.671188680659253     
  3.284988169010093E-002
 -0.155718328964420     
 -0.967525006139399     
 -2.629105225840277E-002
  0.150263317875682     
 -0.366418676163207     
 -0.415709265319221     
 -0.627398751854587     
  0.430189339828119     
 -0.770191477989507     
 -0.404561102899913     
  0.298273885447870     
 -0.318354370344510     
 -0.330661373931794     
  0.354755720160404     
  0.879298943177621     
 -0.895648048457441     
 -0.579868625137924     
 -0.549940586857201     
 -0.428947129671108     
 -0.205180639014131     
 -0.497717906039844     
  0.257711211236373     
 -0.285186758718913     
  0.393799707813838     
 -0.740421557218018     
 -0.523230115593332     
 -0.251966684288517     
 -0.119508680061303     
 -1.967693353749497E-003
 -0.419526430156961     
  0.128408301715259     
  0.149183791224646     
   1.49572631925729     
  3.148106440675851E-002
 -0.252435041224287     
  7.761558883343367E-002
   1.67993237118640     
 -0.423170209464494     
  -1.48249949594187     
 -0.357947593347199     
 -0.754043212384768     
 -0.830854070512775     
 -0.499695771130579     
 -0.442650880883973     
  -1.18843649329274     
  -1.01833665353612     
 -1.140996508394101E-002
  0.737680145986967     
  0.208782051035048     
  0.150270768592623     
 -0.713200927825288     
  0.571446382064493     
  -1.30921433599559     
  0.854030624988619     
 -8.931391380992578E-003
  0.563320748013152     
 -0.223064351482073     
  0.742437776214244     
 -0.315976493827130     
  0.261418202320882     
  0.609102948009488     
  0.807345503101643     
 -0.382972963363571     
 -0.822894695322340     
 -0.692313347068296     
 -0.177394297251960     
  0.387111920254249     
 -0.809170342492354     
  2.541417563735070E-003
   1.37494059920181     
   1.54198384104305     
  0.346804571418659     
  0.795068091826702     
  0.796142822939184     
  0.722811466348568     
 -0.429537907849205     
 -0.387626462670781     
 -0.703088951390992     
 -0.569263851219114     
 -0.468762111455335     
  0.808319737038499     
 -2.430654002765759E-002
 -0.769815883497210     
  8.631502431090414E-002
 -0.335190862749283     
 -0.421213864477397     
  0.387665068165162     
 -2.066961879249295E-002
  0.217911680070964     
 -0.461146682949071     
  0.403524214070953     
 -9.788782660141759E-002
 -0.376965984573662     
  0.430443094598107     
  0.172171724981071     
  0.128680351357189     
 -5.547380112231053E-002
 -0.620885503146034     
  0.672961501087391     
 -0.417182134861830     
  -1.01314225172541     
  0.256046854619349     
 -0.110820850765816     
  1.405181938837373E-002
  0.236798959635455     
  9.817542219089141E-003
  0.359689132758894     
 -0.165525103663794     
  0.244135468256463     
  0.681768740900104     
  0.138473086213552     
 -0.149356857410566     
 -0.113923405069940     
 -2.429037407115044E-002
 -0.340077906672715     
  0.146766648256813     
  0.310913161608029     
  0.151374254668695     
 -0.281091962472898     
 -0.229582612871594     
  0.425584748023546     
  0.600171313692068     
 -0.163488596971574     
 -9.709102187357944E-002
 -1.081084688915501E-002
 -7.821328275259332E-002
 -0.540108877367220     
 -0.964119503609546     
  0.122597276219837     
  2.367859087160832E-002
  0.736793470422679     
 -0.434919668190244     
 -0.700543330783700     
 -0.513911551130940     
  0.191779459948981     
 -8.417325768246080E-002
  0.438214800544910     
 -0.428944465331548     
 -0.106416051455410     
  6.468988751512819E-002
 -0.337275725930935     
  0.115906435334836     
  0.291731037625363     
 -0.361532577566536     
 -9.890554067680886E-002
 -0.322882206020855     
 -2.252512591562799E-002
  0.686151911767110     
 -0.855927452251464     
  0.387552390272724     
  0.476646557477479     
 -0.346624524364927     
  0.398744611624412     
 -0.476292022678854     
  1.243648851457860E-002
  0.123649706314432     
 -0.114788905853764     
  0.362019972136660     
   1.18971105819598     
  0.180617630091234     
  0.261336253129766     
  1.828279578667406E-002
 -0.809537755831892     
  3.098663732895852E-002
  0.639784552040773     
  0.269334457374321     
 -0.201042199148133     
  0.108762866346023     
 -0.330047356250025     
  0.511371713947219     
  0.130586931074278     
 -0.306689089929813     
 -0.189504460243239     
 -0.163315037527701     
 -0.668591121542289     
 -0.155590367471805     
  0.169147011231304     
  0.145334905024120     
 -0.203316596892881     
  0.499324594568408     
 -0.239258620965454     
 -3.549270940741561E-002
  0.929889675445401     
 -0.444486870328412     
   1.22018250066142     
  0.146140570804159     
 -0.142504927252257     
 -8.019851918644902E-002
 -0.251883236421329     
 -0.473307367934303     
 -0.233678981772679     
  -1.09647813724944     
 -0.519427948374569     
 -0.252646242107667     
 -0.518951981655862     
  0.982880121492441     
 -0.108338535127793     
 -0.943645113199940     
  0.296541962346938     
  1.994912244684141E-002
 -0.110853163408700     
  0.165216436776319     
  5.543048675905532E-002
  5.209584411669532E-002
  0.207952124597744     
  0.484015836675046     
  0.267567635508995     
  0.109234315066090     
 -0.206235140072133     
 -0.106586810201042     
 -0.382768989945168     
 -0.322571317475837     
 -5.582048151824508E-002
 -0.280822059211526     
 -0.605446088536470     
 -8.231661498353479E-002
 -0.182373886550610     
 -0.170946295098868     
  0.149682258768411     
  6.971553607320106E-002
 -8.379557850932912E-002
  7.914281234362934E-003
  3.449931310480295E-002
  0.181617746938552     
 -0.534253754189031     
  -1.03935475428774     
 -0.414986158949897     
 -0.418602862190004     
  -1.48592148524748     
 -0.991268934018095     
  0.709096359270031     
 -0.449618732557473     
  0.730779389283214     
 -7.023719127803427E-002
 -6.046857176845741E-002
 -6.098902402217179E-002
  0.749995786175556     
  0.706596156677246     
  6.634824987207681E-002
 -0.772292228997542     
  0.336149436627521     
  0.263832831504009     
 -0.897974939734772     
 -0.621654314405689     
  0.914915774154388     
  0.271517644918968     
  0.879016150912093     
 -0.452990569012204     
  0.733118872241347     
  -1.18198588147855     
  1.106952014792695E-002
 -0.316868493750886     
  0.357850522127372     
 -0.115156951215518     
 -0.262307242091619     
  0.608960846931379     
 -0.732983862723131     
   1.06197959827887     
  0.104759965766957     
  0.328074421642670     
  0.986655415998927     
 -0.193909036734484     
 -0.396647200523657     
  0.152873857372346     
 -7.521193541609399E-002
  0.497309047990334     
 -6.797701759003748E-002
  0.200714987237518     
  1.577948982099784E-002
 -7.678139253333986E-002
  0.152564319921670     
  0.967492482346621     
  0.655650022757364     
 -0.297443259092797     
  0.260046948186557     
  -1.03661749638091     
  0.370701580825452     
  0.697739461086982     
 -0.799270323277524     
  0.567236913973268     
   1.00204226804246     
 -0.227155173969091     
 -5.043040202374690E-002
 -2.912003658327949E-002
  1.300446545603575E-002
  0.422898182312829     
 -0.156299615882515     
  0.162323031192626     
 -0.620145378549309     
  0.218949385123485     
  0.771638053363753     
 -0.919604711574445     
 -0.315285519260474     
 -0.570758814330590     
 -0.220115219591073     
 -0.190732821466255     
  -1.30138867131016     
  0.534816245344100     
 -0.194638620495382     
  1.859904943892144E-002
  7.603866912394038E-002
   1.03063281880840     
  -1.45586681524322     
 -0.815679524089055     
  0.101827837961408     
  0.233493386610631     
 -0.848901513854443     
  0.342256297399435     
  0.106935453854170     
   1.12087983038047     
  0.813481966654383     
 -0.809947324181072     
  0.816593038836495     
 -0.348053693295826     
  0.362004511416994     
  0.279504463961177     
  7.045447303433386E-002
  0.200671139083950     
  0.875389994046290     
   1.02512777005012     
  -1.47468926002523     
  0.687514397196386     
  0.820189087774383     
  0.250133030007837     
 -0.553921658280870     
 -0.489651255915285     
 -0.770681354822740     
   1.82159445508714     
 -0.259927824426066     
 -0.116491062797706     
  0.105702038573782     
  0.222608352312323     
  0.809809189808788     
 -0.556462975246607     
 -0.747522279794540     
  0.483881261718297     
 -0.217895182741002     
   1.71141075876851     
 -0.322417017854148     
  0.859092783974171     
  0.253384736072577     
   1.33291960051722     
   1.15220146191929     
 -0.602660872288845     
 -0.692533480597035     
  0.293558091895196     
 -0.320483936026419     
 -0.324840528055888     
 -0.356992608159167     
  0.376772838506822     
 -0.433379918057134     
  4.347110219416504E-002
  0.575156275788184     
 -0.341825084448601     
 -0.212015188668020     
  8.229453899835980E-002
  0.620612296407766     
  0.652809606696742     
 -8.822131077054512E-002
 -0.828332435403581     
  0.807887799211170     
 -0.649343154900302     
 -0.227091196849138     
 -0.205970776884112     
 -6.538205056557662E-002
 -0.527422430135906     
 -0.336900422624964     
  0.348330360257537     
 -0.218625932258520     
 -0.557830948273586     
 -8.986855383603995E-002
  7.211684084664853E-002
 -0.430417108699076     
 -0.273566261180104     
  0.196127828385128     
 -0.136433095896882     
  0.703336641238096     
 -0.167094793448851     
 -0.139919458633854     
 -0.234448299197743     
 -0.406027354654610     
  4.045783222504822E-002
 -8.188493110310358E-002
 -7.277045366691801E-002
 -0.319844468788130     
  0.279087752838951     
 -0.747511875342267     
 -0.249255672513520     
  0.565760344316164     
 -0.325710013416622     
 -0.264166603016811     
  0.239245343784537     
 -0.434031091782731     
  0.327942768703532     
 -0.363592238235250     
 -0.318804492074574     
  0.117490311686077     
  0.659394873530346     
 -0.227877938982510     
  0.547404710510309     
  8.787778948263610E-003
  0.555802721264772     
  5.525105525529523E-002
  3.321982579034142E-002
  0.213434238169884     
  4.774641125508582E-002
  0.153624128261510     
 -0.101493973885011     
 -0.107153438018588     
 -0.328639613306227     
 -0.278587017100628     
 -0.420866657659580     
 -0.195938475764582     
 -0.307467784210420     
  0.195328875485302     
  0.240975934803264     
 -0.573420395927904     
  0.738724012990460     
  0.497151835215769     
 -0.559388046496331     
 -0.212335659433207     
 -0.994770997184713     
  0.609710639425529     
 -0.953866306645851     
  0.732088306163710     
 -3.590753511718273E-002
 -0.224395923283417     
 -0.380005460166508     
 -0.154718641244471     
  0.553215630747998     
 -0.519629466458427     
  0.910605303661284     
 -0.946515504056319     
  0.419829918681121     
  0.752141234435898     
  0.391653612960707     
 -7.048981516955545E-002
  0.528276802039091     
 -0.459227030576397     
 -0.371196555928151     
 -0.776817454895080     
  0.722619137213098     
 -0.254611715962517     
 -0.312459503667190     
  0.170843278769423     
 -0.352196842876931     
  0.266838748749041     
 -0.318539858807362     
 -0.649219728447811     
 -0.524812951125902     
 -0.168809369496346     
  0.363168744031868     
  0.470757968968895     
  0.588590314434264     
  8.684405279010746E-003
   1.31601791456962     
 -0.608429346912611     
  0.428022428178437     
  0.446585963008687     
  0.498070422847622     
  0.149195767596082     
  0.708678899603327     
 -0.817280526530763     
   1.24396363068255     
  0.780419599165158     
 -0.268110787674638     
 -0.292011543531116     
  3.076852113529754E-002
 -0.253032737285127     
 -0.530589993003152     
  0.620411612789600     
  0.398951526326525     
 -0.945625475108411     
  0.657646778305904     
  0.363806233916223     
  0.632090854301506     
  0.133930677107692     
  0.143886396379031     
 -3.392826499053656E-002
 -7.777031167763170E-002
 -0.461060181016277     
 -0.272418057152802     
 -3.388122431258063E-002
  0.873380742915990     
  0.499270815970452     
  -1.13523076702651     
   1.76929611765239     
  -1.42336219713858     
   1.32963447176836     
  0.369842425819027     
  0.262699887755438     
  0.327702604179634     
  1.669259368711160E-002
 -0.540525613612913     
 -0.500776059952648     
  0.304369783760643     
 -0.328730207017641     
  0.725713888187534     
 -0.434033270854861     
  0.366716678609181     
  0.290036201482152     
  -1.04413283239568     
 -0.901881979679604     
  0.165039533973269     
  0.290005682583173     
 -0.988354534681013     
  0.509901099849329     
 -0.114447536973565     
 -4.829806848446754E-002
 -0.465781750987751     
   1.59838514145164     
 -5.220575909531543E-002
  -1.72873115013267     
 -0.730976868666364     
  6.015882092840807E-002
  0.515424036327613     
  -1.46658684792239     
 -0.500323576431688     
  0.939223524266388     
  0.187442248925611     
 -0.488574197274550     
  0.316730749118087     
  0.385500756916846     
  0.188942546062882     
 -0.147072086649695     
 -0.631560516115481     
   1.19326870421907     
 -0.112398399557129     
  0.168291944023081     
   1.31679320982022     
 -0.897882908112979     
  0.605832905903472     
  0.287824363923356     
 -0.217542655903160     
  0.187833947756447     
 -0.322990582321265     
  0.563677725827402     
  4.749208161480850E-002
 -0.162436978140240     
 -0.155710288604784     
  0.474990264852325     
 -0.208884884398090     
 -0.856728739631226     
  0.884377852544723     
  0.777634919447532     
  0.924558447766486     
  -1.44260758189372     
  0.478915259476425     
 -0.184703147143401     
 -0.191222464755399     
 -0.356997830946549     
 -0.434233640870468     
  0.419526198495256     
 -0.631314246899885     
  0.126110370876460     
 -1.804259503742889E-002
  0.126063221664357     
  0.475532527654631     
  -1.04678591767550     
  0.191982672276784     
  0.703214679014113     
  0.479921892754222     
 -0.333257326968213     
 -0.474147689173044     
 -0.130670433776560     
 -0.171286625492061     
 -0.343750033623959     
  0.435449804539599     
 -0.950833856584213     
 -0.596923413039646     
  0.372782863956163     
  5.968534335227631E-002
  4.848836974422654E-002
  0.887795916686353     
 -6.870865516171831E-002
  0.731702983216698     
  0.102557726706205     
  7.645345909999596E-002
   1.15468813522707     
 -0.778840300435624     
 -0.329426240711953     
 -8.810960026216412E-002
 -0.491755398687403     
  0.391839251306712     
 -0.245664149013791     
   1.01973691897509     
  0.497508643980180     
  0.578389502463045     
  0.464227566909468     
  0.272052975757771     
 -2.614364154648010E-002
  0.177197067399084     
  0.551076944699042     
 -0.560724487089985     
  0.908341984485876     
  0.618789826065253     
  0.540700171577844     
  0.700419109663462     
  0.141036718356506     
 -0.292111963221071     
  0.433026140480197     
  0.319383222825543     
 -0.338266584846032     
 -0.438406430255580     
 -0.101203281445674     
 -0.250662680104744     
 -0.529303505740301     
  0.213616208319821     
 -0.136668693759429     
 -9.813289209791061E-002
  0.321042489616833     
  0.474866238534885     
  0.214444711843761     
 -0.176688674482472     
  0.133411152880177     
 -9.775557721977686E-002
 -2.588215796733711E-002
 -0.237577870929863     
 -0.304950902327528     
 -5.885583761764195E-002
 -0.225313054882982     
 -3.789855669959633E-002
 -0.192692818038133     
  2.681354346302156E-002
  0.744198061756889     
 -0.437288095252658     
 -0.721984109456456     
  0.771016113765892     
 -0.745403604297680     
  2.818302203378920E-002
  8.392058794170229E-002
 -0.345521108638195     
  0.573056661400016     
 -0.152086973330790     
 -0.881395913566542     
 -0.607727033546580     
 -3.522008343249476E-002
  6.121823792342096E-002
  0.192972760934169     
  0.521588220972962     
  0.296815474212345     
  5.651437075186004E-002
  8.108517541251592E-002
 -0.625644806296364     
  0.206893876565515     
 -0.255322665248452     
 -0.573550080009962     
  0.660084810364715     
 -0.545614850847156     
  0.168544512308212     
  0.384511749346741     
  0.217404083898465     
  0.114203289522768     
  0.120484350373086     
 -0.813688419039857     
 -0.151055336883252     
  0.464154567262231     
  0.381538374279043     
 -0.858282075996410     
  0.614787014419859     
  9.032262421932915E-004
 -0.755397436286495     
   1.48100091068874     
  0.322387548814951     
   1.50079609460843     
   1.20504156882588     
 -1.409474331382861E-002
  0.218881222667364     
 -0.256208863349983     
  0.341831399405009     
  0.396665262075312     
   1.02141893528380     
   1.85188410578387     
 -0.494490683821155     
  0.863918578565740     
 -0.927902383533049     
  0.998955275727797     
 -0.421832979466540     
  0.307764473488197     
 -0.865146258918148     
 -0.133369880399045     
  0.474943221931133     
 -0.409874703866697     
  0.167643811120125     
 -0.224527152439145     
   1.31707627689531     
 -0.577328407041270     
  0.112095730943644     
 -0.235209563273307     
 -0.474630913764630     
  0.987758064223938     
  0.699422670917980     
  -1.11879388993377     
  -1.27243334492172     
 -0.521003839350152     
 -0.564469577338085     
  0.121914101981508     
 -0.430396661614454     
 
  -1.00768177045482     
  0.595987679236441     
 -2.237359261024121E-002
  0.391070074396891     
  7.211587356031988E-002
   1.31109413745209     
 -0.639877931466588     
 -0.734777940752463     
 -0.326743537318575     
 -0.380821081638202     
 -0.103674926677761     
 -0.505112188667939     
 -0.568874184641898     
 -0.420346270680746     
  -1.10855195030042     
   2.20819991318159     
  0.649967941119664     
  0.469815665120263     
  0.788629523528474     
  0.357001910236081     
 -6.928509101522523E-002
  0.918172265121025     
  -1.40768286565752     
  0.378782885087267     
  0.838350265708627     
  -1.01822345915242     
  7.350701541841564E-002
  -1.07177424988719     
 -0.371990744808792     
 -0.961537693366596     
 
   1.60600729380389     
  0.315923860219590     
  0.365408231000752     
  -2.59643777416700     
 -0.135092496864471     
 -0.276888647206673     
  0.511288671109227     
 -0.292030295908398     
  -1.17481693640639     
  0.652364571674249     
  0.214485369183254     
 -0.975475609439635     
  0.613286798016048     
  -1.29632893719323     
  -1.00284524315517     
  0.501622506320348     
  0.303905181804612     
 -2.831008598717904E-002
 -0.714948886240950     
 -9.640115986387648E-002
  -1.98123173155338     
  0.141033511835962     
   1.26348342558571     
  0.449847703947639     
  0.590577573050872     
 -0.367733390530643     
  -1.16401507428095     
  0.560507314095667     
 -0.208738960538952     
  -2.01084925017261     
  -1.22981727273540     
 -0.543298268268556     
  0.292928388508546     
 -4.265398681245131E-002
 -0.958822398794013     
 -0.437394725442278     
 -0.160741689467209     
 -0.133168556333821     
 -0.183763963997747     
 -0.240079851480008     
  0.125195280399811     
 -8.629960143669300E-002
 -0.772706723589952     
  7.522309401182048E-002
  -1.60529219479019     
 -0.890303752192353     
  0.572849833686619     
 -0.323950795947542     
 -0.667628099010880     
  0.384455102231475     
 -0.495253524395849     
 -0.334550631879602     
  0.873443004439459     
 -0.919169212837683     
  0.194320536419229     
  0.620181805425815     
  0.355397710385125     
  8.286095700490538E-002
  0.519648904300449     
  0.509218793800596     
 -2.032111516596058E-002
 -0.995894269522280     
  0.190872042728130     
  0.238340064448179     
  0.414895728185203     
  0.895614678661449     
 -0.428097682974426     
 -0.968451594348730     
 -0.904457837029105     
   1.44708151997222     
 -0.253906827076266     
   1.40084326304091     
 -9.443998914906959E-002
  0.866437949424541     
  0.291153931231443     
  7.660511174437061E-002
  0.387059161263565     
 -0.678367725214482     
 -0.573497194548238     
  0.608509132707898     
   1.16169462598018     
  5.946148205476766E-002
 -0.852926138049297     
  0.513572197299374     
  0.576570306674086     
 -0.298633159891801     
  0.183761553249654     
  7.689110027927899E-002
   1.49547990227268     
  0.297236352988207     
 -0.701427262309096     
 -5.931154623779961E-002
 -0.744632169130966     
  0.210854381408814     
 -0.360110763721804     
  0.399711106484245     
   1.02506240419301     
   1.16772681617328     
  -1.04400210055895     
  0.123333619031647     
   1.08551420938003     
 -0.438290357991687     
  0.711601796871240     
  -1.09841046646882     
 -0.921662056409935     
 -0.294821205823311     
  0.298520584103524     
  0.111126236236982     
   1.20300096070095     
  0.232824819233381     
 -0.149214491383822     
  0.436819362547873     
  0.270087207914377     
 -0.660102869750285     
  0.175772854738741     
 -0.240633834864050     
 -0.413476551039284     
   1.04010708549398     
 -0.147008432748206     
  0.486783450269830     
  0.305244296809545     
  8.204703094016334E-002
 -0.258372191027842     
 -0.772462531447818     
 -0.471280300193366     
 -1.871269741175036E-002
 -0.757054294621573     
 -0.652611808372628     
  0.978162744480690     
  0.518392667923973     
  1.592484729960573E-002
 -0.608163653294323     
  0.677216286168950     
 -0.807972979686710     
  0.962536376192457     
 -0.397455212798084     
 -0.548321965770286     
 -0.169198577133992     
  -1.01474806249572     
 -0.187977359348577     
 -0.604469110097745     
 -0.273707207278150     
 -0.337384176338058     
   1.26560636277837     
   1.25570499940369     
  0.535499154541471     
 -0.212604532633290     
  -1.15115185877441     
 -0.410870079600627     
 -0.810837011887344     
  -1.88825200793060     
  0.827914562586583     
  0.709290188729074     
  0.657819647182932     
  0.459316707393304     
  0.446694096854405     
  -1.55903517423103     
   1.41660252573392     
   1.18249035537742     
  -1.91076884695571     
 -0.739293759684103     
 -0.803767737355935     
   1.13744473452629     
  0.650470000413320     
  0.180790023861466     
  -1.74726015156748     
  0.883227223699491     
 -0.262833578234286     
 -0.826929752240255     
  0.658164588826228     
  5.122228973682585E-002
 -0.352136431563815     
  0.654556783865935     
  0.448749194116725     
   1.19389055880821     
   1.01065023690763     
 -0.639693419809007     
  -2.11639608680266     
  0.780031049441521     
   1.43482730106539     
 -0.487650681392691     
  9.434203554431178E-002
  0.164012061977450     
  5.050381083311611E-002
 -0.142179800199055     
  0.119606575604022     
 -0.418645855273879     
 -0.694652530450341     
  0.212054738928088     
  0.337233750466765     
  0.558275233646197     
 -0.667180768306866     
  0.243964849247451     
  -2.02299233570215     
   1.02838407027826     
  0.970296240693098     
  0.910910694100102     
  0.954833510137871     
  -1.21537990456124     
 -0.492324311163010     
   2.09977188178764     
 -0.237635573356953     
  0.327216841476683     
  0.587575755957537     
 -0.447199625294558     
  6.707058879090826E-002
 -0.297449375922740     
  0.191766153290185     
  0.380548005100378     
  4.077112971533116E-002
  0.229004286146775     
 -0.284834820833871     
  0.443701413768027     
  0.399951327568804     
  8.427978539644414E-002
 -0.542085319839809     
 -0.823988088825441     
   1.02037913589984     
  4.410736732539434E-002
  0.391836877849323     
  0.225504956583306     
   1.49064699591188     
  0.265888749143503     
  0.990150437506308     
  -1.02263831377133     
  0.396704481753322     
 -0.904647159756746     
 -0.970003664865010     
  0.249301350623372     
 -1.730705916551283E-002
 -5.857794990509015E-002
 -0.357398448332106     
 -2.476672201507354E-002
 -7.736488579650326E-002
 -0.379260279014275     
  7.405411719865009E-002
 -0.610122519898231     
  0.580213967122636     
 -8.812543285274912E-002
 -0.557408070117155     
  -1.29602138336442     
  0.491200612182909     
 -0.205620989438497     
 -0.709406345932525     
 -0.104253318941380     
  0.118389915154300     
 -0.768341985623534     
 -0.671480826243851     
   1.44173943276187     
 -0.362035448989811     
 -0.267344024954176     
 -0.349184469095113     
  0.294273322052081     
 -0.251714653733540     
 -0.104717621070082     
 -0.154321076698582     
  0.687072923479811     
  -1.80212069979696     
 -0.281155362010893     
 -0.199029936693260     
  0.384814984668413     
  0.646974994828428     
 -0.844992158298956     
 -0.444240916593293     
 -0.155437873261468     
  0.518729023474983     
  9.753021235694151E-002
  0.842963487030296     
 -1.606294772887710E-002
 -0.134830959855465     
  8.205037124811135E-002
 -0.339484137632391     
 -0.677544139458731     
  0.229107298223951     
  0.283760556456760     
  0.339030661792932     
  0.413216935020055     
  0.559989275773075     
  -1.08079522700052     
 -0.330140253870265     
   1.56988324428208     
  0.494778753118002     
  9.930338379742272E-002
   1.20323941928436     
  0.713401191052501     
  0.481850836440444     
  -1.16646018643921     
  0.132762294463690     
  0.748237658818880     
  0.324400878318744     
  0.628227195318068     
  0.211810953586537     
 -9.450026942484113E-002
 -0.784506702515262     
 -0.314148018383726     
 -0.546536892735882     
  2.438302847778104E-002
 -0.497467115747854     
  0.330481088261272     
   1.15491957148198     
  0.256254334156527     
 -0.579731718989617     
  0.806186696483980     
  0.519009314398284     
  -1.05929935262263     
 -0.631021678350879     
  0.494990948361192     
  0.106432318786140     
 -0.976829937271439     
  0.525875772200802     
  0.923464510817066     
 -0.219163255745716     
 -0.672382542620495     
  0.206080326444591     
  -2.13341085872335     
 -0.336485276010749     
 -0.671598986286366     
  0.677576530194975     
   1.29883411399795     
 -5.383514050712566E-002
 -0.304248352763477     
 -0.189310804334557     
  0.457697177933355     
  0.112880913247500     
 -0.966924308695845     
  0.365134947185693     
  -1.19314081767789     
  0.116038491810077     
 -0.700613311932049     
  0.197529287720876     
 -0.290049092217749     
 -0.164983789614698     
 -0.142444513868692     
 -0.700870050618410     
 -0.402670969576295     
 -0.194715744053892     
 -0.374990703432024     
  9.969378553065528E-002
   1.63945157352706     
   1.11204906173026     
  -1.26095040018364     
   1.17187514325734     
  0.526977699880556     
 -0.964617557058126     
   1.20703304226115     
  -1.07607401233672     
  0.288990806410952     
  -2.58023513118723     
  0.196594509944655     
   1.81262517807555     
  -1.68597148095145     
  0.603887053132129     
  0.970543044625458     
  -1.15234699618945     
 -0.650199174515534     
 -0.677370519289685     
  -1.95183394590229     
  0.225072407624657     
 -0.166668385849024     
 -0.791650336340916     
 -4.396819612571017E-002
 -7.396295786808037E-002
 -0.645442112948170     
 -0.661099597899666     
 -8.419262567743488E-002
  0.506543199490563     
  0.164031160135999     
 -0.300824773210048     
  0.778388523805745     
  0.389223555817311     
  0.315016543042985     
 -0.324088149245299     
  0.339615971188401     
  -1.49888932895358     
  0.696606134941033     
 -0.297780467650910     
 -0.610359631494570     
   1.55087974610855     
  -1.06809455288327     
  0.160511429276859     
  5.218788127436153E-002
 -7.556442236628984E-002
  2.009966068376641E-002
   2.07259314329887     
 -0.138069432040186     
  0.308243628699994     
 -7.514487696030106E-002
 -0.293604173008256     
  -1.31561958185439     
 -0.830876679815537     
 -0.479207331662145     
 -0.328271192438962     
  0.319042789139381     
   1.01346564765175     
  0.488298273019447     
  4.495278558318531E-002
  0.165577425685359     
  7.193667316746505E-002
 -0.196379580384607     
  0.910695658118854     
  0.707994071128556     
  0.583112268716493     
 -0.265293697672266     
  0.490001362892899     
 -0.919243641557587     
  0.154288953826892     
  0.429861123634905     
  0.183356005674069     
  0.415979273219216     
  0.199946866967165     
  0.515859259801261     
 -0.142786381975439     
 -0.543376742679689     
 -5.401407861974202E-002
 -7.865723419772061E-002
  7.150799205232487E-002
 -0.138463787601051     
   1.24260361459074     
   1.23443263943164     
 -0.255911713121249     
  0.863093515656039     
 -0.560092322779573     
  -1.00209464297771     
 -0.114815885393871     
 -0.608070280280149     
   1.06048176019166     
  0.895999573402874     
  0.458093398616014     
  -1.06947139362589     
 -5.763383265549230E-002
  0.259478798832206     
 -2.888971973088204E-002
   1.15802205682145     
  -1.19090469557345     
   1.49054637062914     
   1.83920370417393     
  -1.40438081340941     
 -8.006893142653493E-002
   1.24604808393677     
  0.480757562789715     
 -0.478940909819488     
  0.221938755510378     
   1.62990478079027     
  0.257985196586751     
 -0.571291599765075     
 -3.592523829160009E-002
 -0.814792146523499     
 -0.291226346014646     
 -0.493006469881199     
  0.825492112074809     
 -0.487368817903958     
  0.771973772063018     
 -9.403426190925142E-002
 -0.145052498330642     
  -1.37876959000100     
   1.32599246519014     
 -0.761042765496965     
 -0.777341468634260     
   2.04610189261795     
  0.412018282707283     
  0.600809959715890     
  0.173130324222634     
  0.654144590631481     
   1.87702007601920     
   1.43253570936637     
   2.03843974029198     
 -9.072895925374862E-002
   1.20788065527325     
  0.471561443407670     
  0.248418202835574     
 -0.160261571540217     
 -0.102770556176329     
  9.710774987081379E-002
  0.523358335141646     
  2.627486795917229E-002
  0.466520153832254     
  0.903582641605464     
   1.26549910152319     
  -1.12524195611130     
 -0.763850151407552     
  0.382683953701158     
  0.308529183563200     
  0.130278230101136     
  0.436108128659326     
 -0.873833117326083     
  0.865594279828407     
 -0.545196671857627     
  0.881983005238823     
  0.392097390508273     
  -1.12103608601814     
 -0.988344282515920     
  0.188115165542323     
 -0.574195412750017     
 -0.649493546199002     
 -0.256673852176235     
  8.602659283567310E-002
 -0.563605517624252     
 -0.587059380024577     
 -0.857275085821453     
 -7.394102084167020E-002
  -1.37754941036135     
 -0.279412769051384     
 -3.047122705356412E-002
 -0.804988147427270     
  -1.34611252728175     
  4.958804668025568E-002
  0.346634291145115     
  0.791727526255374     
  0.837812694155441     
  0.121730590910954     
  6.261390929228486E-003
 -0.316853331728556     
  0.767852773644802     
  0.592615083226625     
  0.532785652674285     
 -0.588593157634884     
  5.746998216189628E-002
  0.495788177192719     
  -1.04887400783030     
  0.135975699525300     
  0.225372258276517     
  0.108473921274875     
 -0.382075814065269     
  0.596466819444875     
 -0.908669568089754     
 -0.360969210696862     
   1.03097662710276     
  0.522085988650883     
  0.520584601216676     
  0.550860611796025     
   1.22490168096017     
 -7.747661455093660E-002
 -2.233615462229006E-002
 -0.768658549338515     
 -0.623546453405027     
  -1.33470075615723     
 -0.598379912355402     
  0.712723337592336     
  0.468831756045675     
  0.462161851638509     
   1.26160847532861     
 -0.157516030967124     
  0.123632640369430     
  0.882898940747995     
  0.550344017720686     
 -0.920798985028303     
 -0.264970437730582     
  0.525928230236700     
  8.208382057079251E-003
  0.617140875428474     
  0.927611284190738     
  0.455706058870528     
 -0.304591211339714     
  -1.36129489966758     
  0.730107316424069     
   1.32254657531436     
 -0.912341452694200     
  -1.34008444777611     
   1.05918486256925     
  0.118224890142643     
 -0.916792529990343     
  -2.81667833758930     
   1.57962929697013     
 -0.613494500716155     
   2.17246734889422     
 -0.707396714884544     
 -0.231218009810297     
 -4.743745076368205E-002
 -0.789431799108639     
 -6.749891436921308E-002
  -1.14742577269628     
  0.849673063304028     
 -0.161021535942251     
 -0.542276302256545     
  -1.37727222654459     
   1.52925271858543     
 -0.681467780724823     
  0.918682305394217     
  0.234917121297250     
  0.842699732604106     
 -0.633947357790338     
  5.542818737370471E-002
 -0.101049578780961     
 -0.216704934613169     
  0.732809331367025     
   1.20333202941315     
   1.27712433628499     
  -1.70394789518568     
 -0.610448940583589     
  -2.06744356146793     
  -2.26944823223000     
  -1.21060847347190     
  -1.27400590257449     
 -0.211314630165805     
  0.282034754587107     
 -0.852410306442401     
 -0.341141478637041     
  0.363065374056671     
  0.245118021744233     
  -1.01330868371215     
  1.045736058431504E-002
  0.997271601534072     
 -0.132618566640393     
 -0.395598589790383     
  0.896945426408408     
  0.968616955178286     
 -0.248352323580214     
 -6.294037258102797E-002
   1.32437593803424     
  0.106015844617545     
 -0.325298966103792     
 -0.305904232706632     
 -0.422707817212920     
 -0.673892152853169     
  -1.28584129790158     
 -0.454918605214943     
  0.423012655182000     
   2.01348170158601     
 -0.561609556089549     
  -1.38371132477239     
   1.27742295370464     
 -0.118694513401377     
  0.607789430468132     
   1.09974756101589     
  0.573056716789575     
  0.780934644947222     
  2.995528958838580E-002
  3.653917638432229E-002
 -0.163134747328270     
 -0.864102054527715     
  0.837094486526241     
  0.297980470386342     
 -0.481112020543467     
 -7.512136314349500E-002
 -1.754776555804930E-002
 -0.673881557194913     
  0.430168647023466     
  0.588270301412495     
  -1.08411210925137     
  0.398058166838733     
 -0.536458296590810     
  0.479972687868150     
 -0.377868383103797     
 -0.635847203849523     
 -0.802330008492943     
  0.174840072906723     
 -0.114952341271369     
  0.169539850771060     
  0.357884043099298     
 -0.780646113835922     
  5.001413390878621E-002
  0.225046168709779     
 -0.311112937692413     
 -0.584743583984986     
 -4.105659241209263E-002
  2.515915821464584E-002
 -8.755581543203431E-002
 -0.442108475791831     
 -8.296677959168947E-002
  0.271776366390937     
 -0.661759431223230     
  0.621945472439732     
  0.473848739836214     
  0.167622295962239     
  0.429844070961162     
 -7.676127672963773E-002
  3.524721683086945E-002
 -0.517948809741687     
  0.991470560263877     
  0.440246901946682     
   1.12560702251255     
  -1.94586400668551     
 -3.652546135295160E-004
 -5.509701120423406E-003
  0.451272464305090     
 -0.649454425117383     
  0.691468604149440     
  0.157720750188136     
 -0.252493757772914     
  -1.18652897878412     
  0.140674171568938     
 -0.226559084013182     
 -0.682390054311731     
  0.274581383576721     
  0.472022480298117     
  -1.33884199482248     
 -0.419070730744726     
 -0.505208139156269     
   1.09888571910471     
  0.590291183455036     
  0.822762981518468     
  -1.26105793041008     
 -0.977648484001630     
   1.35841569520925     
   2.11334711685761     
 -0.519591932265901     
  0.912350633478427     
 -0.464235869389432     
  0.162065761165540     
  -1.29486754433469     
  -1.62630175974374     
 -0.365755271073303     
  0.108499171320919     
 -0.470950647944464     
 -0.868975110514372     
  0.910382083158511     
 -0.610517513628239     
  0.523896940407239     
  0.615377618775149     
 -7.286057374216134E-002
  0.529412256443924     
  -2.43355024763908     
  0.765742360486479     
 -0.781275401486861     
  4.694129868896810E-002
  -1.13539302380507     
  0.281712854283385     
 -0.556671777216354     
 -0.396912595626782     
  0.616814949739566     
   2.46948274214346     
 -0.244690234960812     
 -0.547363413896616     
  0.443570586064871     
  -1.24915055864727     
  0.858427404120873     
  0.115120368854783     
   1.07513080148083     
 -0.239843803061587     
 -0.467641155371627     
 -0.401958118404330     
 -0.451995922635051     
  -1.68026413897686     
  0.120723606101787     
 -0.482291780207559     
   1.07262473857361     
 -0.673448700583510     
  0.836004377960954     
 -0.933284974469501     
  -1.32279861123904     
  0.110258725190418     
 -0.552629691335051     
 -4.089170986506509E-002
   1.54887397040831     
  0.101240460812386     
  0.547086961769375     
 -0.561616766933907     
   1.01043606432647     
  0.350769168897693     
 -2.609841379915226E-002
 -0.418873753257872     
  0.222512112756065     
 -0.743923525294088     
  -1.47283231338844     
  0.739714901876222     
  0.913203901295045     
  -1.53645278393433     
 -0.356723150855896     
   1.14975704423691     
  0.762257410393178     
  -1.22599511550751     
   1.59889218836403     
 -0.502883318725127     
 -0.537664658519130     
  0.824862347631493     
   1.21425299948675     
 -0.384314779936892     
 -0.552674962920331     
 -0.613881017770351     
 -0.765903572289672     
  0.495883930387918     
  0.189189157164691     
  0.939554019976824     
 -1.295520009267287E-002
  0.548557867133686     
  0.518264201357869     
 -0.245329455395409     
  -1.64011093383074     
   1.37195680975509     
   2.09892830093211     
  -1.87786983960766     
  0.264396683169316     
  0.570095487705806     
  0.418768548235179     
 -4.291093443970405E-002
 -0.787091158941724     
 -0.832780955200043     
 -0.976904101417569     
 -0.113670542481111     
 -9.597707583623789E-002
  0.302896821467019     
  0.539671552206241     
  0.248176246419695     
   3.31841633070580     
  0.182696120788433     
  0.433460162612045     
 -7.351146994757507E-002
  4.483692955920660E-002
 -0.370448418390271     
 -0.255123956902661     
  0.121860696997657     
  0.473139321200353     
 -0.582772053430716     
 -0.421368939295175     
 -0.133580982207571     
 -0.340578262177222     
  0.201867660250378     
 -0.189623130411472     
 -4.908748986108454E-002
  0.348550706329893     
 -0.494043929140007     
  0.407510374154520     
 -0.136998568481522     
  0.568342657232963     
  0.340953485082789     
  0.539416236808368     
  0.373212897672154     
  6.310017870354315E-002
 -0.997014180435468     
 -0.673789974348270     
 -0.402854420428931     
 -0.218461099304015     
  1.835972593368416E-002
  0.222372800684770     
  0.691090562486492     
  0.118676947708663     
 -6.600020136293348E-002
 -6.545660569701107E-002
  0.584888198764873     
 -0.570560407458564     
 -0.129932786786437     
  0.421309889726463     
  0.195291317050432     
 -0.496663970670560     
 -0.367035396805613     
 -0.100994765060977     
  0.409727935250973     
  0.436832296405050     
  0.607623094121452     
  0.475361829354160     
  0.313558035432343     
 -0.899049431458152     
  0.236393964591395     
  0.629512870260141     
  0.632514956798486     
 -0.111564877256155     
  -1.12371978555703     
 -3.658568739971774E-002
  0.997995803806375     
   1.00002769538443     
 -0.351611202886600     
   1.89679752875593     
  0.291686233482653     
 -0.433767297876409     
 -0.161929263622730     
  0.546104871085162     
  0.674815098859470     
 -0.542635281859922     
  0.252419901598721     
 -0.485392578072870     
 -9.900431122089791E-002
  0.125873348739729     
 -0.344519887150028     
 -0.716755942397497     
 -0.907491437312699     
  0.722723123172712     
 -0.238991281892117     
  -1.82049548874727     
 -0.771809142434849     
  0.762246150648907     
  -1.29406540572580     
   1.67938512340292     
 -0.539018071745465     
 -0.959939300264205     
  3.611500412976259E-002
 -7.432024315045131E-003
 -0.122714534878386     
 -0.321962831553848     
  -1.03304053952252     
  -1.13207443801524     
 -0.865572848850299     
  0.940312728541775     
  2.512782452002413E-002
  -1.11947601999602     
 -0.150059180870251     
  0.158678840630120     
   1.13775840171942     
  0.363080516776761     
  -1.75028279972839     
 -0.480262127066998     
  0.986821213892317     
   1.60064257050052     
  0.756789695390257     
 -6.187619800632015E-002
 -0.690357554284524     
  0.910689147227752     
  0.398339917451486     
   2.31879329914339     
 -0.221045177968659     
  0.232962489987942     
 
 -0.777778624642237     
 -0.768756859911397     
   1.18532687889364     
 -0.598658617455837     
  0.846002965932635     
 -0.465537565170169     
  0.292436754702757     
 -0.393111156560561     
  0.535477362867377     
 -0.594361419200153     
 -9.862795103181181E-002
   1.20389302975370     
   1.34917609733196     
 -6.388580819943723E-002
 -2.782516740630591E-002
  0.784029137100868     
   1.17055754993081     
  6.129456748697801E-002
  0.774682930432832     
 -0.166665189888238     
   1.20623334016830     
 -0.981040279526289     
  -1.08358592090452     
  0.590503711485279     
  0.474353723787717     
  -1.80237184653806     
 -8.220458598058143E-002
 -0.861704977852773     
  0.579581964533527     
  0.469387928481534     
 
 -1.037388634542741E-002
 -2.497922733890233E-002
 -3.721299303059607E-002
  4.478481857137424E-002
 -6.993085153565939E-002
  1.076024210545449E-002
 -2.659170722962292E-002
 -4.055093595681158E-002
 -6.733748364911474E-002
 -5.162181438998931E-002
 -0.123644793839758     
  9.897455327178981E-003
  3.588275228161082E-002
  4.462873245689951E-002
 -1.191458643469758E-002
  2.078360510679046E-002
  3.163097386041889E-002
 -4.199675784512234E-002
  3.729847849940771E-002
  1.088339480235818E-002
 -3.570200291226922E-002
  0.268320821351609     
 -4.354322588669523E-002
  7.707519047066735E-003
 -1.846968117434683E-002
  1.342445069604538E-002
  2.723583346025529E-002
 -0.134604477100460     
  2.860146770235714E-002
 -8.675403304050887E-003
 
 -5.328444962806446E-002
 
  tansig  tansig 
