     48 -    30 -    30 -     1 
rmse=  31.7622meV
  0.190732544011499     
 -0.334942594734829     
  5.357436151654322E-002
 -0.151887134838103     
 -0.944721427949168     
  1.455285787139905E-002
 -0.296262824854195     
 -0.667724695070737     
  0.394234403694823     
 -5.989755647880331E-002
 -0.234107933322318     
 -0.186644410790180     
 -0.138776886162371     
  0.292548206492456     
 -0.319591639344630     
  -1.14968717729508     
  0.223161726642900     
 -0.526369931306787     
  0.645672913338960     
 -0.433179885108194     
  0.126505763439197     
  0.415958472082267     
 -0.295918579386508     
  0.354075328939326     
  0.265917749821820     
 -0.295889253683995     
  0.148202120290078     
  0.240454854232636     
 -0.202199365949902     
 -0.165554892773630     
 -0.118918185089455     
 -0.158645187568460     
  0.688334939526648     
 -0.521104239448214     
  4.252655820194047E-002
  0.435651074088470     
 -3.221593266942919E-002
  0.197982636987504     
  0.361348637327819     
 -0.213838796957432     
 -0.366678553386264     
 -6.828246700768094E-002
 -0.161545019496595     
 -0.337716225027269     
 -9.876612047830033E-002
  0.340376837380419     
  0.695555107142969     
  0.960871780825834     
  0.347246792382837     
  0.612828153186176     
  0.151682267743104     
  -1.21481181128997     
  0.545344875680475     
  2.970861004210625E-002
  0.173844902110518     
 -0.240226398876229     
  0.257762323939996     
  0.102719249578229     
 -0.214932877802479     
 -0.231562873190094     
  1.123359697523310E-002
 -0.649296585494540     
  0.248177586179318     
  0.174472126025125     
 -0.274583459568410     
  0.711080355236571     
 -0.261143688017979     
  0.418829807481490     
 -0.119291651907428     
 -0.181086106947101     
  0.507842289940620     
 -0.423223813713549     
 -0.234059854656150     
  0.361337461960894     
 -0.358783600760265     
  0.342378806551203     
  4.872280950008996E-002
  0.936283726021193     
  0.546234265737229     
  0.428990581207448     
 -0.707415299654940     
  0.208634155731806     
 -1.030273181578768E-003
  5.137232581885354E-002
  0.199940195109423     
  1.503630850511429E-002
 -0.152584446825170     
  8.113477054949991E-002
  7.552814396731572E-002
  7.896621347438280E-002
  0.640108018937812     
 -0.101007896362542     
  0.379076550559020     
 -0.821373172253854     
 -0.159453057202778     
 -0.174963852767444     
  0.294722120064455     
 -0.175186344318123     
  0.120303729162027     
  0.278962497032779     
  0.200696022204768     
  0.170731913083420     
 -0.183255084384963     
 -2.382943930453498E-002
  0.424095781418053     
 -0.119055074135792     
  1.339960556866055E-002
  0.418034991927825     
  0.240283315194550     
 -1.012936815946890E-002
 -8.075579271589267E-002
  5.104600671559728E-002
 -0.383519525587655     
 -6.041995959029903E-002
 -0.162101304304847     
 -5.973211451758974E-002
  0.274712873064810     
 -0.346951523070077     
 -0.141306854377129     
 -0.111740017801597     
  4.920250960032686E-002
  6.364648243655084E-002
 -2.031669413060316E-002
  4.354267545625033E-002
 -0.331056175460152     
 -0.158420632096037     
 -0.112301242168145     
  0.657812526860702     
 -6.755225999021089E-002
 -8.646615503057979E-002
 -0.252484722103610     
 -9.962231174947003E-003
  0.830584810114512     
  0.168707004444608     
  0.327954559248225     
 -8.911932677367705E-002
 -0.229061861847272     
  0.166248770079969     
 -0.167263778607992     
 -0.173539423604006     
  3.292401150439748E-002
  3.592293476716774E-002
  8.243332353695283E-002
 -0.102571510806590     
  0.171994323815246     
  0.271847699636595     
  1.964020529093071E-002
  0.116196288908951     
 -0.240653627715986     
  0.146474035645928     
  0.440329294211917     
 -0.314987051738074     
  0.367705389279186     
  0.274004254706742     
 -0.607607494239308     
  0.210948666236448     
  0.677136214879315     
 -7.423221489646208E-002
  0.375540550531416     
  0.261781241917832     
 -8.750498900393591E-002
  0.292768821990463     
 -9.838384303937001E-002
 -0.247834761992699     
  0.121601116634944     
 -2.337252947838407E-002
  0.238669268966837     
 -0.189361021719179     
 -0.711033070759803     
  0.718739608698302     
 -0.425525891334958     
  0.635750084569203     
 -0.636226129258707     
 -0.484533370228205     
  0.372937411250408     
  0.190974536241368     
 -0.650457308752351     
  0.522835386068980     
 -0.127671539028125     
  0.142890765267051     
 -0.107486543387916     
 -0.760663945069100     
 -0.168950513300637     
  0.181670622468613     
 -3.042357718146031E-002
 -0.274768962438525     
  0.175458883862360     
 -0.636553466569578     
  0.116215857057320     
  0.177907939192624     
 -0.591860261739831     
 -0.925873514463706     
  6.026530017906453E-002
 -0.741354653768585     
  0.467814206136494     
  0.366296555197872     
 -0.612423270260250     
  0.215034527598311     
  0.318696285113987     
 -0.207628817634597     
 -0.729730643388335     
 -0.313491656817125     
 -0.682541334500354     
  0.585558171844919     
 -0.351712166833761     
  -1.13613245331056     
  0.753701922917578     
 -0.731193466353015     
  0.347575879021603     
 -0.272538085461534     
  0.617175986041097     
 -0.306473765962076     
  0.643365307545014     
 -9.828636442324923E-002
  -1.43434291508214     
 -0.148987915029996     
   1.13237679489646     
 -0.431477441398580     
  0.938245298096495     
 -0.108933616318195     
   1.49486042641306     
 -0.719084242836923     
   1.17436391294379     
  0.625961440644489     
  0.157673628523827     
 -0.423145353584555     
  0.269577758852838     
 -0.538433333447509     
 -0.162981758695657     
 -0.179129162913897     
  0.585834481996300     
  0.346671226350171     
  0.876441060626693     
 -0.274366801766281     
  0.183792549148471     
  1.422922736381188E-002
 -7.826859794416813E-002
 -0.555610741502872     
  9.697901203766057E-002
 -0.952954369022160     
 -3.986799906286586E-002
  0.289661349565158     
  6.681278770725727E-002
 -0.143996508456897     
  0.177665658611863     
 -0.143809397659153     
 -0.591391704379688     
  0.620373645653243     
 -0.271261783908904     
  0.414190853122822     
  0.101373168431103     
 -0.484340335865680     
   1.37714587060723     
  0.381193074544124     
  0.401569069236790     
 -0.904181108529400     
  0.265546615301054     
 -3.714940503762821E-002
  0.612072079988423     
 -0.115021785511256     
 -0.936858831871753     
  0.930922986462583     
   1.44977968909967     
  7.688150149085117E-003
 -0.128227963518019     
  0.101623428178524     
  0.102828564939929     
 -0.831558149127360     
  0.141509131316688     
  0.742420768961212     
 -0.113601951649428     
 -0.217359804749180     
  2.674369549270399E-003
 -0.175511713221265     
  0.295760633045341     
 -5.297083310216809E-002
 -0.228015621782797     
  0.333539116962125     
 -8.934657526602018E-002
 -0.331331467644256     
 -9.886657935127843E-002
  0.479074308506694     
 -0.119952488041911     
  0.268142937452263     
 -0.376768624089539     
 -0.804271363111900     
  0.584914618324422     
  0.168380394485334     
  0.299172844653928     
 -0.173327458071834     
 -0.122848207930835     
 -0.193481160841172     
   1.02624199046038     
 -0.461957492888432     
 -9.045849176514083E-002
  0.413358752924154     
 -0.877371901185540     
  -1.07123745366821     
  0.138058585632730     
 -2.780184363871015E-003
  -1.01843749377763     
 -8.054236784908499E-002
 -0.215077410559166     
 -0.819584335278534     
  0.247503480667210     
 -0.689724804591501     
  0.631951052663387     
 -0.231945862402472     
  6.656747902805686E-004
 -0.148690263546394     
  5.616827990455919E-002
 -5.434003561659090E-002
  0.222003944106725     
  7.009936689089870E-002
  0.100806904917756     
 -0.370575663632133     
  0.769171748998835     
  1.921611603274655E-002
  0.112531226386233     
  0.264507750116529     
  0.207479908981392     
  0.201601315414583     
  0.147893933203919     
 -0.219348337439961     
 -0.431686532611137     
  0.348862922570508     
 -2.471335658630918E-002
  0.762890549272227     
  0.128487867297343     
  0.777841467518628     
 -0.501654877468469     
  0.592039171760295     
 -1.207637322625324E-002
  6.477567235672542E-002
 -7.783616149712767E-002
  0.350058917136307     
 -0.233687454432410     
 -0.368207969593319     
  0.640035670394600     
  0.195274843490395     
  0.247603998023050     
 -0.495734863273518     
  0.384934451078910     
 -0.246819332924444     
 -4.506019825593622E-002
 -0.681621311800245     
  7.259559832120775E-002
 -0.266358687038357     
  -1.00443752140649     
 -0.726813966768881     
 -0.696392113457240     
 -0.112514374254335     
  0.335439433171665     
 -0.171459432391762     
  0.324005895966731     
  4.629175195711016E-002
  0.246398001877869     
  0.144781518058668     
 -0.335018599448472     
 -0.205393293159647     
  5.039337909151639E-002
  0.235767169724682     
  0.383288699045115     
  0.510000568255866     
 -0.205745598136091     
 -5.250031826762542E-002
  0.152812199495119     
  0.366348017745385     
  0.171718755065134     
 -0.291045356972514     
 -0.405933694172277     
  0.693305643087468     
 -0.338129886077409     
 -0.213750275614307     
  0.484884368636550     
  0.371389748329610     
  0.219932514383314     
 -3.512455146084729E-002
  0.304059956716764     
 -0.226856709731405     
  0.891219743297028     
  0.227060554569354     
  0.237519882048188     
 -0.316130026952538     
  0.831924923192658     
 -0.544377625949577     
 -0.668037573495493     
 -1.245209125727492E-002
  -1.02261489168421     
 -0.967803519356513     
 -0.503913086095286     
 -0.319124320074255     
 -0.186866077340058     
 -0.686273559361618     
 -0.263619044593568     
  0.553358087321129     
 -0.340195215731543     
   1.67683782362287     
 -7.645654234338757E-002
 -0.572071037423480     
 -0.530745249246723     
  0.494513001761740     
  0.125827024763646     
  0.156358057299841     
  0.552127030968904     
 -0.769520375046188     
  0.119229734182219     
  -1.31452684197468     
 -0.122165010677616     
  0.613712096075220     
  0.553553831130881     
   1.63173283032828     
  0.899286560114225     
  0.477078700151592     
 -0.653884270033188     
 -0.320386232425004     
 -0.136836104679090     
  7.957451650629259E-002
  0.366460038738214     
  0.639870110412654     
 -0.423504755567423     
  0.740841371776601     
  0.666570987103401     
  0.979403616245978     
  0.225120556051265     
 -1.696427106726921E-002
 -0.390912481200189     
  -1.10779786598513     
  -2.05604907981607     
 -0.290499464037951     
 -0.294259117833086     
  0.261746356699397     
 -0.790391145049138     
  0.325686940767392     
  0.338297644101958     
 -0.298336642248398     
  0.188705350028770     
  0.450529945001388     
 -0.551724644274972     
  0.262856784252242     
 -0.429028318418925     
  0.670700512463992     
 -0.518616155528935     
  2.782505684478637E-002
 -0.117382821248738     
  1.800328806088752E-002
 -0.339580267771995     
 -4.637997798781454E-002
  2.399730613490938E-002
 -0.646935062326724     
  0.892913089781057     
 -0.880542531850784     
 -0.178935311920198     
  0.149053316653192     
  0.496825815409938     
  0.989374413546207     
 -4.320774716330323E-002
  0.158432363037986     
 -0.137901094736647     
  0.124421001954716     
  0.117473491574318     
  0.171905590484514     
 -3.768486131592473E-002
  0.857244296617850     
  0.169645662718147     
  3.540460941920164E-002
  1.980397242035298E-002
 -0.462084341894919     
 -0.467959169213688     
  9.344389423713396E-002
  7.059173256350179E-002
 -0.398641214646991     
  0.129472569155473     
  0.432578408495855     
 -0.311626530737868     
  0.614871037250874     
 -0.151612794161467     
 -5.897594787190760E-003
  0.694036429732195     
  6.385106595432856E-002
  2.002820798625193E-002
  0.219695387955797     
  0.567272176553220     
 -0.945069080446556     
  9.163576016424083E-002
   1.05096622269386     
  -1.13477229461000     
  0.710823279050253     
  2.407857593852021E-002
  0.381897871877270     
 -0.668303667539416     
  0.125842709642064     
  0.186741782089892     
  0.195188921836435     
 -5.004763721446135E-002
 -0.156689196794425     
 -1.324324809137347E-002
 -0.607778006242081     
  0.249704309340044     
 -0.509948771166785     
 -0.570098471355944     
  0.318846575334403     
  0.896383933523381     
  0.375525737895280     
 -4.521153394937742E-002
 -0.325074450124701     
  0.253156166779267     
 -9.208965287769443E-002
  6.475661056477977E-002
  0.227365397046885     
  0.118508730547305     
  0.368195489029366     
  0.318367672935534     
 -0.388993172531578     
  0.559187945868581     
 -0.652803132765100     
 -0.128478166868249     
  0.372028790653388     
  0.115661346340520     
  9.659629078710470E-002
 -0.340007899193323     
  0.865740189447784     
 -0.483313866313709     
  0.587721885857943     
 -0.484652062527065     
 -0.387345335727080     
  0.574902555798856     
  6.108763007711612E-002
 -0.455837094784830     
  0.372106281423836     
  0.317529893262633     
  0.507780966571831     
 -0.755042274006442     
  0.127500659142854     
 -0.777755780848253     
  0.240236157282809     
 -0.628971800451748     
  3.412192116717128E-002
 -0.191849087171003     
  0.490987287459530     
  1.379024248086158E-002
 -0.148431540732670     
 -0.943630515735624     
  0.769946266773852     
 -0.211167123484244     
  0.213244589351079     
 -0.652437647928867     
  0.384433513817967     
 -0.359909278563141     
  0.474706788921608     
  0.188039522262724     
 -0.802987679370925     
  0.259011465804892     
 -0.546032938592387     
  2.096297498256717E-002
 -0.287498184517165     
  7.521141514180633E-002
 -0.153943020290487     
  9.145644980975853E-002
  0.400589969904015     
 -0.445594301032492     
  0.318276558492131     
 -0.361210921935181     
  2.061661745646879E-003
 -0.159334297120175     
  0.627794463502137     
  0.384249320369370     
  0.715908705774211     
  0.134558604878345     
  0.491610859168310     
 -0.649303542030516     
  0.430043099511110     
  0.210489962607942     
  0.213104547722063     
  0.458601340042448     
 -0.961914087908326     
  0.676738124606347     
  0.448567584936027     
  0.404688290463347     
  7.439829731576924E-003
  0.321535328576775     
 -0.414191945599153     
  0.795705756575146     
 -0.126569232047341     
 -1.732286913874783E-002
 -0.215141729102433     
  0.796333322596365     
 -0.809475826414498     
 -0.340231141518902     
  0.156909101910402     
 -3.416295274532438E-002
  0.704666424298842     
 -0.494205783468282     
 -8.517886318338558E-002
  0.328492273063939     
 -0.642022761969407     
  0.568686851587967     
  0.128835245803212     
  9.573261319026410E-002
  -1.59845997819818     
 -0.375297342050224     
 -0.479064525098111     
  0.419549759878978     
  0.631160409009148     
 -0.883772657659054     
 -0.442511794359580     
 -6.414459675468953E-002
  0.423959576686174     
  -1.09232674891980     
  0.170451445679036     
 -0.587481327742115     
  0.777575290434443     
  0.519967838554296     
 -0.891122385422671     
 -4.604238533326139E-003
   1.06338077013903     
 -0.470443200499638     
  0.196891979972774     
  9.755219709525647E-003
  0.660062985838066     
  0.351272587849597     
 -0.280094848530418     
 -0.391799480537806     
  0.246299812562868     
 -6.044102131813575E-002
  0.372915460723038     
 -0.117261218150213     
  0.202118324013179     
 -7.347544903335300E-002
  0.322698264440410     
 -0.113966956984278     
 -0.122551463500294     
  0.122854666348161     
  0.212231860869513     
  0.374432733025274     
 -0.450875984760552     
  2.427993443395778E-002
  0.416107254363115     
  7.755644875837191E-002
 -0.286964365336045     
 -0.452226006607320     
 -5.248021857659416E-002
 -0.123448579162839     
  0.318862008940965     
 -9.986849834196286E-002
  5.154619658761186E-002
 -6.368564584014025E-002
  0.410952118791337     
 -0.170533841334240     
  2.421966555530304E-002
 -0.378595341906724     
  0.101951546729024     
 -0.112206559651392     
 -0.563320201452943     
 -5.750989602426042E-002
 -5.653687717246896E-002
 -0.374996730334225     
  0.456947250215980     
 -4.544695771464093E-003
 -0.341581318693661     
  0.534189615788100     
 -9.324004704618336E-003
  3.062459813575254E-002
 -0.140860960199971     
 -0.187477506646168     
 -1.214415361527858E-002
  0.177360664869315     
 -3.960480620274463E-002
 -8.652406545410486E-002
  0.149374286452397     
 -0.494479755812635     
  4.552798157352660E-002
 -0.175321210013340     
  3.027173145569223E-002
 -0.269042728336160     
  0.632461108567455     
  0.458666077564620     
  0.731787127409524     
 -0.127102293889051     
  0.799787973341085     
 -0.740324466451057     
  0.818617400283483     
  0.280210829322341     
  0.329125001372178     
 -0.468219470892558     
 -0.589575242048930     
  0.147067844966446     
 -0.564799921682087     
 -0.439790840535254     
 -0.676320016817692     
 -0.337856936774768     
  0.192842502311231     
 -0.269871610564509     
  0.378998440661575     
  0.136055892226270     
  0.199432186638793     
  0.447521951938536     
 -0.195854796756002     
 -0.180829243148829     
 -0.100909082270906     
  0.572257612965654     
  0.168907409339239     
  0.458755438983103     
  0.366580715212875     
 -0.149684864869428     
  6.568110639228712E-002
 -2.099489253068598E-002
 -0.711701240484125     
  -1.14972267472193     
 -0.152241933930331     
 -0.283711636966693     
  0.332570409240269     
  0.160816401596060     
  8.443040475976414E-002
 -0.145909794647228     
  0.119847064347472     
  0.496123244614851     
 -0.136814095884294     
  6.993487787490670E-002
 -0.335473582491092     
 -0.192082713773504     
 -0.121951066345220     
 -0.369641171838816     
  0.596994142635672     
  0.184179465908011     
 -0.221984748583562     
  0.208667298176258     
 -2.244806506091464E-002
  2.179375252271332E-002
  0.338493578055217     
 -0.106069283718191     
  0.271672008128361     
 -0.693203989963820     
 -0.451532620055995     
 -9.626562739865152E-002
  0.168526231467098     
 -6.471571715298477E-002
 -0.264080947779726     
  0.217881392817409     
 -3.091415377819564E-002
  0.129003383422519     
 -3.901573671252864E-002
  1.171788163254419E-002
 -1.714399652014788E-002
  0.137451359563286     
 -6.177865016927989E-003
  9.827309514152283E-002
 -6.883772110074265E-002
  0.338386164168834     
  0.167872683891888     
  0.126276508641665     
 -0.109553322479716     
  0.411504385962528     
  8.938116790047929E-003
 -8.960798906289554E-002
  0.120497657663610     
 -0.346989962702297     
 -5.627968307776848E-002
  4.489738756243018E-002
  4.749088774645917E-002
  7.361951470737615E-002
 -0.203471416336766     
  5.862716358159083E-002
 -5.374381534726734E-002
  0.392394117224011     
  1.323241614844226E-002
  0.234830495478499     
  0.265500931683514     
  0.181678068979082     
 -2.602031804578502E-003
 -0.287169013468461     
 -0.323873431496487     
 -0.406743117997241     
 -0.281406076508103     
 -0.166885406702274     
 -8.387293934930723E-002
 -0.217217172702279     
 -0.196599195272011     
 -0.121323965019908     
 -3.751110741013575E-002
  5.091433217367967E-002
 -0.237455905766889     
  6.440266478670925E-002
 -3.612304830449219E-002
  0.141482179631308     
 -9.059172678560473E-002
 -9.151677494385203E-002
 -8.134919617674252E-002
  5.824074690628889E-002
 -0.313106375085899     
 -0.110127998404313     
  2.835481183672100E-002
 -3.603726231713437E-002
  7.796968558778147E-002
 -8.490463503547717E-002
 -0.233680815876043     
 -2.927390145794228E-002
  0.245265294639176     
  8.522893220378448E-002
  0.191098910846197     
 -0.309574292636537     
 -0.289461780505381     
 -6.575828535920213E-002
 -0.140476507102355     
 -0.247164497441994     
 -0.194862446157678     
 -0.116255147155908     
  1.596149832133915E-002
 -0.162412178728900     
 -0.235563646188939     
 -9.108346200272173E-002
  1.249227518041170E-002
  3.327397957255222E-002
  3.731362110521010E-002
  0.150164710786380     
  0.218537670542755     
  0.193230327384136     
  0.792566586033833     
  2.963974770436643E-002
  -1.01179534036462     
  0.557653010884494     
 -1.388995246994167E-003
 -0.467907193073374     
  1.360974040276858E-002
 -5.060088425529298E-002
  0.723876271786893     
 -0.378007262313270     
 -0.481148311855998     
  0.749364728614972     
 -0.107583661902667     
  0.707380279334185     
 -0.946858572333411     
 -0.536890118902714     
  0.446296225807719     
 -0.241352333596790     
  0.758953546574205     
 -0.270352703799150     
  0.343681528398232     
  0.502713079068310     
  0.202131582925986     
 -0.311907577650305     
 -0.123662928286814     
  1.193734783025923E-002
 -3.380028948407379E-002
  0.421571043127617     
   1.02052664660562     
  0.430903927144839     
  0.207871946154231     
 -0.842510791293275     
  0.226482946120971     
  0.247856096329094     
 -0.256923436153858     
 -0.106844002460484     
  0.346470677399729     
  0.175559258969768     
 -0.375927017122053     
  0.345101664684895     
 -8.672377672416914E-003
  0.625884192773905     
 -2.263317965885229E-002
  2.451975498492745E-003
  -1.25682958721306     
  5.337817589105540E-002
  0.453217027988535     
  0.604006418062615     
  0.162371551694073     
 -0.196632293259683     
   1.00704160621494     
 -0.404353351728605     
 -0.233869793222426     
  0.467536689499378     
 -6.444635958634760E-002
  0.128098247274846     
  0.514818388656147     
 -0.138008059908755     
  0.135337622192941     
  0.108640292640036     
 -0.651638908772082     
  0.140232774816305     
  0.468197245681070     
 -1.305579328043767E-002
 -0.126712702265888     
  0.380205596047204     
 -0.124002340923204     
 -0.247074401712965     
  0.204580271169649     
  6.872242750832473E-002
 -0.541156503880409     
 -0.400754242867375     
  0.734821483300027     
  8.423213460363564E-002
  0.284082357223705     
 -0.131478848411176     
  0.281865081302215     
  0.116766239370464     
  0.600630579637365     
 -8.473447187845513E-002
 -0.605837121055968     
  0.734779872331594     
 -0.194558933707692     
 -1.139116911218614E-002
 -0.182909883567165     
 -0.196632818407456     
  9.973495283546475E-002
  0.207229739655667     
  9.967156614435339E-003
  6.003530065550416E-002
 -0.163386899851461     
  0.428020548853672     
 -0.277574857455564     
 -0.347126371440630     
 -0.371796411918563     
 -0.498466432376188     
  0.300348624466195     
  0.123915828518887     
  0.729267792856927     
 -4.280504554427756E-002
 -0.100320316963517     
 -0.920248743139491     
  0.397651955114244     
  3.057508807364968E-002
 -7.356738753380181E-002
   1.18864052567774     
  0.158084174313322     
 -0.229449489543337     
  0.153002418660812     
  0.120050396513686     
  -1.48308934282017     
 -0.425757971750201     
 -0.793217586320830     
 -0.194738979447616     
 -0.162185928858582     
 -0.649451748637343     
  0.500220900133876     
  0.964367986912808     
 -9.289687683495407E-002
 -0.102251253561758     
 -4.041231516605256E-002
  0.416041146591815     
 -0.145010117399728     
 -9.677933613795849E-002
 -0.255967098754545     
   1.34745981430951     
   1.12077180087277     
  0.115914247963979     
 -0.338629739289895     
  0.580324945907288     
 -6.201334223918202E-002
 -0.262168109635474     
  0.709673719874866     
  0.394466309791146     
  0.332106524760367     
 -0.410976299265540     
  7.311747171879773E-002
 -0.376883959889479     
  9.052620723183535E-002
  0.662453984642267     
 -0.921422303525411     
  0.140815945501693     
 -0.140890212444933     
 -0.222045070795884     
 -0.382928533284979     
 -0.461863301110939     
  0.213529316985974     
  0.526994089569752     
  0.121373032726057     
  1.071230768110783E-002
  0.244989071988588     
 -0.407829140575884     
 -0.112463675561656     
 -4.355471123787047E-002
  0.272905461898617     
 -4.028008616740037E-002
  0.266987143531245     
 -0.253964847363103     
  0.464900471022265     
  0.371348689339317     
 -0.580626981609484     
 -0.173945202411290     
  0.446852551429255     
 -0.350752195980174     
 -6.467379741899042E-002
 -0.497337657538061     
 -0.249516947704784     
  0.331854494333880     
 -0.582513084330624     
  0.295543132257180     
  9.195148941623610E-002
 -0.431773503546174     
  0.208883061607630     
 -0.150758538679501     
 -0.221370246903478     
 -0.247624167884052     
  0.203429115855221     
 -6.706616105908417E-002
  1.086990521085288E-002
  0.465065661588632     
 -0.312866705323851     
  0.217396184065875     
  0.237580795307983     
  0.490323019707648     
  7.695156200281507E-002
 -0.198142765320857     
  0.804852424265324     
 -0.464690336225604     
 -0.499677179285179     
  9.305432519524502E-002
  4.467634795432619E-002
 -0.808619094623172     
 -0.800495393318700     
   1.50546286024052     
 -2.389847014886244E-002
   1.70795287535573     
  0.360390122856135     
 -0.564283544738530     
  0.365664772389874     
  0.104838776885846     
 -8.170301902720110E-002
  0.188923209687965     
  0.351812091259235     
 -0.227596917266758     
 -9.105969727694155E-002
  0.610445365281874     
 -0.865546286655822     
  0.889110317886726     
  0.155821364486817     
 -0.155539806263094     
 -0.188874042207825     
  1.064259624318036E-002
  5.262243032032828E-002
 -3.094638655806223E-002
 -6.405471786666644E-003
 -0.104592823347905     
 -3.164614241518374E-002
 -3.160499166554553E-002
 -0.513590955529617     
   1.43643374130135     
  0.259319300154521     
  0.142712171908996     
  -1.08965276422437     
  0.294519977025327     
 -0.610867585637184     
 -0.289769134459811     
 -0.118991869681451     
  0.443637375440961     
  0.274596966721095     
  0.170732358014712     
  0.296818240233422     
 -0.191777865630186     
  0.224356483950914     
 -0.107409182587182     
 -9.724442177363407E-002
 -0.100021077800515     
 -0.294668141125575     
 -0.567769638001068     
   1.25048056980023     
 -0.115381385200408     
 -5.763031565948751E-002
 -0.155482980549807     
 -0.178255206362260     
 -0.237480869852279     
 -0.168674973101930     
 -0.168421433843319     
 -0.214025490769942     
 -9.987754557171818E-002
 -0.176210218643959     
  7.775238348765826E-002
 -0.136374227408944     
  0.168396005092275     
 -0.165921587667809     
 -0.121828929366017     
 -0.298251523676167     
 -0.178298026879556     
 -0.211857554661873     
 -0.279509058027240     
  0.222990909788004     
  0.105800411782367     
 -3.944964142951114E-002
  3.591943667562475E-002
 -0.222633681174610     
 -0.185499274520657     
  9.907061086725243E-002
  7.626608050640214E-002
  6.865166066736957E-002
  9.667463328069845E-002
 -6.299509121408732E-002
 -0.181435198414794     
 -0.266020155253876     
 -0.203643984302647     
 -0.178610660913570     
 -0.195530756977244     
 -0.190490313240962     
 -0.189734734619642     
 -0.419004442172545     
  1.536234070814851E-004
 -0.163875107831187     
 -8.533437031400391E-002
 -3.316477496451607E-003
 -5.875188517526828E-002
 -8.866852887856073E-002
 -0.166838942924277     
 -0.151169211453799     
 -6.541585645389274E-002
  0.120795828117733     
  4.202206135069018E-002
 -0.112436830141420     
 -0.386316480246544     
 -0.640388666349684     
  0.795977644893578     
 -0.245920262361258     
  5.807700064503336E-002
 -0.200033405691986     
 -1.560410118944659E-002
 -0.732680276554822     
  0.166132438005709     
  0.509700640687770     
  0.343666163894187     
 -0.543899836599154     
  0.166611565863272     
 -0.304853054195344     
  7.783197336313061E-002
  0.122697638898811     
  7.706322493966705E-002
 -0.599213065074769     
  0.199540723933957     
 -0.623336790226184     
 -9.888196364102241E-002
 -2.561073495553404E-003
  0.413223919771071     
 -8.803488906473034E-002
 -0.768858813118151     
 -0.755631485849198     
 -0.117538257581435     
 -0.253935361437890     
 -0.118535984741812     
 -7.537370661893400E-002
  0.399547041604851     
  0.164694340630508     
 -5.085522703341199E-002
 -0.459870583458662     
  0.773124840097561     
  0.272115528198816     
  7.829193913925218E-002
 -0.689280004173770     
  0.429179752430452     
  0.189571040107745     
 -0.117934000278914     
  3.236534719597940E-002
 -4.956014112542421E-002
  0.160318141807750     
 -0.387482821210576     
  0.595435687015708     
 -0.239618674175479     
 -0.122660847766452     
  0.389174837520621     
 -0.115347008418644     
 -0.254862723459043     
  1.489244531080624E-002
 -4.803616497506219E-002
  0.400584033687527     
 -0.325403113109569     
 -0.557129311604688     
  0.298858941454853     
 -0.743294336189025     
 -0.387881392992423     
  0.166568463644904     
  0.338222042251007     
 -0.781967168497759     
  0.294061297360978     
  0.121793145831833     
 -8.789369801846801E-002
  0.385905029105172     
 -0.270422123017043     
  0.167619693594016     
  4.760180685805989E-002
  0.133950183774728     
 -8.413228387698095E-002
  0.161459104688730     
  0.567039835274527     
 -6.797900405707642E-004
 -1.321841493796177E-002
  0.436256739833649     
  4.167441676721992E-002
 -0.494639119004850     
 -0.192495144778017     
 -0.160549208754209     
  1.335034406510308E-002
  9.175309963927769E-002
 -0.315348089756943     
 -0.105845585956149     
 -0.248198440132728     
  5.182555296052149E-002
  2.269690738171372E-003
 -9.046255508885002E-002
  0.242016415463233     
  9.318100002723032E-002
  9.252662623292425E-002
 -0.538241267573919     
 -0.101542092650027     
  0.537804473961925     
  8.289184479356962E-002
  3.101668329405049E-002
  0.306451884529751     
 -0.133562042094262     
 -6.399951615565794E-002
  0.898036209340163     
  -1.23195126469403     
 -1.734675257670706E-002
 -0.395376767400779     
 -0.677178264811561     
 -0.736421184213206     
  0.467370997907741     
  0.458506453485029     
  0.289468263719363     
  8.333127283825220E-002
 -0.331592349910411     
 -0.448850692893034     
  0.137443634759340     
 -0.270266973823704     
  0.271543425280548     
   1.14070281133622     
  -1.26515066624914     
 -0.475913841926824     
  -1.03156412348594     
  0.273857624586927     
 -0.711121020490340     
 -0.103346720623740     
 -8.743844288752811E-002
  0.613593238385016     
  0.290238395433826     
 -0.109703647856116     
 -0.896316077642137     
  9.795732900337507E-002
 -0.410239656748258     
  0.666504153340403     
  -1.53896013108915     
  0.753825871746998     
  0.284467799609205     
  0.673352310445771     
   1.10503895339825     
  0.576077404195134     
 -0.440415349091881     
 -3.281589482425861E-002
 -0.204913506075736     
 -0.449558375443765     
  7.521409347295124E-002
  0.126768977773229     
  0.525201632069570     
 -0.199386769667285     
 -0.164710038094412     
  0.296235525898161     
  -1.29835374217436     
  0.565793374521243     
 -0.146749794096671     
  0.425857210492018     
 -0.148303808347205     
  0.335986923303855     
  0.179978984920973     
  0.250472387668916     
 -0.198811814667098     
 -0.447956521457533     
 -0.336518670960941     
  8.209839026619563E-002
  0.102288002384485     
 -0.131223738606344     
 -0.557517254077006     
  0.648873771250280     
  1.668395551841458E-003
  0.374394158854012     
 -0.508355453970067     
 -0.167988255431687     
  3.694008400468932E-002
 -0.224229440267445     
  0.424966065796148     
  0.231518594827218     
  0.478646646330043     
 -0.567236349994754     
 -0.277215431370438     
  9.207884580994190E-002
  0.587245005067859     
 -0.113183464220098     
 -8.491620545601605E-002
  0.180909735980490     
 -4.783471526547085E-002
 -0.120799144692846     
 -0.262449692193400     
 -9.081492242401508E-002
 -0.152623747326516     
 -0.253769637271485     
 -0.302844268361873     
  0.237605503941804     
 -0.540592300862943     
  0.772434906586366     
  9.813075778893038E-002
 -0.590581354113754     
  6.766451191898222E-002
  0.468679878545619     
 -0.376038975244375     
 -0.314387060219903     
  0.145825862954128     
 -0.555325626369427     
 -0.714355640573663     
 -0.322525507484040     
 -0.354238299930294     
  2.369352836983609E-002
  0.384934595457068     
 -0.700369247061730     
  0.395249609881530     
 -3.371156573606539E-002
 -0.598217588340889     
  0.701876785639338     
 -0.419424853549773     
  0.220253805573702     
 -0.787826671124682     
   1.16292578681176     
 -0.290792065818974     
  0.538247844985550     
  8.606102677164458E-002
 -0.231956914268368     
 -0.769326875380187     
 -0.388578582921750     
  0.258283264005678     
 -0.394160528882909     
  0.372400855496368     
  5.538809110400221E-002
 -0.648434972198069     
  0.169210959359251     
  0.451221016888493     
   1.05450659052470     
  -1.17796204390004     
  0.820426086829275     
  0.466803877696766     
 -0.418861031289987     
  0.345602004379883     
  0.669479043490559     
  0.499332877042685     
 -5.170350960119745E-002
 -2.680492411910399E-003
  5.922552960112341E-003
 -0.723720844062760     
  0.613965677473769     
  0.214157709215748     
  0.266128173135622     
 -0.439944648458335     
 -0.867579704114247     
 -0.359674049866375     
  0.294036315370796     
  0.825358252483601     
 -0.784336853654080     
  0.803634389281233     
  0.261805655046470     
  0.718228424692611     
 -0.848492343050525     
  0.127751912019789     
  0.598256242777764     
  0.153964075401657     
  0.265639457157072     
 -0.218977488882165     
  0.462218192803905     
  0.121995224487023     
  0.280151935244008     
 -0.114834858300747     
 -2.558143532927613E-002
 -0.571387840087478     
  0.605551633838774     
 -0.663053859228792     
  -1.02887786820563     
 -0.146524469680024     
  0.629342907944964     
  -1.01740990009927     
  0.222308551019056     
  0.317168222497410     
  0.158511626371295     
 -0.916538734773807     
  8.481332675103379E-002
 -0.112921822655355     
  0.315595382969886     
 -0.408468145003617     
  0.158212476740469     
 -0.631796725331062     
 -0.496032481844937     
 -0.359241408521976     
  -1.04545049546146     
  0.602908148806968     
  0.322140554779826     
 -9.829941553568396E-002
 -0.309441334215529     
  6.018250615402305E-002
  1.149439779245507E-002
  0.304159868373815     
  8.130914453927926E-002
  4.587572021422980E-003
  0.102663371868095     
  0.414666622064010     
 -0.349462057647758     
  3.061112039185481E-002
  2.688389022828921E-003
 -9.058913386754468E-002
 -3.769747308678351E-002
 -0.236651788275693     
  0.219408629907466     
 -3.177236856425152E-002
  2.366346083453586E-002
 -0.191528787806587     
  0.750360316869953     
  0.422766825398281     
 -0.939743523909094     
  0.983117917034474     
 -0.156620654995530     
  1.195709716788074E-002
 -0.533221705147959     
  0.657736603787409     
 -0.701965258236960     
 -0.156034754593917     
  7.648673180773766E-002
  0.572449504990084     
 -0.168613792287000     
  0.448047133282094     
  2.539931037159184E-002
  0.116679094600745     
  0.157420566756192     
  0.198842326071937     
 -0.310022305103073     
 -0.315584309336332     
  0.263350402323770     
  0.392178332744454     
  3.938951035242243E-002
  0.481603351351628     
 -5.030100814783880E-002
  0.152230115515108     
  0.286447136222387     
 -0.256661402062732     
  0.186428842064675     
 -0.405566860580641     
  0.392885814040097     
 -8.190252208704646E-002
 -0.482082110189663     
  0.273387625173196     
  0.594138610476869     
 -9.119887172849693E-002
 
  9.790213109114874E-002
 -0.926526910081388     
  -1.25230586183377     
  0.637430465905015     
   1.41928601803869     
 -2.901395194760517E-002
  0.104748245705027     
 -0.614043824927647     
 -0.968602385800773     
  2.028522051011639E-002
 -0.599602529039142     
  0.339862927599314     
  -1.28211548153222     
  3.819567407580039E-003
  0.131198318749520     
 -0.932997776939474     
  3.262817172233187E-002
  0.267042839448051     
  -1.40729998036988     
 -5.830743487450070E-002
 -0.704317159516605     
 -0.724236876775476     
 -0.297184987686128     
   1.05317189661073     
   1.05651575447291     
  0.263552118804284     
 -0.381638534216573     
  0.631854522231423     
 -0.638811144021909     
  -1.16700507732779     
 
  0.135243678051860     
 -0.223044380215797     
 -0.710831342363178     
 -0.609867903956103     
   1.42902197648826     
   1.01361877435551     
 -0.448929541768504     
  0.273552528796087     
 -7.317172568687712E-002
 -0.157424015184336     
  0.281758089515737     
  0.277789342615152     
  0.111124179574707     
 -8.891892830440770E-002
  0.112134531876241     
  0.210016174828342     
  7.857897468504253E-002
  0.450859539682692     
  6.002667304154179E-002
 -0.696748060190527     
 -3.329223085024602E-002
 -0.993330473644083     
  0.434001304019316     
 -0.306002803672583     
 -0.845949330315952     
 -0.615633898039594     
  0.913338661962674     
  0.165327624659657     
  0.251094909989147     
  0.592549036292894     
 -0.330694286165870     
  0.642907453049995     
 -0.131721402124122     
  1.665703991465957E-002
 -0.236513876148649     
 -0.465837190959163     
 -5.165817003804656E-002
 -8.986916642452973E-002
  -1.08427651122891     
 -0.432906622548969     
  0.675209543007842     
  0.145674579499449     
 -0.437573891231638     
  0.409134689643115     
 -4.647488684583471E-002
  0.172373940161161     
 -6.042993943771849E-002
 -0.209248666250558     
 -9.317815297543805E-002
  4.332085844373441E-002
  0.638020772407411     
 -0.562022708364443     
 -0.132239652272689     
  0.406455246204883     
  0.197997287858950     
  0.889917876344199     
  0.619322206190927     
 -1.459810854791373E-002
 -0.199370715220841     
  0.611871062568973     
 -1.475326972391523E-002
   1.84213351660487     
 -1.276673654298469E-002
 -0.962050975469484     
   2.02728548884830     
   1.21611391926340     
  0.301191503003596     
 -0.527538697136166     
   1.64689471956929     
 -8.314911778905608E-002
  0.235686244312636     
 -0.289266613126408     
  -1.65302663370546     
  0.477109381124716     
 -0.941441115726766     
 -0.247652423135054     
 -0.593547112280707     
 -0.443859982573606     
  -1.16981992320953     
  0.200129886888678     
  0.146834489865367     
  -1.06883886321295     
 -0.292798589536958     
   1.13819208015472     
   1.10180651076158     
  -2.04660285292638     
 -0.626797360830473     
  6.704240310093693E-002
  0.607807960352530     
  0.998871245316055     
  0.511059159275383     
  0.123874951978333     
  0.743160554648441     
  0.214897432383355     
  0.641216593899009     
 -9.333413245979909E-002
  3.503141320403137E-002
 -0.366713295381969     
 -0.730087150230577     
 -0.154129245157040     
  0.166909413691098     
  0.505915926068860     
 -0.295924009900277     
 -1.510804875073220E-002
 -0.414363051045935     
  0.596943378157327     
 -0.370821798946130     
 -8.725796527774715E-002
 -0.260281499008399     
 -0.682867425958055     
 -0.130618405377533     
  -1.21631189553585     
 -0.225538995675242     
  0.152669748254422     
  5.226161520840480E-002
  0.165213739037515     
  0.211286098939576     
  0.183184749014001     
  0.128494650016304     
  0.370538611965848     
  0.361280952560265     
  0.100315713293410     
  9.010847392050965E-002
 -0.643391996231414     
  0.171226210135594     
 -0.517932945164411     
  0.480665283388014     
  0.188937612246840     
 -9.748302508700851E-002
  0.984542784279636     
 -0.677634519393452     
 -0.488782775280026     
  0.121476966832746     
 -0.803914804022882     
  9.825463399154413E-002
  -1.45718338121524     
  0.577846112995925     
 -0.346829734607936     
 -0.565241538194113     
  0.276065363841826     
  0.507784416947391     
  0.934094656948828     
  0.652891165646786     
 -0.526109391265525     
 -0.188821305243482     
 -0.448515176167810     
 -0.442345763318556     
  0.498724922633135     
 -0.247268329395526     
  6.084953869750928E-002
 -0.118645095539920     
  0.488565669512182     
  -1.24251530186861     
 -0.269335877627435     
 -0.204721475712561     
 -0.461326178402806     
 -0.652850989537789     
 -0.562572099881306     
  0.488680476303815     
  3.928666766420155E-002
 -0.577470447746305     
 -2.148235580894085E-002
 -0.724312960882186     
  0.149008454273657     
  0.153324834045253     
 -0.385200009033681     
 -0.114119411395362     
 -5.333641591390038E-004
  0.202953897102981     
 -0.126160300770881     
  0.401836322305728     
  0.325606749777148     
 -0.517622592366052     
 -4.371535917091086E-002
 -0.604360481763949     
  0.242876225600303     
  9.601447244721449E-002
 -9.727713363178678E-002
 -0.326707300230109     
 -0.735771343194327     
  0.251793657340868     
 -0.183285932705349     
 -0.415540165851295     
  5.210233160719659E-002
 -0.248804626080106     
 -0.331990377083054     
  0.122707088545839     
 -0.495244234912724     
   1.25133924697293     
  9.495877490082309E-002
 -0.283742450223499     
 -8.380583047363835E-002
  8.962301069679664E-002
 -0.457988408504121     
  4.022397926102270E-003
 -0.463749227546597     
 -0.211789314647306     
  7.201586174107585E-002
  0.116216682779460     
  0.436903763505336     
 -8.609059554817031E-003
   1.25881394974119     
 -0.795984277125999     
  4.226203852494238E-002
  0.577156259105538     
 -3.388022759604646E-002
  0.640691818595567     
 -0.361811507987546     
 -0.115863194145615     
 -0.593850606545088     
  0.239870221377990     
  0.445218054153737     
 -0.409904251826375     
 -3.716282476673212E-002
 -0.707453124193572     
  0.202786301255801     
  6.410477404845467E-002
  4.073596432981862E-002
  0.793498695243759     
  0.969137872732311     
  0.289646075638615     
 -0.150892610960294     
  0.380369292675746     
 -0.233221733485761     
  0.191885416922577     
  0.232543225316097     
 -8.195744440223635E-002
 -0.969163911913987     
  0.449609888195256     
  0.272395264892739     
  0.447813185092760     
  0.295435036164655     
 -1.467374269864165E-002
 -0.167746704382379     
 -0.296747719522318     
  0.692209071065441     
  0.670566492033130     
 -0.423004870390081     
 -0.537459804530410     
  0.312904115475571     
 -0.263092267933803     
  0.464893978255726     
  0.309518161202912     
 -0.197588031940560     
 -0.143955132813058     
  0.678943445865675     
 -0.674007856953542     
 -2.346847925548963E-002
  -1.76520753644754     
  0.414002826475283     
 -7.598852514694272E-002
   1.11683776265941     
  0.246118943572421     
   1.32081511298933     
 -0.176077762215882     
  0.746147447939228     
  0.121062363200393     
  -1.01249991063562     
  0.179481257737268     
 -0.278950479953974     
  0.215580706985107     
 -3.913045636678873E-002
  0.171084416830739     
  0.290082064986161     
   1.02035494409268     
  0.246958701314742     
  0.444300862690157     
  4.029161070636621E-002
  0.224994814680410     
 -7.984392233032825E-002
  -1.22584299848060     
  -1.28441678550165     
 -0.620852680740354     
  0.670228249788398     
 -0.127316929906664     
  0.321470685897055     
 -0.723315348528878     
 -0.384232336741954     
  0.900618390522511     
 -0.630250564033437     
 -0.266558991312801     
  0.258322616883021     
   1.09667281012173     
 -0.861490612345762     
  0.890011640816217     
 -0.497273865540535     
 -0.265015281900611     
  0.401790696293684     
   1.18966678314231     
 -0.990339124245920     
 -0.297308121802021     
 -0.539406705001190     
 -0.283888344279223     
  0.452373543401399     
  0.427315078359234     
 -0.216732266523920     
  3.894333169869701E-002
 -0.566616578876636     
  0.406380795359320     
 -0.386524623559679     
 -7.323831839444725E-002
  0.892582082212644     
 -0.231023673848450     
 -0.267517324746368     
  0.908343879763062     
  1.689803464592465E-002
 -0.373976370117558     
 -0.135373460920888     
  -1.14964706270234     
 -0.220596882064472     
  0.415832351980937     
  0.612883275379642     
 -6.797752027245754E-002
  0.435689791237629     
  0.123722866327533     
 -6.613443983484818E-002
 -0.131757405291992     
 -0.450707289674295     
  0.167273544223647     
 -3.870961060376102E-002
  0.310204481577516     
 -0.474969711705298     
 -6.728840239168711E-002
  0.377508889622059     
 -0.663916890920572     
   1.02631176523167     
  0.484342300161788     
  0.106835729740663     
 -0.211755979752125     
  0.424387057846375     
 -0.624096450386226     
  0.375603301948689     
   1.48929692990039     
  0.638203696285300     
  0.237837117561861     
 -9.081933570342446E-002
  0.915042712326487     
 -0.476280116363928     
   1.03886367745527     
   1.14482860769594     
  -1.28732900342623     
 -0.382316414561185     
 -0.632244732558485     
 -0.896473245197379     
  0.253700628277861     
  -1.17757472713367     
 -0.570758591391127     
  3.808791014507437E-002
  0.855394346074808     
 -0.263605720583971     
 -0.813280108958853     
  -1.43124429139770     
 -0.663955649707719     
 -0.455051701901344     
  0.492375203855875     
 -0.894708379794311     
 -0.915210669001506     
   1.20137706150736     
  0.998741626666830     
  0.347420820670686     
 -0.262742406296847     
 -0.438949027254791     
 -8.645903296573541E-002
 -0.631803760804213     
  0.206443900631870     
  2.794860440313972E-002
  0.288908914248686     
  0.186041913819082     
  0.771831279706684     
  0.401044133562796     
 -0.880142472268937     
 -0.812788067545104     
  7.719356953821635E-002
 -0.540930779356697     
 -0.658835418808579     
  0.137893740974332     
 -0.192617064731815     
 -0.222330069109013     
 -0.390672022077328     
  0.167179278548075     
  0.736805600564567     
  0.172885824858473     
  2.092024105588750E-002
  0.119664166896300     
  0.607055060764662     
 -9.377925212176808E-002
 -0.386457095597687     
 -0.362921368548211     
 -0.266559639575793     
 -0.425596142165131     
  0.398999251764697     
  0.995745825629685     
  -1.40671653690829     
  3.015194860224669E-002
 -0.268697345322542     
  0.257703982740057     
 -0.288822875839753     
  0.514797797348648     
 -0.132401322741080     
 -0.766007856145624     
 -0.940566252759215     
  0.342702933374041     
  0.126993814571263     
  0.533611712006946     
   1.17555940707667     
  4.326098202544728E-003
  0.137394163044969     
  0.753710125217855     
   1.27625121486424     
  0.209086600643723     
  0.140610444361738     
 -0.741553314482684     
 -0.246616121076903     
  4.314330683953136E-002
  0.574696826604098     
  0.457024223807246     
 -0.462269261349614     
 -0.648737450558982     
   1.41044239550412     
  -1.44260174181250     
   1.93732399626750     
 -0.170277208315994     
  0.594009660995551     
 -0.439604800373771     
 -0.461619917584823     
 -3.480013690957146E-002
  0.360495758201426     
  0.449386432531703     
 -0.438619242313490     
  0.283709647127651     
  2.150642653062102E-002
  0.995103203167331     
 -0.647797964307299     
  0.558909384300496     
  0.650921462266660     
 -0.297011330502402     
  4.044055534319022E-002
 -0.535207751281002     
  0.440858054135056     
  0.937283664313739     
 -0.496273259472669     
 -0.711033356966740     
  6.083511269094525E-002
  0.474822497094419     
  0.777201184693688     
  0.875470463349204     
 -0.666467323569185     
  0.640566013172169     
 -0.569444069001087     
  0.392641605933810     
  0.606801036927723     
  0.333920686709817     
  0.292512906770396     
  0.616897678254107     
  0.926599176252908     
  2.283679657968795E-002
  0.180562784043789     
 -0.795189376420008     
  0.666802243275690     
 -0.404239320650034     
  5.985067208754448E-002
  0.581881554257949     
 -5.955492599604791E-002
  0.398814796921819     
 -7.055451396244607E-002
  0.760513944478134     
 -0.161075497800587     
 -0.111614013759066     
  0.358631923429121     
  0.185982366006246     
  3.414283484583497E-003
 -0.366546249678466     
 -0.226862259366333     
  0.311640298967524     
  0.190524756720749     
  0.479064131894697     
  0.373694532859041     
 -0.224768230873533     
 -6.321013182173425E-002
  1.483440604765479E-002
  7.867107680825777E-002
 -0.182560022689567     
  0.277057157927533     
  0.360360259245449     
  0.268620204561916     
 -0.590911771203120     
  0.338468337381080     
 -0.907558475564702     
  7.206258267740008E-002
  0.131511681174718     
   1.35967169099997     
 -7.098349498530619E-002
 -0.271475412908247     
 -0.145508106405208     
  0.930006279665163     
  0.677833469442923     
  0.920708188000725     
 -0.425173651381454     
  0.949920338421906     
 -0.249021529919105     
  0.537532226536376     
 -0.289215594694494     
  0.690012395756097     
  9.725332928445707E-002
  0.188461194241624     
 -0.642770847354485     
  7.070270135077665E-002
  -1.11908841604765     
 -0.949130620273480     
  -1.54346431859101     
  0.431069611407619     
  4.127414252351533E-002
   1.04481402816520     
  0.187379759608166     
  0.843047408210104     
 -0.583268555865434     
  0.278853296775098     
  -1.05628493628181     
   1.75828188696305     
  0.776630495503221     
 -0.131851351729504     
  0.167982928093373     
  0.418436397364846     
  0.210693449878605     
 -0.673591888464857     
  0.975971232107962     
 -0.367732983797080     
  0.248583725267932     
  5.704526511096699E-002
  0.336472355623045     
  0.133217348902444     
  -1.00479570361827     
 -0.804255268959796     
  0.226114203618933     
   1.54038191335088     
 -0.418762425489786     
 -0.584297071290295     
  0.794846136382327     
  0.418315329085812     
  0.702722427174986     
  0.682756520565591     
 -0.166785899655848     
  0.768619216598296     
 -0.132081796493319     
  -1.03985992579934     
  0.406575744538471     
  0.805455739892093     
  0.296016926018527     
   1.16404306876864     
 -0.593923320059985     
  0.280843335064874     
 -0.415626095610089     
  0.496172805649682     
 -0.233922256144838     
  0.141165115328822     
  0.760010954472153     
  0.173541949318765     
  0.316906121587025     
 -0.110806596173552     
  0.734503991658120     
  0.128896165040962     
  0.309705191102073     
  0.125713788863315     
 -0.215735873807405     
  0.432776845668400     
 -0.744331200241221     
 -0.171551549956446     
  0.310758744516424     
  2.729523458351476E-002
  0.386297028077511     
   1.13938061248428     
 -0.279526646313474     
  0.292177771511394     
  0.544478857587707     
  -1.33299944484549     
 -2.241683153986225E-002
 -0.498559062714136     
  5.003078512129254E-002
 -0.138261121285154     
  0.173841246683798     
  0.703507201670066     
 -8.499831718752587E-002
   1.07063159696866     
  0.270015843523646     
  0.234712397935447     
  0.546267750757929     
 -0.523978855318945     
  0.558304608651351     
   1.00162902368174     
 -0.321263299834225     
 -0.680000016651069     
 -0.277220341509361     
 -0.210384016977048     
  0.180137408531140     
  0.879106160459418     
  0.269162438185537     
  -1.02812286459182     
  0.468010359593515     
 -0.516839143606213     
  0.102091323791805     
 -0.534055446946485     
  0.150094586148206     
  0.118039646133864     
 -4.911647980443021E-002
 -0.333961095317744     
   1.26582652843736     
   1.04178150059403     
 -8.225372815817246E-002
  1.368848863431531E-002
 -3.227316136842927E-003
  0.476650211380206     
 -0.366881991722713     
 -0.455588022723090     
 -0.950350809021404     
  0.178191079141203     
  0.561370268566556     
  0.646474276366068     
 -0.615287834263821     
 -0.483244842742682     
 -0.597586215552260     
  0.377934352596850     
 -0.449621119642834     
  0.545679239764429     
 -0.495712021624301     
 -0.261524413447782     
 -0.812138717523872     
  0.371691589635469     
  0.812131762796844     
 -0.229980939496403     
  0.137920023440389     
 -0.157654848389109     
  0.153223909294307     
  0.715021091199039     
  0.259737621439808     
 -0.535484855204786     
  0.204247089719247     
  0.617837651686115     
 -0.347511728873861     
 -0.953347938961965     
  0.647928549766931     
 -0.334189525718798     
 -0.787779621920079     
 -0.606291773775358     
  0.240899718219335     
  0.636640681002571     
 -0.626578594397249     
 -0.108873285831902     
 -0.160824677084693     
  0.495958263220387     
 -0.944480989874323     
  0.197467717460264     
  -1.32517836469256     
 -0.306628794851955     
 -0.572110931291669     
  0.905313229728436     
 -8.967952835118619E-002
 -0.127061439964620     
  0.324243694338499     
  0.116706076391365     
  1.042374538148969E-002
  0.995619240207352     
 -1.407561835501402E-002
 -1.541120261777874E-002
 -0.260225407721317     
 -0.239654813156861     
 -0.344188279627803     
  0.316564254049645     
  0.229785047744980     
   1.44213938743178     
  0.154794730238827     
 -0.217458734719510     
 -0.485848624669835     
 -0.210083031745056     
 -0.872944704227998     
  3.476034693488580E-002
 -0.141585373152058     
  0.194124635921927     
  0.330394032891851     
 -6.447567133657292E-002
  0.338385358244024     
 -2.681424387913458E-002
   1.74719845873919     
 -3.908654029208343E-002
  0.196322253814610     
  1.677040391725719E-002
 -9.588395841084205E-002
 -0.331545569729860     
 -9.667833764391345E-002
 -6.954572729502759E-002
  0.282720735191884     
 -0.260227758303915     
   1.23620697605791     
  0.260926525571513     
 -0.131688816243200     
   1.34648194337971     
  0.140171317527653     
  0.105336285030244     
 -0.477266125579023     
   1.82610937660960     
 -8.580084089269537E-002
   1.60638578934600     
  0.820519732096176     
  9.710079428071126E-002
 -0.325641573554605     
  0.297299677125141     
 -0.119601667933806     
 -0.300418998024367     
 -0.568131893589614     
  -1.58412413184955     
  -1.99082844105611     
  0.267650313742875     
 -0.840793012933604     
 -3.266960682423616E-002
 -0.798796057523046     
 -0.390147742280524     
  0.540964315299089     
   1.83132898813923     
  0.474924429605633     
 -0.149269903793362     
  0.237295504478824     
 -0.575860973428098     
  0.781558501326575     
  0.674202953945991     
 -0.740135162465762     
   1.18963020544963     
  0.417524717056774     
  -1.39363855879426     
  0.287846678167892     
   1.12270755117304     
  0.959011681403354     
 -0.698700685253565     
  0.196227381350007     
  1.065957581125832E-002
  0.418510447994354     
  0.413703989692316     
  5.467247212845301E-002
 -0.116296037698194     
 -0.607428415880849     
 -0.548040329144208     
  -1.19896462339436     
 -3.130580711063819E-002
  0.420911106933913     
 -0.309573236650735     
 -0.126929432309830     
   1.22284247366077     
 -0.949964975748020     
  -1.24266659935048     
 -0.228104623260496     
 -0.106260602782765     
 -0.533057504836029     
  0.156769117829731     
  3.377315837844168E-002
 -0.469713918082341     
 -0.217932723036823     
 -0.131548412962789     
 -0.317467787710525     
 -0.585330114356172     
  2.748585820063987E-003
  -1.49300066863255     
 -0.307817638364447     
 -2.304619088624744E-002
  0.242678597228576     
 -0.652555362782042     
  0.220031123292572     
 -1.201141281507988E-003
 -6.303865212807806E-002
  0.223119079880461     
 -0.170244516151972     
  5.095581148656350E-002
 -0.139144215031294     
 -7.374113807847071E-002
 -0.737542766807079     
  0.496323866384481     
  0.160625685732384     
  0.159436686044003     
  9.443376848895460E-002
  4.025157011511353E-002
  8.349477647328071E-002
 -0.205114645817083     
  6.627538985159846E-002
 -4.548788189202410E-002
 -0.102332089606809     
  0.589361137881998     
 -0.430514435958137     
  0.833342996498100     
  6.219236276765256E-002
  8.398331456987988E-002
 -4.069455362715672E-002
 -0.375152612932062     
  0.132172611032155     
  6.534006837621230E-002
 -1.516770849269180E-002
  0.603502250483449     
 -0.260922880383987     
 -7.439784092209334E-002
 -0.343596331967602     
 -0.312422316875990     
  0.167231722184161     
 -0.414983913550018     
 -0.541867765379238     
 -0.312678738480658     
  -1.35797257102270     
 -0.196870397301602     
  -1.00272569466878     
 -0.733185549859763     
 -6.050930799777589E-002
  0.477200567975310     
  8.205174037973818E-002
 -4.742060679926690E-003
  1.077619475132414E-002
 -0.393320382632086     
 -0.348394299847106     
  -1.45213244740823     
 -0.422151686447421     
 -2.078534186163078E-002
 -0.292225571785659     
 -0.190746166096393     
  0.323923504464451     
  -1.33726273390368     
 -0.929820069831108     
   1.32138196023357     
  -1.03827274476150     
  0.170058212959827     
 -0.604077214337870     
  0.926706418260570     
  -1.69474440782370     
   1.14494856515830     
 -0.180606192243317     
 -0.404442131791546     
 -0.456832842033825     
   1.02107832738485     
   1.58377109288370     
   1.04466295694386     
  0.303468695345037     
 -0.869286086823022     
   1.11713932340303     
   1.32206475349423     
  0.631617754424516     
 -0.467377610859403     
 -0.431332990660674     
 -0.259153992419996     
 -0.543305892018169     
  0.881343923159275     
  0.424441918712969     
  0.545133817694820     
 -0.290598990388582     
 -0.419868116440358     
  0.312202326365687     
   1.05712191456520     
 -0.472205036009367     
  0.748568066480082     
 -0.179742732225638     
   1.37486539933788     
 -0.785987294484103     
  0.194419545714623     
 -0.498866623924892     
  9.336988553800359E-002
 -0.799542473956370     
 -0.353530287331620     
 -0.244344323280287     
  0.314372133552517     
 -0.122644625723940     
 -5.606886457622724E-002
  2.661404921321993E-002
  0.305446932079141     
 -0.509368098887381     
  0.243085254746616     
  0.785940631979635     
  1.802305806117712E-002
  0.444839510534623     
  0.542838244793305     
   1.03353561280232     
  0.162999127486917     
 -0.348098667887563     
  0.626528279978796     
 -0.354141869513280     
 -0.566515258647813     
  0.378185092921536     
 -0.164229686057042     
   1.21781907563551     
 -0.212520538817804     
  0.338138581563952     
  0.194426798624665     
 -0.392328359414392     
  0.555482639934620     
  -1.25621936735573     
 -0.370826049974721     
 -0.474352855182434     
  0.562359076100111     
 -7.766250804100465E-002
 -0.802313920921194     
  0.382097534334122     
 -0.406099451104706     
  0.418011665730308     
  0.187235104298451     
  0.115703583081750     
  0.851683259092193     
  7.637736226759273E-002
 -0.208326956899716     
  -1.15400245360753     
 
 -0.126280458591313     
 -8.389494263696665E-002
  0.554249883361781     
  0.236108748322914     
 -0.657230477740046     
  9.118478914849884E-002
  0.781809633425678     
 -6.522422470271887E-002
  3.211346755594433E-002
  2.268532975654728E-002
  1.483858067578873E-002
  0.610039693308000     
 -7.226328655892614E-002
 -4.734806204382613E-002
 -0.208141915494145     
  4.364784011781589E-002
 -0.813838978715450     
  0.921980890061692     
 -0.135391836437513     
  0.140785675514890     
 -0.713241118815211     
 -2.675388961150763E-002
 -0.321044953530002     
 -0.137285837009971     
  0.543629795630329     
 -0.159250854863267     
  0.290824220302336     
 -0.801515843256696     
  0.340602816218579     
  0.429683091761829     
 
 -0.275777486702102     
 -0.469415044858356     
   1.43857465482614     
 -0.587213150928653     
 -0.233277803813033     
 -0.208005983368488     
 -0.784357555313604     
  0.445117873621437     
  0.186685375938815     
  0.126079532303175     
  0.390634388054872     
  0.129958533756083     
  0.152788400489798     
  1.846832238137221E-002
 -5.402559655899376E-002
  0.924078075994026     
 -0.191122452889163     
  0.231731907106438     
  0.260273791866057     
 -0.118920980253607     
 -0.300460484399548     
  0.191009600713360     
  0.360219800840392     
  0.369241571763338     
  0.150502049156025     
  0.877288398796136     
  0.262559989278468     
 -0.850172051721491     
  0.245218591238759     
 -0.224006875202598     
 
 -5.328444962806446E-002
 
  tansig  tansig 
