 0.275385938930892955E+02
 0.878583619617415934E+02
 0.657304176670324125E+02
 0.660320381637739899E+02
 0.497333310901542092E+02
 0.720960477136353717E+02
 0.120717967597430196E+02
 0.802022613728400202E+01
 0.783854853431672183E+01
 0.990627199165145456E+01
 0.800443742744073994E+01
 0.128269329570465747E+02
 0.391345164090083175E+01
 0.138237460233542531E+01
 0.217724055074253453E+01
 0.296487598305089461E+01
 0.321092677491822975E+01
 0.153397403346943983E+01
 0.765206934768124403E+00
 0.207408484974129248E+01
-0.254988145534047583E+00
 0.219555054822409401E+01
 0.348851647136019682E+01
 0.279176268251419557E+00
 0.155269943072099542E+00
 0.553812218108293064E+00
 0.994089054853108833E+00
 0.197108515058702793E+01
 0.179208241154682568E+01
 0.558161263289498000E+00
 0.416614939894894232E+00
-0.469900296498040992E+00
 0.394564374099578230E+00
-0.690162290207861073E-01
 0.938593103026912234E+00
-0.151586052516737985E+00
-0.835113876497156626E-01
 0.351669372421707760E+00
 0.922291758874735357E-01
 0.142392236326743982E+01
 0.510871305722531810E+00
-0.899177883561348007E-01
-0.803812325426238455E-01
 0.901113625822582559E-01
 0.128835669236762956E+00
 0.199293917241876062E+00
 0.701433942972441105E+00
-0.976338744401046565E-02
-0.113811979887345240E-01
 0.685718185443014439E+00
 0.502328839973245511E+00
 0.594694782480380324E+00
 0.484387256389316900E+00
 0.457596174252506982E-01
 0.671144731269146949E-01
 0.300226332503205517E+00
 0.447699796352838908E+00
 0.226065092601467316E+00
 0.141977284049283869E+01
 0.343036408666245296E+00
 0.611673133279559078E+00
 0.163467986766987794E+01
 0.549404013537617364E+00
 0.202646771082025801E+01
 0.152345603237503502E+01
-0.109723241787384324E+00
-0.167475524902934353E+00
 0.366891115032803528E+00
 0.169431846828324506E+01
-0.246601680272414249E-02
 0.323919833379925493E+01
 0.654384328757170786E+00
 0.122356054905445499E+01
 0.300739437978896618E+01
 0.436169399540743274E+01
 0.398742870816153427E+01
 0.666088904897179912E+01
 0.365938215098667285E+01
 0.748158004470543769E+01
 0.301454384337438697E+01
 0.880712383321925074E+01
 0.659204177845274658E-01
 0.128380538852014094E+02
 0.278595116585108271E+00
 0.762909065964070376E+00
-0.182005349768657965E+02
-0.124553214168663615E+02
 0.682846484247114738E+01
 0.257357682056910271E+02
-0.227128075962742892E+01
-0.861067546714572529E+01
 0.273176942206510169E+02
 0.507518325342635848E+02
 0.129765159491944715E+02
 0.130422354551471983E+03
 0.361641792086460327E+02
 0.275419646489148278E+02
 0.322051537159780636E+02
 0.402926402794416703E+02
 0.188398435050667885E+02
 0.362140211023161598E+02
 0.439171540300584340E+02
 0.747703918736404916E+01
 0.550276723828676317E+01
 0.814341631416226797E+01
 0.337663792766190074E+01
 0.588361197915923917E+01
 0.112615333247733194E+02
 0.343585377864492081E+01
 0.347292243989405369E+01
 0.176767639604357285E+01
 0.668125645742222329E+00
 0.167479338465730843E+01
 0.274902329449601268E+01
 0.115693383828930862E+01
 0.132917634170568877E+01
-0.243803956891014813E-03
 0.202164232428467550E+01
 0.322880612841035586E+00
-0.393757263841233926E-01
-0.212048010404760762E-01
 0.128004831808386821E+01
 0.697550018920132797E+00
-0.334247361966051176E-01
 0.431512587218017163E+00
 0.698471339537578007E+00
 0.499479753292002449E+00
 0.620825214210114384E+00
 0.489057671266831667E-01
-0.108831415710471210E+00
 0.716271265162589793E-01
-0.912032913323955474E-01
-0.639945002117457418E-01
 0.100263506865145235E+00
 0.986826123395921628E-01
 0.725608963718037292E+00
 0.234230854190987187E+00
 0.250291216381078763E+00
 0.251765805282647859E+00
 0.226216324750916666E-01
 0.121006456845541108E+00
-0.409185282461497157E+00
 0.354517481305768711E+00
 0.191497725102188376E+00
 0.226440015568196290E+00
 0.266874596935810615E+00
 0.138122112143635678E+00
 0.582485746586639402E-01
 0.393455016467526453E+00
 0.598165031561904287E-02
 0.795086326202559812E-02
 0.321203449978522848E+00
 0.180133727242073632E+00
 0.699622548932430366E+00
 0.486979951196031824E+00
-0.367943860349201624E+00
-0.539746994041581551E+00
 0.702954926542070813E+00
 0.382218973687102725E+00
 0.668019241218531928E-01
 0.841807336325663402E+00
 0.274002557783644442E-01
 0.407878748291230567E-01
 0.524107940418867324E+00
 0.625711352439742963E+00
 0.131048794419438819E+01
 0.129087634006917362E+01
-0.350718043336344237E-01
-0.633099317784240473E-01
 0.590349108354154217E+00
-0.692436493320096602E+00
 0.382770874206594058E+01
 0.178515589566994048E+01
-0.483079752925764272E+00
-0.965689541054840506E+00
 0.811389984963135968E+00
-0.290401652566378676E+00
 0.531137062125759751E+01
 0.438831058933515195E+01
 0.146440389462392989E+00
 0.352569704902446490E+00
 0.721029439269885497E+01
 0.848593340489848735E+01
 0.360276980377237599E+00
 0.943267520907794044E+01
 0.326007781491124327E+01
 0.920195186417078581E+01
 0.146416492046446454E+02
 0.264306817432857279E+02
 0.292131307076196656E+02
 0.282358512314941414E+02
 0.176606446418301388E+02
 0.204351481784317315E+02
 0.370636717247884828E+01
 0.172241468656990016E+02
 0.175893155417090981E+02
 0.214424892207238642E+02
 0.240790194426512549E+02
 0.473674688230595553E+01
 0.119715535523541883E+01
 0.568511848774934947E+01
 0.703832149021447417E+01
 0.476438523652523926E+01
 0.731408841757311468E+01
 0.208174259604059353E+01
 0.508322738089577841E+00
 0.209363441233539893E+01
 0.117861315664871791E+01
 0.179382060597535409E+01
 0.720397758826468726E+00
 0.273226215545366913E+00
 0.136817084117855564E+00
 0.798581886200022351E+00
 0.174168376643266294E-01
 0.156804333439062882E+01
 0.366682076840624815E+00
 0.195495396743352257E+00
 0.317865725353358095E-01
 0.344065882203375695E+00
-0.141704941887506014E+00
 0.565757096120060643E+00
-0.893289874770781672E-01
-0.528493222218477318E-01
 0.196564768224506969E+00
-0.922320106248533805E-01
 0.420422815547110362E+00
 0.185502135186664641E+00
 0.438750378994102810E-01
 0.300518866268023044E-01
 0.154891594803810179E+00
 0.139509796495615040E-01
-0.114018841765592238E+00
 0.147352251737945777E+00
-0.403253030783175259E-01
-0.343413852169758282E-01
 0.364491549582397559E-01
 0.292667236887615874E-01
 0.563260750149725264E-01
 0.139800709957834640E+00
-0.248463424869296715E-02
-0.240879769745162798E-02
 0.126729936514174864E-01
 0.241523503333876538E-01
-0.288080991001787856E+00
 0.119495568047761944E+00
 0.190376037590175434E-01
 0.228466563678585907E-01
 0.929946993805101096E-01
 0.104891028033381434E+00
 0.224613802818981467E+00
 0.174512374133450221E+00
 0.446291191585687225E-01
 0.627374043092522871E-01
 0.112420783763416687E+00
 0.120909875128615174E+00
-0.135040524068432977E+00
 0.222956815298791716E+00
 0.421094725559839414E-01
 0.568924769969397573E-01
 0.135659440844353135E+00
 0.172096930666107317E+00
 0.652636407198086133E+00
 0.756672980346179917E-02
 0.119618224584674443E+00
 0.189849277643843878E+00
 0.195755047168190810E+00
 0.357781936626434094E+00
 0.343262207930469687E+00
 0.538077761207977567E+00
 0.211061416340972779E+00
 0.384577005043803377E+00
 0.395124900784248334E+00
 0.917422767369241221E+00
 0.135846534994120000E+00
 0.105228493166838666E+01
 0.142039125175523501E+00
 0.376108489655743450E+00
 0.996661465721547457E+00
 0.185675063658815409E+01
 0.180927676843328289E+01
 0.191058874983641980E+01
 0.223266418954262497E+00
 0.625376557133383471E+00
 0.128968006330089113E+01
 0.316892582480661344E+01
-0.505132303148839590E+01
 0.770683299844615011E+01
 0.000000000000000000E+00
