 0.402908774967905181E+01
 0.690355163305127117E+01
 0.395466029155743337E+01
 0.390331980915984689E+01
 0.396332141430796003E+01
 0.400866111226970201E+01
 0.173273499360336980E+01
 0.488799470762646238E+00
 0.170939325702078526E+01
 0.174053373750954177E+01
 0.168451576717504814E+01
 0.177803136053650124E+01
 0.104865590670144826E+01
 0.738530659261291578E+00
 0.100817419514444717E+01
 0.931440622780706273E+00
 0.126557403481477482E+01
 0.781184194905853002E+00
 0.590702125983849524E+00
 0.108249749195837786E+01
 0.762343432339480098E+00
 0.839512944532957550E+00
 0.211400167186618404E+01
 0.288332831591384786E+00
 0.247615189703936950E+00
 0.585657314078363078E+00
 0.654687198042732565E+00
 0.224737083252654374E+00
 0.208708796464250490E+01
 0.108461487240413845E+01
 0.107011864918824395E+01
-0.379413501929057706E+00
 0.645937095125206140E+00
 0.300539365035145611E+00
 0.116060237101309838E+01
 0.283497927929332004E-01
 0.304861331514737176E-01
 0.127346509078740278E+01
 0.694612635559434088E+00
 0.545216090456927316E+00
-0.515097449886053882E+00
 0.417970069554728374E-01
 0.551594644257498434E-01
 0.726619987866591877E+00
 0.916679536447049470E+00
 0.161777770352058026E+01
 0.118384159081135998E+01
-0.666247788751127973E-01
-0.737534516464952716E-01
 0.152719950898629730E+01
 0.101476178995520439E+01
 0.242032852021498623E+01
-0.305414087611314222E+00
 0.946595800952539923E+00
 0.106734008376018963E+01
 0.186941481969494427E+01
 0.114420107589483355E+01
 0.202190577942978544E+01
 0.715442321852234331E+00
 0.445369055380539502E+00
 0.628231057016654604E+00
 0.194818095323704710E+01
 0.161399325495305579E+01
 0.202065998481401010E+01
 0.331529463705262151E+01
 0.147631748284023834E+01
 0.249733643823254026E+01
 0.481898109367007432E+01
 0.273022856770706834E+01
 0.471079852635823693E+00
 0.523435439587027851E+01
 0.332931787975422422E+01
 0.677819638272792258E+01
 0.878742985791088316E+01
 0.555850359444158393E+01
 0.108325306504010062E+02
 0.223288457858964851E+01
 0.253806065313117468E+01
 0.594706605771725272E+01
 0.631779674648310685E+01
 0.130244279298137080E+02
 0.184173015894094192E+02
 0.285521665272703800E+02
 0.855329797233212297E+01
 0.260199543284749737E+02
 0.537963244142310231E+02
 0.396215612953636196E+02
 0.315735836621754515E+02
 0.661844695561631511E+02
-0.112505651615163806E+02
-0.368141734096065534E+02
 0.270123162479574887E+03
 0.129649933789661532E+03
 0.145800034981853798E+03
 0.435898744227482808E+02
 0.129549932111853565E+03
 0.390086013676770049E+01
 0.209342965016586513E+01
 0.390387127349476737E+01
 0.388446824407368752E+01
 0.388412880229467516E+01
 0.381198862386632653E+01
 0.160375339374528036E+01
 0.140738079283940110E+01
 0.164240962431358217E+01
 0.154865004248610871E+01
 0.163274586332134919E+01
 0.157978001702929616E+01
 0.869006370342451429E+00
 0.134097121221554350E+01
 0.903457703512518528E+00
 0.941624654623103519E+00
 0.490007744401298517E+00
 0.126461565804885945E+01
 0.805254937650467739E+00
 0.605218528994821980E+00
 0.575284492234003131E+00
 0.130150971227813361E+01
 0.620236107299698344E-01
 0.790023044942804037E-01
 0.607303712980496180E-01
 0.182247284284297734E+00
 0.442230654397054168E+00
 0.148890821260737694E+01
 0.757020621615815736E+00
 0.351320573196796590E-01
 0.278524267373265605E-01
 0.742075538564231807E+00
 0.350597085462863001E+00
-0.945007797433704971E-01
 0.589768709657701340E+00
 0.910109703861759767E-01
 0.938302207239652269E-01
 0.464018256020338693E+00
 0.361457544893468485E+00
 0.679342640882476534E+00
-0.866951705911580273E-01
 0.108260434618928120E+00
 0.131025861273605632E+00
 0.105975607366712146E+00
 0.437466247943819664E+00
 0.965623893989436044E+00
 0.585908995713029124E+00
 0.922499824870117412E-02
 0.998102884400491053E-02
 0.562995931347365364E+00
 0.473318598149395475E+00
 0.846601368241459151E+00
 0.412522669838600087E+00
-0.144935910156755110E+00
-0.179992439741643556E+00
 0.965090963326800555E+00
 0.587803044558544041E+00
-0.122150879821741509E+01
 0.159431519537080596E+00
 0.339478579325128482E+00
 0.426175209952719958E+00
 0.104206486925283293E+01
 0.737917209455703493E+00
-0.599042945277252437E+00
 0.108975895319790794E+01
 0.814595575581197107E+00
 0.135608799356438192E+01
 0.520902002454501356E+00
 0.122843862400486015E+01
 0.649622291105981686E+00
 0.198765573831697684E+01
 0.747474412568511992E+00
 0.109622847540438428E+01
 0.266509941376205584E+01
 0.180159932872254158E+01
-0.203614625257577675E+01
 0.238179886850749245E+01
 0.495387270130589974E+00
 0.108518500418258612E+01
 0.561411575229538506E+01
 0.394654584999678448E+01
 0.621135416100743232E+01
 0.441026140007870016E+01
 0.395852412263656372E+01
 0.104910070608278634E+02
 0.583055180347691593E+01
 0.104592618601047338E+02
 0.778729871189186129E+00
 0.161317914040730273E+02
 0.432589418239903600E+00
 0.148624951299874453E+01
 0.760520888239063453E+02
 0.359349355080296533E+02
 0.660244120165086468E+01
 0.196310216038431911E+02
 0.355331782209858602E+02
 0.374093408176333586E+01
 0.482103688487831761E+01
 0.378323110113919547E+01
 0.366256468608863939E+01
 0.396331093462807127E+01
 0.356915696933026449E+01
 0.138697674206046351E+01
 0.153182560533033785E+01
 0.147016609025869860E+01
 0.146954409106362371E+01
 0.149328459151478410E+01
 0.220621840321940121E+01
 0.105922777210924757E+01
 0.114508175010737223E+01
 0.705841611212605691E+00
 0.337523287254905380E+00
 0.142104597342374284E+01
 0.109774062904177308E+00
 0.614694561994300337E-01
 0.693408765769790936E+00
 0.395245460141544269E+00
 0.295302507046446838E+00
 0.446835884957344720E+00
 0.181963242251644980E+00
 0.112847242892540264E+00
 0.517987459995155497E+00
 0.245117419819790405E+00
 0.368043626497933318E+00
 0.148886798667761056E+00
 0.866116097777991645E-01
 0.643701905344586239E-01
 0.376907915366551938E+00
 0.182172517721281013E+00
 0.638566053855431359E-01
 0.249418247868781084E+00
 0.868317031178638399E-01
 0.853759600542976504E-01
-0.555077171977104572E-01
 0.179118375403178931E+00
 0.361551935267433344E+00
 0.385045622094274342E+00
-0.201462910398268157E-01
-0.203713503625493689E-01
 0.252899125855375884E+00
 0.181119352167373959E+00
 0.391371470867283300E+00
 0.417121817617599686E-01
-0.109206123449992233E-01
-0.101873278897737264E-01
 0.892033937898077944E-01
 0.168957762570645431E+00
 0.303218698905381057E+00
 0.246637841117531814E+00
 0.485824698455161672E-01
 0.524938086300116361E-01
 0.203594554067818095E+00
 0.182560427313412404E+00
 0.358188962047323367E+00
 0.117020725654630967E+00
 0.932148708718639057E-01
 0.123383169852123178E+00
 0.191781662477017806E+00
 0.241644750465302482E+00
 0.261380808608250081E+00
 0.373941675558878250E+00
 0.150491867816961639E+00
 0.231816461376411820E+00
 0.499187823407622744E+00
 0.372227627815639894E+00
 0.901636425218852455E-01
 0.254572763527435908E+00
 0.815442590243174587E-01
 0.114366602662410041E+00
 0.516614533436826173E+00
 0.522052805675353948E+00
 0.408857325117124693E+00
 0.946001371034017269E+00
 0.173389152801470464E+00
 0.348198693524087111E+00
 0.624518810579415939E+00
 0.104838221970481182E+01
 0.203367793067695590E+01
 0.179250282199117206E+01
 0.679786135454784168E+00
 0.171076903377716349E+01
 0.345899095469763873E+01
 0.263838837465206844E+01
 0.394221433179086400E+01
 0.358315981185964949E+01
 0.164856030048290614E+01
 0.541768968766365244E+01
 0.266590243791131387E+01
 0.867057728201819522E+01
 0.229772012225279232E+01
 0.535642219075254111E+01
 0.848621061915522468E+01
