 0.397870389430025240E+01
 0.685871181928990925E+01
 0.395466029155743337E+01
 0.383669303777124426E+01
 0.395237579989908072E+01
 0.391536055884056644E+01
 0.169240603355374120E+01
 0.831292540424779736E+00
 0.170939325702078526E+01
 0.174102399332629076E+01
 0.176216486497584146E+01
 0.116288275720414380E+01
 0.685850598144361223E+00
 0.166565558990284535E+01
 0.100817419514444717E+01
 0.126246314535049553E+01
 0.128004568428693655E+01
 0.689710051130425050E+00
 0.521532816680030709E+00
 0.137307461376941697E+01
 0.762343432339480098E+00
 0.910141068690698329E+00
 0.160912154831832899E+01
 0.109415931825012969E+01
 0.939644873806079084E+00
 0.450649479852382462E+00
 0.654687198042732565E+00
 0.563708981424922873E+00
 0.109211441541610332E+01
 0.182602002455721918E+00
 0.180161468534773467E+00
 0.898182027604542244E+00
 0.645937095125206140E+00
 0.279561919926778313E+00
 0.159122565070127697E+01
 0.135001183432561095E+00
 0.145174396292501423E+00
 0.143212488896437318E+01
 0.694612635559434088E+00
 0.642174835307525393E+00
 0.354047536003402663E+00
 0.624885232801827631E-01
 0.824660359188604253E-01
 0.197626292862152542E+01
 0.916679536447049470E+00
 0.496421326739138247E+00
 0.403193808203300919E+00
 0.569986778649689163E+00
 0.630973836282173739E+00
 0.100052475009716524E+01
 0.101476178995520439E+01
 0.199208175647224661E+01
 0.643700911846101675E+00
-0.370453573273521297E+00
-0.417707270124311691E+00
 0.233400629710880292E+01
 0.114420107589483355E+01
 0.116054327111222477E+01
 0.123852910007612294E+01
 0.127966409967425210E+01
 0.180507540937642941E+01
 0.383879047301568566E+01
 0.161399325495305579E+01
 0.107272503049176149E+01
 0.829864769359189625E+00
 0.194061355586882645E+01
 0.328273897852613583E+01
 0.299659983642314875E+01
 0.273022856770706834E+01
 0.315808742818133359E+01
 0.342763698510473258E+01
 0.157652883208938666E+01
 0.320967309607679097E+01
 0.108353928602226102E+02
 0.555850359444158393E+01
 0.677593957438564320E+01
 0.718177432686131212E+01
 0.914005073707361326E+01
 0.214165431536102631E+02
 0.848036881099262096E+01
 0.130244279298137080E+02
 0.143209976107422126E+02
 0.319594336873980156E+01
 0.605576305969475115E+01
 0.184222131331127308E+02
 0.530370192872065900E+02
 0.396215612953636196E+02
 0.102847116324730422E+03
 0.521333993265565354E+02
 0.613466100220373534E+02
 0.200738781298556034E+03
 0.476412856177430939E+02
 0.129649933789661532E+03
 0.231510737259063966E+02
 0.200297142206942254E+03
 0.128914120558615508E+03
 0.388171530278676657E+01
 0.217181028851235647E+01
 0.390387127349476737E+01
 0.390182843511772015E+01
 0.387693385882829933E+01
 0.403330001077197586E+01
 0.169686198425949386E+01
 0.600203334239336361E+00
 0.164240962431358217E+01
 0.162998993741972464E+01
 0.164025223854265101E+01
 0.161542127276249681E+01
 0.888611934373700674E+00
 0.169575480472444040E+01
 0.903457703512518528E+00
 0.105093032590390911E+01
 0.740767434130746749E+00
-0.314760551500524122E+00
-0.200426498486063059E+00
 0.113960189595417716E+01
 0.575284492234003131E+00
 0.462144958055459187E+00
 0.120486154711204296E+01
 0.589607023068882241E+00
 0.453240619499944875E+00
 0.652131072626450425E+00
 0.442230654397054168E+00
 0.272196728669654497E+00
 0.280076094682719434E+00
 0.147108939963996349E+00
 0.116626844123295978E+00
 0.504017802683744409E+00
 0.350597085462863001E+00
 0.106081956680609668E+01
 0.127969968245604915E+00
-0.666136100064273901E-01
-0.686771023713050599E-01
 0.707208734216620116E+00
 0.361457544893468485E+00
 0.447081469200208970E+00
 0.534828414510375216E+00
 0.330746708500287756E+00
 0.400297417031461933E+00
 0.728364642934853368E-01
 0.437466247943819664E+00
 0.236061612424168954E+00
 0.832528020748320774E+00
-0.383939297213786390E+00
-0.415404870171906471E+00
 0.293424567447519435E+00
 0.473318598149395475E+00
 0.104173792388294983E+01
 0.907303243718895758E-01
 0.429529545435316629E+00
 0.533422467492045804E+00
 0.643918255050259347E+00
 0.587803044558544041E+00
-0.328798756604028963E+00
 0.869121507517926162E+00
 0.410587596541938382E+00
 0.515444171788693839E+00
-0.134985071177512739E-01
 0.737917209455703493E+00
 0.114307646912065275E+01
 0.116680539368871283E+01
 0.278565069896053008E+00
 0.463737783553436644E+00
 0.145247756445792797E+01
 0.122843862400486015E+01
 0.102071001185253385E+01
 0.148213861626127819E+01
 0.571965645985482496E+00
 0.838831426921759937E+00
 0.381804367886118623E+01
 0.180159932872254158E+01
 0.154565639278413336E+01
 0.143188208253981508E+01
 0.193956604850436598E+01
 0.424877286391264253E+01
 0.288108746708146457E+01
 0.394654584999678448E+01
 0.559562676569365802E+01
 0.510857425059455927E+01
 0.389651382389550927E+01
 0.103266653865618618E+02
 0.125736744767341282E+02
 0.104592618601047338E+02
 0.430898973606773517E+01
 0.878797722785714974E+01
 0.911902070944507770E+01
 0.313302626393000878E+02
 0.229581248589111446E+02
 0.359349355080296533E+02
-0.168440591887433584E+02
 0.438139489752357818E+02
 0.356563751546361800E+02
 0.375390425867785149E+01
 0.174582598466698924E+01
 0.378323110113919547E+01
 0.380250606980629691E+01
 0.384535479170948102E+01
 0.367777377368255332E+01
 0.142918530355778106E+01
 0.120055849873453235E+01
 0.147016609025869860E+01
 0.152074529774597722E+01
 0.179656025784033613E+01
 0.111569488899749736E+01
 0.535656401878436217E+00
 0.127933480431832214E+01
 0.705841611212605691E+00
 0.645202284925822322E+00
 0.100195320293582890E+01
 0.103411731215620001E+00
 0.579067833903038551E-01
 0.665026047929112019E+00
 0.395245460141544269E+00
 0.117540760232080288E+01
-0.155995317642242143E+00
 0.886944578799256367E-02
 0.550052027417513752E-02
 0.417591293535603203E+00
 0.245117419819790405E+00
 0.369140296633889753E+00
 0.309461113342905103E+00
 0.168392457606275692E+00
 0.125150134127401363E+00
-0.162605209440499970E+00
 0.182172517721281013E+00
 0.595723063521901186E+00
 0.102499881477342347E+00
 0.844525061275804984E-01
 0.830366505635231067E-01
 0.221387760165202785E+00
 0.179118375403178931E+00
 0.235262663329761146E+00
 0.241210250772053020E+00
-0.523604737934953851E-01
-0.529454059155470350E-01
 0.211804783103863969E+00
 0.181119352167373959E+00
 0.333660006849950230E+00
 0.159216045791207406E+00
 0.235809262327191765E+00
 0.219975418857608102E+00
-0.740789266076730402E-01
 0.168957762570645431E+00
 0.270585020264666798E+00
 0.166898997546780226E+00
 0.877825157793457045E-01
 0.948498213251552230E-01
 0.253139577631903367E+00
 0.182560427313412404E+00
 0.350091828959524953E+00
 0.177406718871594843E+00
-0.674498819967373625E-01
-0.892795341458879621E-01
 0.163158259875858969E+00
 0.241644750465302482E+00
-0.405600260846165836E-01
 0.453804867983750304E+00
 0.750582474781445463E-01
 0.115619120022227323E+00
 0.331264071273522975E+00
 0.372227627815639894E+00
 0.697562208036748843E+00
 0.354382761110942857E+00
 0.152499930847261794E+00
 0.213882610571673903E+00
 0.109821984130651451E+01
 0.522052805675353948E+00
 0.118987788850466708E+00
 0.628734546342522460E+00
-0.709087819302395284E-01
-0.142398442051124702E+00
 0.116812368193745675E+01
 0.104838221970481182E+01
 0.198090117567313451E+01
 0.779443926059307901E+00
 0.109371844107549565E+01
 0.275248279285838260E+01
 0.202049538688906338E+01
 0.263838837465206844E+01
 0.459726185664250586E+01
 0.439802375902380138E+01
 0.445612021370999811E+00
 0.146442180621081475E+01
 0.262272450185244178E-01
 0.867057728201819522E+01
 0.518273937808258456E+01
 0.123178388709182407E+02
 0.838245652669927566E+01
