     48 -    30 -    30 -     1 
rmse=  31.9542meV
 -0.590428095137906     
 -0.108038273507616     
  0.483737063665097     
  0.439711560685841     
 -0.412731152877325     
 -0.609112611106093     
  0.494344394668736     
  0.168132135751583     
 -0.429113861879918     
 -0.281458217790510     
 -0.239190064331852     
  7.311460637690108E-002
 -0.212597761970452     
 -0.106227015233263     
  5.980566577253536E-002
 -0.105155701351900     
 -0.148490473341770     
  0.162659136285262     
  1.610827476377089E-002
 -0.125111453324553     
 -0.107851884566463     
  0.152467178327151     
 -9.964930849744733E-002
 -0.178569005209378     
  8.236051500913967E-002
  0.272177606640410     
 -0.429132262725635     
  7.197173072440043E-003
 -0.150391520440932     
 -4.703100788741842E-002
  0.370080671880664     
 -0.261650265666642     
  0.401971296499540     
  0.345070866472357     
 -0.220679518759938     
  9.013506617676652E-002
 -0.282054343917931     
 -4.915029163011148E-002
 -0.431544313171239     
  0.182254635259442     
 -0.133550411103899     
  0.286623684324941     
  0.102160861386452     
  0.198825703985621     
  0.167594571114179     
 -4.157276033160726E-002
 -3.997706421614773E-002
  0.219521581491979     
  0.190691348489456     
 -8.954298987388427E-002
 -1.362729747116398E-002
  0.196149677245585     
 -0.178942820414352     
  7.112396453852123E-002
  6.438599579883988E-002
 -1.364105895496976E-002
 -0.500301893959213     
 -0.256990782920583     
 -0.199856143013339     
  0.155257281593915     
  3.539738358007933E-002
 -5.091907202833301E-002
  0.118677183938955     
 -0.133516177732909     
 -3.432722982972292E-003
  0.144498789169192     
 -1.745796341405262E-002
 -0.150334217823483     
  1.386152115555751E-002
 -7.938856494349139E-003
 -2.794552851956766E-003
  3.462352600870601E-002
 -0.292422300858830     
 -0.959995392713727     
 -0.115067226826619     
  1.525561188954196E-002
 -0.301144379823609     
  6.240092743237845E-002
 -0.433019946132225     
 -0.909173261709392     
  7.136367978067162E-002
  0.217621400426324     
  0.256863282782196     
 -0.112739552905754     
 -0.231737015098128     
  9.397894037284506E-002
  8.878017461988512E-002
 -0.535120122905323     
 -0.739653124149326     
 -0.335425206374727     
  0.130796039102865     
  4.562272001135439E-002
 -0.202626799688659     
 -0.162809860916081     
 -0.268974426762296     
  -1.04048366754455     
 -0.374762091202284     
 -0.215354311201103     
  0.331077976309249     
 -0.443052652023977     
 -0.178586390193639     
  0.288434824606831     
  0.153901657584250     
  0.385708087614131     
  0.135805417180197     
 -0.881658563136156     
 -0.315854549410515     
 -5.552750074175006E-002
  1.450028600531321E-002
  0.137668132546819     
  0.210553219877933     
  2.713644957005429E-002
 -9.356267221569878E-002
 -0.221541810127537     
  0.280867813863515     
 -0.277352525223117     
 -2.149193851558485E-002
  0.920761389513298     
 -0.930587583765933     
  0.239721663571122     
  0.380778141385035     
  0.546270662437462     
  0.638647079892087     
  1.303637333271816E-002
  0.143784000969454     
 -0.403565296185455     
 -0.329067484735593     
  5.926417502682636E-002
 -7.228679758693661E-002
  4.579430434296886E-002
  0.238412749545847     
  0.292625173180821     
 -0.712586924530249     
  0.158361833126203     
 -0.508660792606978     
  0.241197423145932     
  0.247351052090232     
  0.287895030356424     
 -0.311482571388099     
  0.387932708252391     
 -0.156189980245492     
  9.604790558759475E-002
  8.962709587375180E-002
  0.324161011250427     
  0.127585612494288     
 -0.186561432853067     
  0.168927808106974     
  0.153371639933603     
  0.331111448715874     
 -0.196383978649566     
 -0.233574460636669     
  1.875463423187156E-002
  0.230845931869339     
  4.366301898507558E-003
  0.398987037245034     
 -0.194929127281924     
  0.204925236776228     
  0.289214475364782     
 -7.944970312383570E-002
 -7.720434051921100E-002
  2.450912513979132E-002
  5.422581729760363E-002
 -0.429936205745218     
  0.227882647704909     
  0.725556164902392     
  0.142757986367427     
 -4.468188145851014E-002
 -0.463726169924180     
 -0.261510891734692     
 -0.199230450495057     
 -0.410733537593223     
 -0.221300753194846     
  0.539783354672957     
 -0.359395547980935     
 -0.470540620306842     
 -0.409588507772852     
 -0.175107423253373     
  9.315589317901876E-002
  7.397510335694110E-002
 -0.603716387183113     
  2.759694171406765E-002
 -2.479089444371620E-002
  0.685992478108925     
 -0.110672645962767     
  0.554526580438383     
 -0.491648123400311     
  0.220038614554850     
 -0.154486171380487     
 -0.416571238533171     
 -0.632667489251188     
  0.227984874405233     
  0.107797462503516     
 -0.126570447715937     
 -2.743319171553582E-002
 -0.306265246996806     
 -2.514263657855824E-002
  0.162075037376122     
 -0.316104568171058     
  0.453733716387026     
 -0.136076333808944     
  9.544759083020400E-002
  0.191699057196213     
 -0.400235002297533     
  0.460771237514475     
 -0.482140268686962     
 -0.364300294682378     
 -0.917132030857954     
 -0.800751787997820     
  2.610246490021635E-003
  0.125856875139513     
 -6.519624037891965E-002
 -0.141739043806832     
  0.322447223160661     
 -0.732310597357413     
  0.484455561497052     
  0.157687636271912     
 -0.506767944077679     
 -2.002477777893883E-002
 -0.608232967415876     
  0.305857450606647     
  0.543819518620816     
  9.319662009969278E-002
  0.445099741102793     
  0.206194110904087     
  0.206268528219386     
  0.671327608392136     
   1.03685058279487     
  2.770403482817925E-002
 -0.145321765171482     
 -0.607003440547578     
  0.289488199325143     
 -5.515831713089423E-002
 -0.285196048309825     
 -0.677396457285256     
  0.333910598762835     
  0.160521453098540     
 -0.192993706011368     
 -0.195308897333443     
   1.31573532606316     
  0.285119510877613     
  0.533877029863257     
  3.076292926050098E-002
  0.175586748379484     
  0.394500495886405     
 -0.173930833214819     
  0.561826053744436     
  0.244739410874309     
  0.494198185876495     
 -0.143948734548815     
 -0.736349164156275     
 -0.236660101782072     
  0.253394030826416     
 -0.173938335877708     
  0.151339596169392     
 -0.224467933893533     
 -0.598576957490349     
 -9.021867831831519E-002
  0.196223094080626     
  7.225267320738490E-002
 -0.488792554305131     
 -0.483629525867636     
 -0.351667050033428     
   1.22813642334211     
 -0.779924802622138     
  0.249073994807133     
 -0.504663106928851     
  8.074247493392203E-002
 -0.549006461315347     
 -0.191675031381553     
 -1.713212120478837E-002
 -0.160681269553420     
 -0.402347750680096     
  6.738279767682279E-002
 -8.879283531193299E-002
 -0.331350198173687     
 -0.970555975966614     
 -0.407055195856142     
 -0.358270026140657     
  0.103302359964762     
  8.547883147174890E-002
 -0.184865860310378     
 -0.397175236946531     
 -0.738159334791775     
 -0.253636976296045     
  0.320841319516044     
 -0.178933815236326     
  0.443373290307312     
 -0.356998392651874     
 -0.376375525415920     
  2.949720930262414E-002
  0.327504218163231     
  0.529889155903355     
 -0.608025915681298     
  0.223451888708317     
  0.283364479863237     
 -0.741427958312274     
  0.419087245643340     
  0.360022839288444     
 -0.315447866525132     
  0.451695281216096     
  0.734288694019644     
 -7.891788336327868E-002
  0.150587917278140     
  7.401073141267661E-002
 -0.218700914517270     
  1.039519250188611E-002
 -0.161141627561581     
  -1.13584590981654     
 -0.269958021725581     
 -7.493079365129855E-003
 -0.438662839875657     
  0.184277798352960     
  0.310128402144609     
  0.502128364386883     
  0.205422068474809     
 -0.528558351640153     
  0.471105738483700     
 -0.264610055303168     
  8.329834392608262E-002
  0.664822317480080     
 -3.650363949996275E-002
  5.468044069204930E-002
  0.243979045724038     
  0.335103971994261     
  0.520709321309703     
  0.712310457367193     
  0.111189386258219     
  0.299543435381295     
  0.216486204117977     
 -7.558041458387130E-002
 -0.125589137604860     
  0.103660791490566     
 -0.705564497941071     
  3.385535370104117E-002
  0.273053394307328     
 -0.710609561684972     
  0.253700358561214     
  3.891685274400106E-003
 -0.234696091166564     
 -9.182440855060148E-002
 -6.681984688808713E-002
 -0.474871886005379     
  0.493374436723594     
  2.263753094704406E-002
 -0.237393127620934     
  7.977961601739891E-002
 -4.046986843491820E-002
 -0.124339120968584     
  0.269722461734563     
 -0.260012518254290     
 -0.340821760410337     
  2.469137505084571E-003
 -0.117217024693502     
  0.133996471409346     
  0.437377047909513     
 -0.511650315592045     
  0.186293722672478     
 -0.489930961536363     
  2.265701076761880E-002
 -5.980741938188837E-004
  0.162889358014088     
  6.217363907518312E-003
  0.130538058038058     
 -2.894298562110021E-002
  0.185083824445688     
 -0.234536460053115     
  0.663829383488513     
 -0.460465167434861     
 -0.122883342342292     
 -0.521071036217620     
 -4.962790162179753E-002
  0.894397749707043     
  0.159779137968995     
  0.306735140093752     
 -1.982017967567294E-002
 -1.958941021867532E-002
 -4.026944993363454E-002
  0.183419544058513     
 -8.885212887926106E-002
 -0.191410643401964     
  0.178885991276211     
  1.285692887596512E-003
  5.529900990555922E-002
  0.332743022721535     
  0.545096772946259     
  0.200379348394556     
 -0.160111498396111     
 -1.623053835800369E-002
 -0.416898681283942     
  0.223687878036878     
 -0.661554676962882     
  0.140898786683822     
  0.294680854804008     
 -0.158525211274725     
 -9.090626531156477E-002
  0.351889811080732     
 -0.267523686208951     
 -0.502458262791165     
  -1.42082951659694     
  0.227148832787554     
 -1.059241490226625E-002
 -6.188000373485555E-002
 -4.362434024475238E-002
 -0.164218122639768     
  0.124634314991731     
  0.296358897689506     
  0.556620379768165     
  0.324195367541130     
  5.606697635932650E-002
  0.101873941643985     
  3.016451396421036E-002
 -0.452051423865522     
   1.04835409956481     
  0.417296913677489     
  0.381379695641776     
 -0.538628015417547     
  3.649163086459985E-002
  5.290149782911036E-002
 -5.554315028441480E-002
  0.661753299034053     
 -0.416518363572631     
  0.125119560893428     
 -0.283804777626349     
 -1.185235634063048E-002
 -0.328633015351178     
 -4.654949352877099E-002
  0.154475039096166     
 -0.269552115979780     
 -0.326985777494267     
   1.03368880416914     
  5.610708642910420E-002
 -0.117395412128339     
 -0.215352037571180     
  0.128654854810587     
 -0.158027910374758     
 -0.298065536328943     
 -0.296857515892882     
  0.115060169753404     
 -0.246611797429476     
  0.741330849238851     
 -8.310993448145451E-002
  0.392317093112332     
 -0.738849824971670     
  1.438190211676698E-002
  0.212598245236335     
  0.410990805360605     
  0.455603613961485     
 -1.839406216932302E-002
 -5.851150122172386E-002
  0.152487297394348     
 -0.114001168848983     
  5.811964828983256E-002
 -5.631772773252175E-002
  0.234828226512967     
  0.413651162310092     
  9.562213368348337E-002
 -0.347809729972575     
 -0.893809247022639     
 -1.593119458894389E-002
  2.377685997283564E-002
  4.846733712988594E-002
  3.680426680161306E-002
  0.757330205518911     
 -0.523261242380278     
  0.151550319853387     
 -0.299799062824276     
 -1.943088969503499E-002
  5.954849564322919E-002
  0.248934211625834     
  0.105750393832876     
 -0.211980306061203     
  0.607216259219346     
  1.241372262292917E-002
 -0.330793850049912     
  0.628513396885857     
  4.106191040131599E-002
  0.598830888010471     
   1.07805528460288     
  0.350171521628018     
 -0.866818092817205     
 -0.165654888117879     
 -0.110953830673786     
 -7.171391255265590E-002
  0.697554186171482     
  0.516890094222756     
 -0.759641427226899     
  2.695116023966668E-002
  0.278781376963351     
  0.256382744491643     
 -0.196391529903241     
 -0.322407707175874     
 -8.665059303851582E-003
  0.618899940627783     
 -0.227728034669152     
  0.316467295696756     
 -0.249362742210528     
 -1.504662514610559E-002
  5.972766047548739E-002
 -0.281924478084979     
  0.289835001324195     
  8.083282327028990E-003
 -0.637848890419144     
 -0.406373887504006     
  0.130973555565826     
  0.124262192605703     
  0.768338747030822     
 -0.178867233148983     
  0.176008021489357     
 -7.489151213062002E-003
 -0.418454250974251     
  0.773381360677571     
  0.105042883727820     
 -5.994314235800134E-002
 -6.507833869747617E-002
 -0.252196774629754     
  0.131492694751889     
 -4.573594182470412E-002
  1.457535237605166E-003
 -8.954542160149852E-002
  0.763536591839254     
 -0.301443840364448     
 -0.279893581475040     
  0.109057425902479     
 -2.246009455411806E-002
 -0.479858612916579     
  3.846329911842408E-002
  0.151809623480794     
 -0.110564007263544     
 -0.297348434060025     
 -0.269510743442748     
 -4.598254977115525E-002
 -0.537152693677850     
  0.260807813124153     
 -3.482264527822072E-002
  0.217744894405611     
 -0.346949297529571     
  0.199671302017504     
 -3.404085243369385E-002
  0.100815062175584     
  0.343027726884659     
 -0.249433481919407     
 -0.315513633118786     
 -0.164841067278016     
  0.289447037415224     
  0.167226237984646     
 -9.325603293091113E-002
  0.498265020532914     
 -2.258347183484705E-002
 -0.429125421217359     
 -0.485083319938594     
 -0.268737398999850     
  0.270683468990915     
  0.694726340490263     
  7.727118079634182E-002
  0.248371338048394     
 -0.159549074933703     
 -1.009489930529101E-003
  0.372941363053683     
 -0.449713644409213     
  0.296107539492796     
  9.360808093823537E-002
 -0.317547263065211     
 -0.204156763706559     
  0.163657912487555     
  0.737776713094315     
  0.429634750075806     
  0.335272107478381     
 -1.846332465107087E-002
  1.003602131241816E-002
 -0.263850748933863     
 -4.416774377425105E-002
 -0.168191301032186     
 -0.107796661274556     
  5.868378686081662E-002
  0.158782051749878     
 -0.606165618944052     
  0.496376074176224     
 -0.146182632842183     
 -0.207514062449480     
 -0.266026638899227     
 -3.403410891363021E-002
 -0.297141130313759     
 -0.704610747419504     
  0.134703239829888     
  -1.16206529956150     
 -5.764097232140919E-002
 -0.236560107812882     
  0.617521149078310     
  0.557259816855613     
 -0.348687338148771     
 -0.344405508819647     
 -0.358869147160976     
 -3.426210282208857E-002
  4.443810337330318E-002
  1.638412751377572E-002
  7.150258278544649E-003
 -0.320286656832778     
  0.547008001323222     
  0.661634772685501     
  0.187525975359336     
 -0.668569922392601     
  2.978765803811922E-004
  0.245428063181802     
 -0.487687024073705     
 -0.385762730028677     
 -0.514750112699916     
 -0.624390223649980     
 -0.216637396893580     
  0.177018127371565     
  0.484742608531256     
  0.390125195827201     
  0.586861981255047     
 -0.132963745695832     
 -0.316145161811839     
  0.323856033267970     
 -0.831075766601487     
 -0.279101203954947     
   1.13647972980618     
 -0.233377327311387     
 -0.661291668086970     
 -0.171941854520548     
 -0.106866422856483     
 -0.203667276448683     
  8.556828099748190E-002
  3.124915235851329E-002
  6.866965974139726E-002
  0.230183296535960     
  0.639206448955744     
 -0.179456271274345     
 -0.165119615776737     
 -0.104214462410782     
  0.337879711714987     
 -0.435295576663960     
  2.130060123309399E-002
 -0.301375078339708     
  1.513104925491292E-002
  0.205116398163871     
 -0.264573059621405     
 -0.339011426741174     
 -0.231727317527459     
  8.227842216249720E-002
 -7.637589121011952E-002
 -0.725852547589472     
  0.208509766099781     
 -5.399417244507022E-002
 -0.156867726916343     
 -0.101759151626744     
  0.288738057041734     
 -2.926717813702485E-002
  0.274347227372639     
  0.330786620088672     
 -7.872865027735186E-002
  0.267939372703621     
  6.851834482364604E-002
  0.682821456685504     
 -0.391603026527093     
 -0.128740932058436     
  0.125722656945191     
  0.320300347714003     
 -0.560083300998527     
  0.263832999562486     
  5.721746774470454E-002
  0.215917430410917     
  0.165405050825814     
  6.682256466940561E-003
  0.106003023901098     
 -0.188987706559655     
  0.120320284660617     
 -9.598471285536291E-002
  0.282308196768380     
  0.223310742097287     
  0.271939147465182     
  0.492953690922470     
  0.317208265039553     
  0.391749126823831     
  0.684121736101696     
 -0.341529621849989     
 -3.380904940547168E-003
  0.322616235443577     
  0.290303484102159     
 -0.201844688814879     
  0.332774724249531     
  0.248227975861027     
 -0.473277388267608     
  0.754340883196002     
 -0.193084836907417     
 -0.713114513947391     
  7.036638827076086E-002
  9.802868919192970E-002
  0.285373218289963     
  0.739722235855496     
  0.273289208945502     
 -0.112057080065244     
  -1.08781877612574     
  3.827079076397945E-003
  0.315795787846578     
  0.781927745911826     
 -0.670346893642926     
  5.298034451479213E-003
 -0.514575141246730     
  0.808104339540379     
 -0.168677056954647     
 -0.724322209868569     
  0.721109355670635     
  0.129176187761163     
  0.863152135014266     
  0.655048224012197     
 -0.163323898002410     
 -0.713767730774415     
   1.49521562077114     
  3.116469530341098E-002
 -0.553403356105650     
 -9.430593084834547E-002
 -0.152123863549573     
  0.296031864229013     
 -0.534775395698773     
 -4.636339280598072E-002
 -0.583619165146305     
  0.357819852338075     
 -0.353356144387174     
 -0.807342638157290     
 -0.281468032625646     
  5.675797283999788E-002
 -0.640994842196286     
  0.185113572278638     
  6.880706360481252E-002
  0.183765481163380     
  0.236138663899929     
  0.109043070045571     
 -0.177459395778958     
 -6.225399043031381E-004
  0.269065576786831     
 -3.276509428238241E-002
 -9.977413939251047E-002
 -8.340191054048607E-002
 -0.192754169895411     
 -0.219965276661269     
 -0.158736947301650     
  0.456914072558698     
 -0.550936975128297     
 -0.135774778494675     
 -1.445478525260286E-002
 -0.150554314190823     
  2.856750786463496E-002
 -0.560199647159942     
 -2.940457746188363E-002
 -9.854062696273816E-002
 -7.275031382188873E-002
  7.368344773181240E-002
  5.888471684188248E-002
  0.627598280182064     
 -0.574776343233876     
 -0.161223159133488     
  0.348120114564542     
 -0.332670732355881     
  0.574272032712953     
  6.131811033158426E-002
 -0.445367243713215     
 -5.420315564904701E-002
 -0.169950507412169     
  0.179950636386412     
 -3.369379757356010E-002
 -7.160008915009782E-003
 -9.437125487482785E-002
 -4.347280431575216E-003
 -0.148196808380023     
  0.133697281136501     
  0.242646271636851     
 -0.158341179650152     
  0.138511545054772     
 -4.176881549937499E-002
  0.382801376414752     
 -0.106514209585997     
 -0.408231675529523     
  9.051203633148107E-002
  6.079945653648682E-002
  0.525989492363991     
 -0.398942504559178     
 -0.660970882814255     
 -0.121089772323919     
  1.777227630887542E-002
 -0.507226433102115     
 -0.464051992919800     
  0.345228304896025     
 -0.182922662308867     
 -2.485868106882925E-004
  5.650819741380286E-002
 -0.150860327824248     
  0.212910456379290     
  0.476430325380750     
  0.255520989054142     
 -0.269469415552318     
 -0.194086889386032     
  0.473851022403727     
  0.140221603394327     
  8.215313243037428E-002
  0.283511891910153     
  8.434424429298848E-002
 -0.528368355808905     
 -4.560063298341209E-002
  0.139764537960704     
  0.104846138687938     
 -0.159706361831986     
 -0.640250367994753     
  4.649002084291780E-002
  0.487951446629517     
 -0.145074356152901     
  0.383685990387952     
 -2.694887828252627E-002
  0.339435596380851     
  0.105064983243670     
 -7.443234456863480E-002
  0.146283743717276     
  0.444407314952067     
  0.151609710611768     
  0.196645924346043     
  2.796697831155636E-003
  0.142318045955462     
  0.412557650247934     
 -5.855646766956055E-002
  2.330048905768331E-002
  0.325844496803660     
  0.170263784091943     
  0.730567566639509     
 -0.402940357043602     
 -0.275940015218564     
 -0.505627753354512     
  0.170019538906023     
 -0.252890230567268     
 -0.244821191943557     
  0.482527846368318     
 -9.031998909145805E-002
  7.243529073843027E-002
  0.113756891875440     
  0.192974658011072     
 -0.327667853218435     
 -0.378735148065301     
  0.142397112246703     
  0.373483092640942     
  8.328867017588912E-002
 -0.625631061248024     
 -0.194147856035490     
  0.738448135857841     
  0.322854660866787     
 -3.739334023223516E-002
  2.132006753255875E-002
  0.203385950508681     
  0.875628174454325     
  1.042240765145565E-002
  0.132109260199084     
 -0.206058667066597     
 -0.288901293593089     
  3.421543445081032E-002
 -0.995675012905237     
 -0.109954960558249     
 -0.456990044801221     
  0.221070260899227     
  0.290527646698338     
 -0.389038181994957     
  6.053249066476991E-002
 -0.108207048105512     
  1.307028945445158E-002
 -8.418788884271916E-002
 -0.112653632437105     
  0.227357848612727     
  0.338918365466779     
  0.222664297956351     
  9.629899298530652E-002
  0.357584906690474     
 -0.691988918427357     
  0.549916779637962     
  3.833009807728982E-002
  0.264600805694198     
 -8.071869981276887E-002
  0.735425391512525     
 -0.195056883386622     
 -0.166336538026356     
 -0.382686420625647     
  0.613565781088343     
  0.844227122872119     
 -0.112154367375058     
 -3.418713662784465E-003
 -0.169558744752337     
 -0.596861536354946     
 -0.282451984950178     
  0.187845939538393     
 -8.171461946174397E-003
 -0.646040376247380     
  9.964343198444162E-002
 -0.291549039276435     
  0.472307477736397     
 -0.450234561798046     
 -0.316125426536748     
  9.610801727702367E-002
  0.319552925958952     
 -0.816642988747239     
  0.118582135634967     
 -7.551739009786419E-002
  0.209158756406434     
  0.196530983826863     
  0.227966070355947     
 -0.384797368448532     
 -0.220193066365583     
 -0.556631485232144     
 -0.305877524351780     
  0.159659825579416     
 -0.551170591527061     
 -0.278563672838321     
  0.661784681014273     
 -0.993827297643558     
 -0.998372524787519     
 -4.186778151154523E-002
 -0.165228036877913     
  0.116747962177655     
  0.108276529291119     
  0.234040513407669     
  5.307692386897522E-002
  0.125438528746131     
  0.314536505090828     
  0.161157084165607     
 -0.177379715983162     
 -0.194108373757100     
  0.118828537550740     
 -7.296060196175870E-002
 -0.142620509524532     
  0.264199448286055     
 -8.222728883296765E-002
  8.619089619810862E-002
  0.298758031711977     
  4.030936420256874E-002
  8.128041730789763E-002
 -0.179255694834271     
  0.216173570610625     
 -0.225240524582250     
  0.351089289186892     
 -0.724754292665601     
 -3.698104980717022E-002
 -0.133963007186777     
 -0.506812749512018     
 -0.638534860731432     
  6.378675687666779E-002
 -7.310657175746844E-003
  7.607197794106220E-003
 -0.264839037817190     
  0.120279958413145     
 -0.101189714524768     
 -0.412641447570225     
 -0.188192188748175     
 -0.262498134133672     
 -0.423899301230782     
  0.347335530997470     
 -0.597835595622452     
  0.438389014832859     
  0.499002094397239     
 -8.988535305356728E-002
  0.466339671257582     
  0.168498754244254     
 -0.230591196166557     
 -0.160550410269840     
  7.536295278724475E-002
  0.454506103959543     
 -8.282271716825235E-002
 -0.475118817501675     
 -4.953243236072002E-002
  0.104681075549150     
  0.845478749026932     
 -0.122026953212370     
 -0.264593730760658     
  0.569173431960357     
  0.754351629488871     
  0.120652882052193     
  3.544531197776361E-002
  0.195264422335614     
  1.707317478481027E-002
  0.539135461995076     
 -0.245314716482481     
 -7.731530540939906E-002
  6.655038400048728E-002
 -0.244177623560872     
  0.509099572539699     
 -0.171638230195166     
  2.711628769121180E-002
  0.232895669634549     
 -0.132055822726441     
  0.488171934814377     
  9.548228593157121E-003
 -0.174668953259190     
  0.148708228244209     
  0.448514333762429     
 -0.670258425451497     
  0.327020107270590     
  0.546374597278199     
 -0.206548195118006     
 -0.195377385682219     
  6.658929299983574E-002
 -0.571267168526057     
 -0.113541664786985     
 -0.411205694143403     
 -0.177649557006126     
 -0.190406932017478     
  0.115216886016198     
 -0.562329402237314     
 -3.341834720708445E-002
  9.559636828361867E-002
 -0.241953545344659     
 -9.061371106844131E-002
  0.270731811787134     
  9.666237971902508E-002
 -0.231375638902408     
  6.973144055735329E-002
  0.356392506834746     
 -2.070678314260692E-002
 -6.581863788032220E-002
  0.408569837151788     
 -0.292198542396953     
  0.312177920363177     
  9.006788198962298E-003
  0.113924343018295     
  0.455533654606955     
  0.510377009952392     
 -0.214903926523172     
 -0.189363620705205     
 -0.149195323841668     
  3.761795683291020E-002
  0.183580191012596     
 -0.158233146277415     
 -0.332128952117300     
  0.173843969996402     
 -8.628450734472851E-002
  0.285410979040214     
  0.250356667819143     
  0.122599085748627     
 -0.352133670982303     
 -0.470855335152711     
 -0.386964491642592     
  2.584490341100086E-002
 -0.253931150259427     
 -0.112375838773715     
   1.05470413321043     
 -0.296957736084760     
  0.257091129553079     
  0.169279096789303     
  8.537039677621387E-002
 -0.453478901943216     
  2.686782856516233E-002
 -4.027558321046090E-002
 -1.426310567819854E-002
 -0.512915292064621     
  0.289599521734520     
 -9.244885233725023E-002
  9.074762049050959E-002
 -0.874510240059608     
  0.443934291554509     
 -0.212422623517160     
 -0.259957073126511     
  0.404186246559776     
  -1.22271371091192     
 -0.170284352571877     
  0.424370012267284     
  0.474904463539538     
  0.294037186895627     
 -0.341217583070377     
  0.804935964862421     
  0.129733142664003     
 -0.614176674017040     
  0.542541913445943     
 -0.193266575010364     
 -0.373006979346560     
  0.929959306299503     
 -1.094181171142811E-002
  0.126633356191023     
  0.150529761177418     
  9.717915679508081E-003
  0.211914052680801     
  0.166082930037501     
  0.138413600987162     
 -0.305846894793157     
 -0.190548695281655     
 -0.491137589278691     
  9.161365555445385E-002
  0.481326430333702     
  0.154711329799794     
 -7.164989877348524E-002
  0.422681066797592     
  0.353182343982628     
  -1.09881244021667     
   1.13357474326485     
  0.783490141223600     
  8.715183659630953E-002
  0.547659667120756     
 -0.374702268828043     
  3.708413221134861E-002
 -0.561369827655487     
  0.502627401966906     
  0.344785584232188     
 -0.104824253346073     
  0.135389595944722     
 -0.256575707560746     
 -0.370597594616178     
  0.329479216527179     
 -0.537882900921098     
  0.531418949236610     
 -0.210652956172944     
 -0.362777366262109     
  5.248237335098678E-002
  4.015532912502396E-003
 -0.341312100542338     
 -0.271905459215425     
  4.400020152869160E-002
  0.359769736048745     
  2.047738060231736E-002
  9.907904995818523E-002
  7.396260627697740E-002
 -0.118487805413731     
  0.184469052503334     
  5.210031904071524E-002
 -0.754393427492910     
  0.164447516463992     
  2.193058089029708E-002
  1.957989545706353E-002
 -0.107563324827851     
 -2.473287365364280E-002
  3.450357074486747E-002
  0.375604543901955     
  0.224297130528638     
  0.129657254393531     
 -0.240170594293034     
 -0.333461724685184     
  0.262026540781757     
 -0.232669826896851     
 -0.117076775484867     
 -0.217583908221731     
  0.222288229167209     
 -0.245694696894875     
 -3.347415958957155E-002
 -0.784162362752752     
 -0.331143780553635     
  1.561609170898431E-002
  0.226094666379031     
 -0.677968648294149     
 -0.304543603093387     
  0.193374589931127     
  0.228293497117439     
 -7.447689111149117E-002
  0.250061134112288     
 -4.112386195702162E-002
 -0.185019533820593     
  0.781495279054752     
  1.053951456976674E-002
  0.135088529202172     
  0.230692285848768     
  0.193401702612949     
 -0.410689792492211     
  9.876221255679656E-002
  0.111263864860230     
  0.386255260626375     
  9.304087229170492E-003
 -4.556316533351664E-002
  8.446595548524334E-002
 -0.504047655689596     
 -0.313281014092283     
  0.447804935797352     
  5.907179259704546E-002
  0.592473635591627     
  0.125804587232567     
  0.257553670292344     
 -0.218710510178781     
  0.105545098247936     
 -0.123138619941275     
 -0.179492391940671     
 -0.105552445040565     
 -2.237237703515619E-002
  0.249424558340613     
 -0.554599568252787     
  0.230011868202112     
  0.667800709191135     
 -5.807070689504303E-002
  3.304900853379082E-003
 -0.407738013167754     
 -0.127933067006377     
  0.200151077936540     
 -0.524367056720908     
  0.558737231443806     
 -0.241873694323678     
 -6.699207268560982E-002
 -0.233976976787732     
 -0.123968814748317     
  5.807829776501249E-003
 -9.754263921181359E-002
  0.632577808740738     
  0.694933982517509     
  0.120094832502419     
  0.847817527985801     
 -0.562457561935438     
  0.345444416652413     
 -0.173140925712322     
 -0.496992497961458     
  0.664280396011900     
  0.374421120785579     
 -0.611404420131215     
 -0.635881317994756     
  1.185030081472581E-003
  0.234637486229169     
 -0.132173946558831     
 -0.349161286095901     
  0.376339270542591     
  0.430935417589082     
 -0.597576562905294     
  0.219524338807359     
  0.254116479561717     
 -4.022095214019802E-002
 -0.245566679809767     
 -0.301480447643856     
  0.453607766337499     
  0.277638735276142     
 -0.343613217864302     
  3.472767796410745E-002
  6.783134599907928E-002
  0.309947822903625     
 -0.180263720942711     
  0.579647477395436     
 -0.570885890423880     
  0.226443700460046     
  0.140259562680876     
  0.544128033937040     
  0.112888077250941     
  0.451730675044989     
 -0.113100836946274     
  0.283424814159086     
 -1.221827507925036E-002
 -0.727711428726174     
  0.319680357725781     
 -0.106875644828613     
 -5.767793846541455E-002
 -0.590154017213675     
  0.514119598602853     
 -0.799994932188472     
 -0.461816890520940     
  0.620324624947476     
 -0.571827439401174     
  0.289419939486875     
  6.919801022946792E-002
 -0.259401284627813     
  0.608304544804971     
 -3.733364954521469E-002
 -3.351527389291217E-002
 -0.116606457589172     
  0.664793223645464     
 -0.586397444808961     
 -0.189351660288870     
  0.176082067195440     
  0.500928452871011     
  0.421029394001718     
 -0.421361429281141     
  0.480958889823227     
  2.855487270040672E-002
 -0.106090880184690     
 -0.212558324069071     
  0.150292671080274     
  0.306198405931637     
  0.365139778405676     
  0.360913320346748     
 -4.187411442911333E-002
  9.246330626355496E-002
 -0.165616816403971     
  0.182306683298729     
  0.117354678944812     
 -0.444022612552970     
 -0.285450824203445     
 -0.113176092919261     
 -0.247062640665515     
  0.135697435288098     
  9.691723640895437E-003
 -8.266840019382080E-002
  4.707364471938898E-002
 -8.828092689252676E-002
 -6.993083487267123E-003
  7.240845580490060E-002
  0.482794686518651     
  0.778913580339693     
 -3.153567559839168E-002
  4.611453521513986E-002
 -0.176577496438270     
  0.173543834800444     
 -0.108366103549061     
  0.231727854600789     
  0.195931385918299     
 -0.151846718079901     
  0.244922429470169     
 -3.919306265268085E-002
 -0.266235726323808     
 -0.227437730402797     
 -0.326685630307480     
  0.214760753015384     
 -0.247025870510463     
 -0.144135179118939     
  2.336316425693589E-002
 -0.156744323478714     
 -0.112838539412054     
 -0.184543163363266     
 -8.412800082888869E-002
 -0.549299477496174     
  0.128171073910129     
 -5.238306450686121E-002
  0.165771807278328     
 -0.172049242672776     
 -7.538342363145278E-002
  0.166149220192824     
 -8.920397934366971E-002
 -0.144058327376137     
 -0.681248162935014     
  0.431342369639701     
 -0.204326466757309     
 -0.197400400148695     
  0.115451063743162     
  8.900400946866324E-002
  6.892081684779121E-002
 -7.437572186820456E-002
 -6.828132173394525E-004
 -0.725315810508166     
  0.137592903967023     
 -0.374991969096207     
 -1.991828628500550E-002
 -0.292502964434911     
 -0.361542789109232     
  0.640635220472553     
 -0.455071309306105     
 -3.628801864015599E-002
  1.749207775738854E-004
 -0.123700779006155     
  0.124931876038896     
  0.123029400787141     
 -1.273835477367280E-003
 -4.202984734558738E-002
 -0.418087657802237     
  0.277229612003538     
 -0.999173651310467     
  0.252802876387321     
 -0.179006375043595     
  0.145958662499309     
  0.390354495232737     
 -0.139248076624695     
  0.187885799495154     
  0.117059684053753     
  0.175014773582229     
  2.986633124768430E-002
  9.943553461928731E-002
  0.195531390938087     
  0.248566064991923     
  0.241098838285936     
 -0.190051814476305     
  0.162652306400224     
 -7.114169469391927E-002
 -0.328174223776520     
  0.100980778044271     
  0.250866163330472     
  0.374247180765568     
  0.457899848702171     
  0.438807538675279     
  0.158618087183230     
 -3.866692950815932E-004
  0.138627148289421     
  0.286400522893999     
  0.193638701991628     
  0.148162491077943     
  0.122222362490870     
  0.991409900588619     
  4.514833763064875E-002
 -0.202142316436584     
 -0.572192348241227     
 -5.832887228759441E-002
  0.207880659710770     
  0.461409474941512     
  0.127390381415030     
  0.702965824069663     
 -8.858207830263609E-002
  0.216109274532797     
  0.100402312214847     
  0.329429928245848     
  7.420477518791879E-002
  0.415957023912029     
  0.402057557985831     
 -6.543073455356256E-002
 -5.667162638459302E-002
 -0.325579158580773     
 -0.315272610529969     
  9.218772121563464E-002
  0.429201587540834     
  0.883455240971673     
   1.43863436805260     
  8.149491958730250E-002
 -0.457628946195534     
 -0.115312494593852     
  6.811344083725043E-002
  0.424722735503674     
  6.823375440813925E-002
 -0.343020196016452     
 -0.472395890805622     
 -4.671566109406463E-002
 -0.447610706048809     
  1.048900809008009E-002
  7.518587558339793E-002
 -0.758443349147970     
  0.182725570709655     
  0.236360235616152     
 -0.418464893322192     
  0.216363072526048     
  5.544052458548440E-002
  0.123375839226426     
 -9.980590281623779E-002
 -0.335697112535570     
 -0.621445677613461     
 -0.101879469850790     
 -0.314543185520490     
 -0.205423883023708     
 -5.433740627340873E-002
 -2.201091472983708E-002
  0.334013269415502     
  0.368243995048393     
 -0.215921020964223     
  4.765904934785968E-004
  3.410727362274063E-002
 -0.429000582495995     
  2.290399567604827E-002
  0.308011477355185     
  9.789027896242397E-003
  0.343589352664459     
  0.742147928256373     
  0.301342427894734     
  0.738083262051214     
  7.789079735317634E-003
  0.754849853111806     
 -0.140905006562796     
  5.269287742808471E-002
 -0.293924646487572     
  0.787404959252971     
 -0.463410724583340     
 -0.672523235119151     
  0.541199073055229     
 -0.517069038329067     
 
  9.844104118178078E-002
 -0.563063661641527     
   1.25540378682111     
  0.186429138317657     
  0.171827295304179     
 -0.385279969973790     
  0.453059125385241     
  -1.85220824362581     
  0.502277679375401     
 -0.414653746416626     
   1.06633403263079     
  0.290416031437804     
  0.107848314066844     
  -2.03028511652697     
  0.131526677969155     
  0.141829947008547     
 -0.115192779110754     
 -0.367564024758157     
 -9.396120828848104E-002
 -0.384485966452556     
 -0.520954596707203     
 -0.469684287920255     
  9.910992899142703E-003
 -0.284380364031948     
 -0.142530880165924     
  0.543459649678878     
  0.681026671933097     
 -0.222212561884429     
  0.132128734706598     
   1.22718019788715     
 
  0.441076653447346     
 -0.124617947013804     
 -0.214297901580101     
  0.406293983023542     
 -0.335980220865701     
 -0.736732702962181     
  0.407452928535058     
 -0.384790364547193     
  0.714709426268011     
 -2.892163679148099E-002
 -0.519936184152137     
  0.103380437985029     
  0.305064934483428     
 -0.201483943549964     
 -1.374697783811876E-002
  0.207541995795106     
  0.747715430540739     
 -0.166255552950183     
  0.354256134687898     
  9.171160224319401E-002
  0.685746525309805     
 -0.739628554139281     
  0.213444150570290     
  0.624353821995832     
 -0.245308015775532     
 -0.305752063327389     
   1.13300320627089     
  0.285505121136423     
  0.108648204934839     
  0.511130545190825     
  0.234783037327928     
 -0.296786395410355     
 -9.773819420682456E-002
 -0.223708437874314     
 -0.197499935884106     
 -0.760599720659681     
 -0.142677929176153     
 -0.282111799437082     
 -0.162562708293415     
  0.916303521409439     
 -1.102228294879389E-002
  0.109205844022641     
 -5.896852019846618E-003
  0.380287488125087     
  0.494727439283439     
  0.245851495511994     
 -0.502246390398525     
 -0.213709574756961     
  0.678810855340376     
 -0.496274775530929     
  0.268016915853976     
  7.104507746093085E-002
  0.339774371747166     
  0.286235027354681     
  0.472420104410162     
 -6.805043054885020E-002
 -0.446364694619394     
 -0.285236299028498     
 -0.360141311583184     
  9.744910930786514E-002
  0.472351813776483     
 -9.004387026686296E-002
  0.511985273599894     
  0.112545626303679     
 -0.295459033995300     
 -8.882452205053623E-002
  0.665439731220517     
  0.786662037960637     
  0.904268289540921     
 -4.226008101297363E-003
  0.357353395805672     
  0.564637745752656     
 -0.523741253759261     
  -1.27492175238579     
 -0.268466262029231     
  9.327772325025219E-002
  0.347914085064669     
  0.405676459036334     
 -0.647911037337142     
  0.453067551314674     
 -0.167722944743845     
  0.324186038613323     
 -1.180516658651681E-002
 -0.130953164292703     
  0.403509500987476     
  0.349032330099248     
  0.618834422335363     
  0.795129524025109     
  2.234265780204908E-002
  0.423864514417522     
 -6.539296307645556E-002
  0.381499451843738     
 -0.580145788407548     
 -0.290926052968545     
  0.334319079068519     
  0.427672193142099     
  0.123144399616693     
  0.630366107632055     
 -0.250468574749483     
  0.625158885768761     
  0.267474429953697     
  1.946721847347974E-002
 -0.512735485285711     
  0.375195392253077     
 -0.310115029697281     
  0.112136674478799     
 -5.853895208092054E-002
  0.177743835542450     
  0.980432109509268     
 -0.128556408270217     
 -0.284498285357378     
 -0.376934960186611     
  0.461402833515439     
  4.465547216957508E-002
  0.377780334147969     
  7.322808024312574E-002
 -0.698736068084716     
 -0.460248085163570     
  0.303579949618055     
 -0.854061566268161     
  0.568827265868870     
  2.351193817624763E-002
 -0.204339065333318     
  9.402250728702993E-002
  0.387484031418646     
 -0.263763971259818     
  0.424148846864016     
 -0.430340036309653     
  0.327725769430707     
 -8.980628571300941E-004
 -0.412788011325817     
 -4.704356425396225E-002
  0.142903050626480     
 -0.190210685135547     
  0.683130870904827     
  7.861418672819452E-002
  8.726874682620894E-002
  2.207732601646783E-002
  0.297761764895581     
  8.639959568496278E-002
  0.424586973449964     
 -0.239521501388177     
 -0.496313590935339     
  0.218516406234737     
  0.377805249074042     
 -0.254329900129405     
  0.925069241119270     
  3.586868864312871E-003
  0.584303397375487     
  0.132209772788153     
  0.439546766095984     
  0.413231719168538     
  0.597928885467943     
  0.907489485285652     
 -0.557656376175588     
 -5.767347964652348E-002
 -0.480426546083182     
  6.408934840136919E-002
  0.830564623642747     
  0.148093600957767     
 -0.297696947207272     
  0.973629677977077     
 -4.644084434858570E-002
  -1.07993505973112     
 -0.496791478077659     
  0.606375266704711     
 -0.282212258076933     
 -5.344266228628988E-002
  1.044647864730831E-003
 -0.539711488681971     
   1.28160056651250     
 -0.765758697611351     
 -0.381952976888716     
  0.392714638936480     
  0.457519849102318     
  0.421221059399260     
   1.40327409538162     
 -0.445697555998926     
  0.544964258103155     
  0.543174879950203     
   1.07315356526051     
  0.579461805692038     
 -6.957794616139393E-002
 -3.390407916455745E-002
  0.492432250394016     
  0.221139543599359     
  0.597104715862385     
   1.08168923463369     
 -0.330096863027664     
  0.481812802969129     
 -0.604261586649887     
  0.293445079656719     
 -5.448770358058973E-002
  0.338414431264811     
  0.807492595198424     
  0.559571793106922     
 -0.485664246681202     
 -0.149851532226642     
  0.243164475169127     
  0.597035284188061     
 -0.266279063844862     
  9.015930726713928E-002
  0.392851329790398     
 -7.293019535107789E-002
  0.341369572553524     
  0.130362291007450     
  0.363974842427461     
 -0.485110036784900     
  0.621708851369934     
 -5.038986497577528E-002
 -1.589488974662681E-002
  0.534907857136359     
  2.245582063175858E-003
 -8.659111474662916E-002
 -0.213323507927711     
 -0.168787335820281     
 -0.460140987455529     
  0.875986334676531     
  -1.21976644770871     
  0.112380622269183     
 -0.180027632396770     
 -0.245943371435051     
 -9.162327040540783E-002
  0.126217086754698     
   1.42495433115162     
  0.597626639912480     
  0.473597697190465     
  0.705896382588567     
 -7.269602885100430E-002
 -0.504799711900923     
 -0.412771063034717     
  0.156446022146321     
  0.385630782450843     
  0.612221891036377     
 -0.790590466277350     
  0.590946074863023     
 -0.513531611726650     
 -0.131236409916283     
  5.202428444407095E-002
  0.951693662208113     
  9.804569542307488E-003
  0.114688185010788     
  0.361259452915532     
  0.167374446102686     
 -0.795800431305078     
  0.152218487280174     
  0.673237384489070     
  0.188380741197058     
  -1.60748525940535     
 -0.208404805848468     
  0.580395868910945     
 -0.458948670802277     
  0.382666597513517     
 -0.370031921069989     
   1.37442792922073     
 -0.575808604266488     
 -9.942712415000783E-002
  5.585931221939464E-002
  0.314418628544044     
  0.340225477754244     
  0.684750918500877     
  0.139587818992281     
  0.377377427883110     
 -0.212871063062241     
 -0.728963210661783     
  -1.57674659928333     
  0.502976668680471     
 -0.257601759350471     
 -0.230573987255353     
  8.357962308426134E-002
 -0.561043557580266     
 -0.215208104217179     
 -2.242611493960399E-003
  5.160980081456088E-002
 -0.234022701122842     
  6.051532340248324E-002
 -0.524308596386564     
 -0.302883670222096     
 -0.288788675440638     
 -0.193963267661566     
 -0.143974931249504     
  8.074135191682476E-002
  0.425473856916771     
  3.148822177824691E-002
 -0.530540091935853     
  2.021116671289703E-002
  0.313599274982018     
  0.285631369682804     
 -0.252472494609945     
 -3.517902687928255E-002
  0.309063069362087     
 -0.185580394385286     
   1.07483992942628     
 -0.140270180421701     
 -0.370220479408025     
 -0.230406523422163     
  8.843629771542784E-002
 -0.328762107131338     
  0.255821693331653     
 -4.154128360247622E-002
 -0.235530599287774     
  0.602006887995718     
   1.05346465868573     
  0.407689356026454     
  0.538789858897252     
  0.318398885516488     
  0.555762824127958     
  0.312738795393712     
 -0.120784243562592     
 -0.288816039938873     
  0.234120403692753     
 -0.382725268331083     
 -0.267379568447169     
  0.675083709392317     
  0.207724692420284     
 -0.592417203869444     
 -0.108570222281191     
 -0.182606480237758     
 -4.089933238922748E-002
 -0.341227616816916     
 -0.713909628671784     
  5.942874444941208E-002
 -0.116205558240287     
  0.178935093830808     
 -1.035202996030525E-002
 -0.479671633325295     
 -0.190959866412674     
 -0.258383634271712     
 -4.251900703200687E-002
 -0.546540012882204     
  0.474125327474087     
 -0.154373758795939     
  -1.00592349652529     
  0.305906202402178     
 -0.498738525133333     
  0.420418536453566     
 -0.538711648813780     
 -0.322093003972799     
 -0.232556254468744     
  0.335833565547693     
  0.459720573802923     
  0.127236143402837     
  0.276352346404888     
 -2.682096598875509E-002
  0.637282416653472     
 -0.528657122694256     
 -0.518943081282700     
  0.306289255496033     
  0.479968937381512     
 -0.753254639611240     
  0.867401420894165     
 -0.804816469965192     
 -0.618239661910431     
 -0.155143151358149     
 -0.393137853078325     
  2.669949227787858E-002
 -9.043692858636349E-002
 -0.290282108206546     
 -7.631857940533321E-002
  0.123575603463146     
 -5.639093653692187E-002
  0.164780880841025     
  0.664860431536886     
 -0.542580403648451     
  0.132240330310003     
  0.680898385096634     
 -0.420917493665013     
  0.252286754735292     
 -0.553084161875566     
 -0.213259847579567     
  7.526198334664154E-002
  0.236914688603100     
 -0.632124663735305     
 -0.199037185350616     
  0.163872475679687     
 -0.239885214532777     
  0.327951413528694     
 -9.011466272277180E-002
  0.438976989885105     
  0.282870866064873     
 -0.606475553591125     
  0.527226422674788     
 -0.520610311265825     
 -0.717442720981603     
  0.514886838564991     
  0.284177368645268     
  0.836011376574798     
 -0.435257603857626     
  0.297019611418976     
  0.808061077467871     
   1.14904740563598     
 -0.576961798271819     
  0.921119502490004     
 -0.110520200898166     
 -0.427692163546038     
 -0.326178099840628     
 -5.043570075074982E-002
 -0.390587709206649     
  0.850223834477737     
 -0.107371130270311     
 -8.513378167491509E-002
  0.754706894832112     
  0.400494608258649     
 -0.659138671675124     
  1.764539654840111E-002
  0.660426608124147     
  -1.03519788953080     
  0.516543533092564     
  0.267235157466985     
  -1.33745057935883     
  0.466992861450034     
 -0.638949874001265     
  0.311951058065232     
 -0.243742424673293     
  0.274568468343481     
   1.31106785092877     
  0.495180170502551     
  0.460943843169973     
 -0.436139320562249     
  0.105236110343165     
 -0.605624255880434     
  0.284701268503450     
  0.188132548686863     
 -0.493937286436370     
 -0.255806088817986     
  0.161606052557818     
 -0.793411503180928     
  0.965820612552649     
  0.359417360111544     
 -0.553306207242580     
 -0.128442799370639     
  0.387140160590916     
  0.179779227266516     
 -0.756216614285126     
 -3.199335091188544E-003
   1.20672048766604     
 -2.327585510987087E-002
 -0.296560700730996     
 -0.687249988336105     
  0.483125015314008     
 -0.454183926252944     
  0.343831624906581     
  4.576618099099712E-002
  0.275053576488830     
 -0.350481676357044     
 -4.934117919920505E-002
  0.647988271267330     
  0.172897051999484     
 -3.350618253514671E-002
  0.887125542455050     
  0.647354025905618     
 -5.718181452610376E-002
 -0.211495266560120     
 -0.402721185555857     
 -0.265690913045593     
 -2.106127902612309E-002
 -5.073565198279594E-003
 -0.419115380768171     
  0.416600764572083     
  0.408390267968167     
 -2.782079932225593E-002
  9.329241118398673E-003
  0.340562389724573     
 -6.978955390736789E-002
  0.516415593451204     
 -0.700211031684742     
  0.145269955508104     
  0.553507757896794     
  0.275860535508154     
   1.07809154943905     
  0.116419581152870     
  0.584081322737140     
 -0.403774003888315     
   1.16861468274109     
  0.284184428986377     
 -0.200352270432275     
  0.299211024608439     
  0.213782941887013     
 -0.379969466700540     
 -0.353478090696117     
 -0.196240982173430     
 -0.649838768727672     
  0.283828682991416     
  0.146505730850828     
 -2.859352996316901E-003
 -0.415600669331987     
 -0.138096475035606     
 -0.773602913952056     
  0.168068037266971     
  2.397859086076569E-002
 -0.481699269388948     
 -5.711075227397844E-002
  0.727019384664559     
 -0.261192198156807     
  0.217013745434013     
  0.572485631812507     
  0.161647754942472     
  0.578431740851040     
 -0.157566829127533     
 -0.211578057394497     
  0.618926265883283     
 -0.504867697100626     
  0.269126630155056     
 -0.362261181863300     
  6.314364318984325E-002
 -0.309914280489132     
  0.879444835232502     
 -3.799405922185110E-002
  0.190889429381072     
  0.155565897657493     
  0.452344008025959     
  0.286230182805476     
 -0.509560117152167     
 -0.119533685490405     
  0.513417202300815     
  6.467527801108668E-002
  0.479844838048975     
   1.34520918002370     
  -1.01876505628602     
  0.107363783455478     
  3.882496926496916E-002
 -0.189249615665870     
 -0.669535182749462     
  0.979636465396001     
   1.06105233896548     
  3.183789273672463E-002
 -0.292407128521424     
 -0.186705550599937     
  0.239683653537036     
  0.926344512410092     
 -0.598422759612157     
  0.187872557311277     
 -0.315544490017629     
  0.521545042923029     
  0.132505527981521     
 -0.458273622789880     
 -0.634248526072829     
  0.128178005645507     
 -0.201380712580616     
 -0.666285927531500     
 -0.597336274539065     
  0.437703061201288     
  0.364203157948327     
 -0.531036688927121     
 -0.590570099340004     
  7.813431350479606E-002
   1.50081135538803     
 -0.543322285771298     
 -0.658556221322422     
 -0.511061398038593     
  0.119566591690437     
  0.248562563382855     
 -0.222252064915107     
 -0.158754974468606     
 -1.029367036259920E-002
 -0.249240143398244     
 -0.682127547111626     
  0.412857397750771     
 -0.513545997002541     
  0.500290140662641     
 -0.639626750578500     
  0.499200631115332     
  0.478640138336898     
  0.315851634529658     
 -0.407271317185609     
   1.05202967917738     
  0.938596692116420     
  0.107608390014760     
  3.526010210786717E-002
  0.193224784592189     
  0.168438497307917     
  1.146320461423713E-002
  6.075710225375815E-002
  0.111471182024197     
  0.387320088704645     
 -4.381801747954656E-002
 -0.403541522714044     
 -0.436202340546861     
 -0.359010166770407     
  0.197853149642477     
 -6.004883428421694E-002
  0.110656830176002     
 -0.259459284933754     
  0.817841069506250     
 -0.596663510836221     
 -0.185138873148775     
  1.582170191398382E-002
 -0.493928997092114     
  6.299707717585637E-002
 -6.796147932655849E-002
 -5.831201810061926E-002
 -0.155040051992166     
  0.493314814807256     
  3.650922667587687E-003
 -0.192180927329099     
 -0.630889607418442     
 -0.470815508126285     
 -0.234419543462807     
  0.225085508097736     
 -0.295984457721236     
   2.13610899809325     
 -5.547176943373035E-002
  0.701032436819325     
  0.222924425798841     
 -0.219496136428680     
  0.550739931608908     
  0.637570839501534     
  0.517161864103253     
  0.650162683692175     
 -0.421250371133927     
 -0.240873564953829     
 -0.196571978233048     
  2.052786912175092E-002
  0.374015357719310     
   2.02027128883525     
 -0.391995342218966     
  0.139975137841531     
  0.370672056690256     
 -7.640393643053650E-002
  0.192876528244565     
  4.244627786533761E-002
 -0.383233222158392     
  0.346147832898937     
 -0.108845780903300     
  0.866809791101270     
  0.596088304180734     
 -0.114809142069954     
  5.027204493099588E-002
  0.140769323451578     
  0.153782942889158     
 -0.677443736766742     
  0.536867860635425     
  0.488582157003598     
  0.140207521541257     
 -0.209307543078131     
 -0.307561412841702     
 -0.103174644613242     
  0.705960904030055     
 -0.383293622516658     
 -0.734773098377106     
  0.217466935927599     
 -0.686762140297596     
 -0.220121517191958     
  0.455734400418787     
 -0.255621470234512     
  0.266776394193762     
  0.341692226261562     
 -0.572168124408456     
  0.515070872378190     
 -0.422119110454183     
  0.506672732592198     
 -0.171588357586832     
 -0.376431882738452     
  0.440400042528444     
  1.750551555114577E-002
 -0.947295290112830     
  0.283262393960252     
  0.297281780312264     
 -0.272989349271668     
 -0.441725677460890     
  0.311009626610034     
 -4.166855334665207E-002
  8.774970474914036E-002
 -0.246028390570562     
  0.900094552985535     
 -0.151167082751971     
 -0.296776831842244     
 -3.223173186579160E-002
 -0.548499663924447     
 -0.197055567641556     
 -0.355080801473556     
  0.453838358689162     
  0.455172279892463     
 -0.126954582897954     
 -9.878404822402334E-002
  0.681412143169015     
 -0.348953621757614     
  0.183275180482080     
 -0.183600365922898     
 -0.110620084502018     
 -0.510057233474249     
  0.321792460446752     
  6.526166382414438E-002
 -4.802042822556873E-002
 -0.694816526579390     
  0.120002286539105     
  0.177164697353158     
 -0.210503240036919     
 -0.103345778686591     
  0.395592517582666     
  0.327658651014166     
 -0.409603168642367     
  0.904742461131566     
  0.738555846849599     
 -0.681790985162794     
  -1.44950217151901     
  0.565570820534833     
 -0.214456501819069     
 -0.639542007851922     
 -5.308461102458410E-002
 -0.146422625394822     
 -0.704773919884174     
   1.07077431464096     
 -6.305156057267500E-002
  0.251757628091852     
  0.693025955135897     
 -0.567820090180922     
 -0.140345970278049     
  0.421372822514415     
  0.573175273529600     
 -5.456811678044179E-002
  3.706550326302076E-002
  0.946566835711906     
 -0.811302263365986     
  4.097415381945664E-002
 -0.283959395665386     
 -0.153335517158063     
 -0.800378765166055     
 -8.085277990189761E-002
   1.00796821992774     
 -0.361203201054794     
 -0.492142885054341     
 -0.560996840738276     
  0.203823779210455     
 -0.193890335419571     
 -0.694958687313792     
  0.492358820273607     
 -0.448255528981360     
 -0.203486872328974     
  8.283920303435033E-002
 -0.325094783260080     
 -0.202738814332134     
  0.143936401070100     
 -0.863185496529881     
 -0.600542997728797     
 -0.103095733611800     
  0.161054200424830     
  8.108762553689461E-002
  0.677555319031604     
 -0.113210047610974     
 -0.189232688711022     
 -0.186934043999993     
 -0.237180251741496     
  -1.01519756791794     
  8.373585519708267E-002
  0.560610638950810     
   1.22431026345131     
  0.475269185508842     
  1.892187143076256E-002
  0.733739886016760     
  0.385261317183792     
 -0.411397333434154     
  0.116178087165086     
 -9.708581305369670E-003
 -0.410067510382409     
  0.389278605228293     
 -0.420985693163510     
 -6.778419229555535E-003
 -0.205111627871094     
 -3.943732516750536E-002
 -0.151475836820390     
  0.280218590725617     
  0.225070374591349     
 -0.759650305723808     
  0.104623981923833     
  5.030072528885588E-002
  0.298876051352312     
 -0.324333246392455     
  0.280348170343546     
  0.289540036428457     
  0.532514348477693     
  0.744545845478142     
 -0.400759917753593     
  0.535864361011450     
  5.314422251488017E-002
  0.503830936430240     
 -0.321006836628266     
  0.235509755113219     
 -0.577282858990083     
  0.193740770323876     
 -0.261819228684889     
  0.875747626345534     
 -0.292522219549873     
  0.115692189611882     
  0.452290473538541     
  0.373104426129466     
  0.339489977908582     
  0.774259172033968     
 -9.664117302108910E-002
  9.674629161901421E-002
  0.449563865095074     
  0.794276094623642     
 -0.105533328806374     
 -0.375153134185576     
 -0.181951670283998     
 -7.070828567727380E-002
  0.259947758391139     
  0.664639014418821     
 -0.366257950351198     
  0.211946088066221     
 -0.891341364010682     
 -0.406331092201573     
 -1.443831718309579E-002
 -0.321028951737126     
  -1.09743947965926     
  0.211947413936623     
 -0.259125562118531     
  0.356080649951052     
 -0.721695973638537     
 -0.548313534766615     
  9.492052059280720E-002
  1.434226061394808E-002
  2.366388764743622E-002
  0.356126766035659     
 -0.382027908282398     
  0.659617306669602     
  0.343140032294228     
  0.769202681374327     
  0.127015621089046     
 -9.097451821966629E-002
  0.214813499807091     
 -7.309622136276391E-002
  0.180045822850769     
  0.681990242458240     
  0.742062474616269     
 -0.457650276346397     
 -2.986455289033575E-002
  0.139986207767338     
 -0.266072718570467     
 -6.885428610192942E-002
  0.174741501632808     
  0.598929694375294     
 -0.230257981361575     
  0.415994160123359     
 -0.410862966673633     
  0.140108232272529     
 -0.802286652299549     
 -0.216732821118853     
 -0.424059916091484     
 -0.352919307446326     
  0.136129304615991     
 -0.327421021295064     
  0.321475806931315     
 -0.147152707236225     
 -0.655254920406802     
 -0.397113567636325     
  0.109291261541896     
  0.814016664205621     
 -0.499929042376169     
 -9.497604840956875E-003
  0.605294188033079     
 -0.417175139802344     
 -6.490472225176595E-002
  0.290412212801170     
   1.15110108007914     
  0.194453148267545     
  0.157125102636020     
 -0.209539258811604     
 -0.109502964095062     
  0.235073994514621     
 -0.728051688782863     
  0.418262092406315     
  0.773973122963842     
 -0.299221361086561     
  0.359471082820199     
  0.693468170072139     
  0.788182031880121     
  0.278715862710721     
 -0.738524000816454     
 -0.156344190776010     
  0.499495459772249     
  0.241637460352439     
  0.601135684296420     
  0.321170751884380     
  0.622046830855805     
  0.157318750408051     
  0.261542960771906     
 -0.284911067807985     
 -0.274483604003405     
  0.286661088189020     
  0.350443156281028     
 -0.388191100855925     
 -0.181746686146898     
 -0.365774655260431     
 -0.648501561300525     
 -0.466636365107225     
  0.510774091015215     
  6.212608859514267E-002
 -0.140988384930142     
 -0.657734887665979     
  0.250538335257952     
 -8.696860340800711E-002
  7.796406316817558E-002
 -4.617903066408647E-002
 -0.349469589948488     
 -7.783684387272967E-002
  0.324624274493213     
  0.428247301853803     
  0.460783912715412     
 -2.040915349935419E-002
 
  0.169865387005684     
  0.286292672814795     
  0.141428672385773     
 -0.656824421427538     
  0.142851255292304     
  5.232783993773005E-002
 -0.394046428587431     
 -0.174473611922781     
  0.330785231708126     
  6.847529247464811E-002
 -0.515014272144510     
  0.223526857802468     
  0.129262389163404     
 -0.290595677996356     
 -0.346731501653908     
  4.830946350107113E-003
  0.642728382650676     
  0.449820255720651     
 -0.473765162252971     
  0.182421842912315     
 -0.150657665076041     
 -4.743163483573924E-002
  0.258856096060690     
  0.470339943476281     
  0.343343707021863     
  0.240770930399412     
 -0.593266480861723     
 -0.165784378426477     
 -6.543341429338030E-002
 -0.342786386830449     
 
 -0.205833023976588     
  0.513853100862996     
 -0.249617051911166     
 -0.314073451237449     
  0.645624670394495     
 -3.847083999070805E-002
 -0.424721592086870     
 -0.129514508976950     
 -7.084312494659603E-002
  0.543978386185006     
 -0.255348537211152     
 -0.322492952981136     
  0.247851698709052     
  0.129549169605332     
  0.323738047551983     
  5.663642523785783E-002
 -0.419030902593032     
  0.171739895964897     
 -5.414879096562736E-002
  0.436491413933972     
  0.463862692491237     
 -0.245723871485826     
 -0.195078910341351     
  0.200498333037078     
  0.152147615656519     
 -0.162018218332935     
  0.335895975058666     
  0.491512887034492     
 -0.214046145792286     
  0.127369632945347     
 
 -5.328444962806446E-002
 
  tansig  tansig 
