     48 -    30 -    30 -     1 
rmse=  31.9542meV
  0.131701729409674     
  6.772773602030449E-002
 -0.221365432043225     
 -0.821889848359713     
  0.312019312548821     
  2.917044149433248E-002
 -0.509713180544604     
  0.910775178871208     
 -0.603317305531285     
 -0.179716868860432     
 -0.371899372078990     
  0.516818420981864     
 -9.650023690110074E-002
 -0.445386007726208     
 -1.963474608870188E-002
 -0.476612436239645     
  1.673033643455326E-002
  0.185563227944769     
  0.653303909898824     
  0.285928386109552     
  8.526983529498892E-002
  0.166372855628951     
  2.761374015699343E-002
 -0.841620084584750     
  0.677928034433287     
 -0.212775655070174     
 -0.306277710735363     
  0.116774147022374     
  0.119303034346375     
 -0.292736471360499     
 -0.401266048737825     
  0.763543813578318     
  1.399338584709412E-002
  0.260607160599273     
  0.526990698679473     
 -0.437964664419183     
 -0.121557317536979     
 -5.729101693581093E-002
 -0.435240314277270     
  7.362575895394274E-002
 -5.472993914462291E-002
  0.561514477315208     
  9.147444295744937E-002
 -0.442998120065630     
  0.598576719626177     
  0.252056011415612     
  0.323870381311123     
  0.318719468140641     
  1.671579060836490E-002
  0.119230349501761     
  0.566666923482892     
  1.555265653293576E-002
  0.215701979273841     
 -0.175090944987899     
 -8.112063309682191E-004
 -0.283727511393806     
 -0.211738623719420     
  5.815217518521745E-002
  0.448896115159451     
 -0.468083767501018     
  0.419773216013477     
  0.286434849062958     
  0.362800144344743     
  0.268268884233154     
 -0.113883056316022     
  0.166383901620514     
 -0.119859058464729     
  0.193861987229669     
 -0.196295883694842     
  1.547789355743509E-003
  0.241955092481487     
 -0.271569121116113     
 -0.279441367347891     
  5.501260489321160E-002
  0.245545999549714     
 -7.912612128549254E-002
 -0.439742051546559     
  0.982560670255612     
  0.330563651900989     
 -0.635928345155096     
 -0.235410631671102     
 -0.440089900477146     
 -0.174850361547040     
  7.901096786394753E-002
 -0.171352264488136     
  0.146421933193801     
  0.321408322657426     
  0.110686088246791     
  0.425806603459731     
 -0.553343442956331     
  0.302113377858236     
  0.327323401021158     
 -0.718720586723893     
 -0.527744898297418     
 -0.404168874177125     
  0.767934481610515     
 -0.259236050131759     
 -0.226897570396531     
  -1.31817161211651     
  0.555627779112718     
  3.088535422453413E-002
  0.200354497436468     
 -0.126596945390953     
  0.163575405293895     
 -0.152978833570979     
 -0.212060199772813     
  1.136018538898118E-002
  0.794487261231161     
  0.244614625213667     
  0.145872238154298     
 -0.731824510413752     
  0.322740956458793     
  2.943807764058520E-002
 -0.121638065863255     
 -2.463166503732230E-002
 -0.331352557514099     
 -0.347371173721483     
  0.190971692959902     
 -2.391794010848455E-002
 -0.159932867573130     
  0.228039706113467     
 -2.696652739156348E-002
 -1.328368160575256E-002
  9.044774158602450E-002
  0.119520929533312     
 -0.487006279060274     
  0.650308408811714     
 -0.248886249419662     
  0.260122895222882     
 -4.203475925928291E-002
 -0.105509238308231     
  0.671438356108443     
 -0.494279582073608     
  0.232828833910144     
  9.135346350496190E-003
  6.951019440586735E-002
  3.068623219850239E-002
  9.213798559312285E-002
  0.124409108676500     
 -0.621220435823074     
 -1.055297959067367E-002
  0.263428929329093     
  0.146368984140697     
  0.101043040290684     
 -0.210370595512837     
  4.739492453113843E-002
 -3.978723750226384E-006
 -4.597001632078705E-002
 -0.337436394845512     
  0.760316718999942     
  0.131099893750664     
  0.409627443859005     
 -9.329698778161280E-002
  0.103942851776889     
  0.297893745928789     
  0.247522144956956     
  0.485776953515159     
  0.231066215618582     
 -5.867149734654591E-002
 -0.389192074388922     
 -7.192444864667800E-002
  5.656372011884368E-002
  8.783952874225270E-002
 -4.197773613721587E-003
  7.928786800213562E-002
  0.137128489142285     
 -0.275143236826267     
  0.441980009114398     
 -0.200962426729391     
  0.387935948278909     
  1.187394317100605E-002
 -0.247598156169593     
  0.369861516053398     
 -0.163150164530206     
  0.329957226807120     
  0.142272932205362     
 -7.250027640221497E-002
  0.336257010091101     
 -0.668976073869985     
  0.946665121650283     
 -8.346652128245292E-002
 -0.129634574293136     
  0.386868932372741     
 -6.358497309623007E-002
  0.163199630036461     
 -0.496491927021102     
  7.268174519954290E-002
 -0.474736529334662     
  0.116947277801622     
 -0.115761616992571     
  1.390709635968823E-002
  0.102311336853984     
  5.136164657097605E-002
 -0.300069102111638     
  0.565235280890974     
 -0.574059184059782     
  0.141004790379369     
  9.412687591141802E-002
 -0.277241045859150     
  0.170844695707493     
  9.573225279770023E-002
  0.279640160698499     
 -7.177181290611891E-002
 -0.216063896295027     
 -0.136263561321530     
  4.609526315451584E-003
  0.243996170094748     
 -0.629612422355715     
 -1.126444375682316E-002
  0.256049089245109     
  0.489145951064037     
 -4.110779087540979E-002
 -0.223453056203175     
 -3.416398692900061E-002
  0.503454808480568     
 -0.607269415390594     
 -0.396770918533467     
  0.454420069042852     
  0.125513753215470     
 -0.616890657825446     
  0.173163401515756     
  0.160257281292359     
 -0.120553334058323     
 -0.141078415087266     
 -0.250278818922899     
  0.230084272359211     
  0.134198650467403     
 -0.205523544326231     
  0.218838832403462     
  5.572282303398692E-002
  2.537771454271579E-002
 -0.110218090045649     
  0.165750085748732     
 -0.519150736462368     
  0.187624149270244     
 -4.946226038531430E-004
 -0.182852709697037     
 -2.743956270633459E-002
 -2.381414888678058E-002
  0.435977416475194     
 -0.245370655383193     
 -0.210280528366899     
 -0.166911550821680     
 -0.128124807008039     
  0.219486970700905     
 -0.462415383175244     
 -0.184762018765400     
 -0.264750981898492     
  0.168657646092083     
 -0.666026868666138     
  7.615271871894162E-002
 -2.573147208611710E-003
  0.126454013740745     
 -0.291158228444242     
 -0.737961968769417     
  0.490829076227897     
  0.135899449674203     
 -0.161051901433522     
 -0.381916653426496     
  0.362821925700292     
 -0.563182619072173     
  0.512194104766274     
  0.367111590777514     
 -0.220987922088126     
 -2.085971100831344E-002
  0.157557427091069     
  0.323903424196162     
 -7.815922255818647E-002
  0.151521579693978     
  0.312538335463758     
  0.255379659378231     
 -3.847646870712722E-002
  0.408691432488252     
  0.271666834230252     
 -0.653907230452421     
  0.268878317528794     
  0.128267609393378     
 -0.145969255700064     
 -6.300413694180458E-002
  0.187724764315636     
 -1.208508787304710E-002
  0.246791357885680     
  8.018081865558531E-002
 -7.412635270350859E-002
 -0.205537426965544     
  0.295384103507025     
 -0.144928919619028     
  0.151934933167769     
 -7.565810614604458E-002
  0.543353586873539     
  0.272485529970443     
 -0.271467043483794     
   1.34968217918506     
  0.277337223501317     
  0.361599237996751     
 -4.163106901857590E-002
  0.286983734748237     
  7.595845936953055E-002
 -0.174039178794558     
  0.326628098383728     
  1.136868088054619E-002
  2.448068476357790E-002
  1.537287177458175E-002
 -0.163880898312479     
 -1.825297868985185E-002
  6.190550864413171E-002
  0.854507370834185     
 -0.127910315766936     
  0.425270859469606     
 -0.115305509529829     
  0.133507314158753     
 -0.142076542070933     
  0.149211202593119     
 -7.757330221147092E-002
 -1.996562190660350E-002
  0.174736648610421     
  3.769694289394824E-002
 -0.180107325317184     
  1.455255524366003E-002
  0.203831667221742     
 -0.509461246560544     
 -0.299504119146524     
 -0.532706396031894     
 -0.115993276247268     
 -0.350714832260817     
  0.272201767905367     
 -3.273912302223279E-002
 -4.523635580360401E-002
 -0.241884720854045     
  0.191935927417199     
  6.149567070226478E-002
 -0.223224717141152     
  2.675808888132766E-002
  0.151399040106039     
 -0.100124915989515     
 -5.076546894438883E-003
  0.272026469639138     
 -0.246797345712282     
 -0.728550253917302     
  0.479155382182966     
  0.330386560967259     
 -0.464438978034236     
  0.490839965599406     
 -0.674148019367864     
  6.572863460779535E-002
  0.120514674979631     
 -2.054855915304980E-002
 -0.298728017405179     
 -0.353842184427170     
  0.246257586580158     
  0.156574859510250     
 -0.105961139986299     
 -1.493820198229472E-002
 -0.151935198847386     
 -0.480527198074338     
 -6.174403358486012E-002
  0.364309097403610     
  0.110701912883295     
 -9.615670684565121E-002
 -0.225970492987199     
  0.418798830339785     
 -0.471828407819454     
 -0.110502630905611     
  0.138446661986648     
 -0.306386375628632     
 -0.122619941698318     
 -0.195812073009024     
  0.208988742620415     
  0.319083785872806     
  0.119321486541529     
 -0.354842808320321     
  0.167349398779902     
 -0.302251360348577     
  8.499275766488879E-002
  0.297384765324611     
  0.304021022772675     
 -0.174929055368690     
  8.652286589764722E-002
 -8.815685986487420E-002
  0.230938365142086     
 -9.589167199580664E-003
  0.100792170957032     
 -0.161798782378845     
 -3.677534158219482E-003
 -0.403248565667008     
  0.210222392775286     
 -0.133449835158496     
 -0.212571368807185     
  1.615923319359200E-002
  0.248934169401616     
 -5.540436880562788E-002
  0.467332407295721     
 -0.450947444369262     
  5.465999270632332E-002
  0.507676036713721     
  0.385485777497237     
 -0.401170220891292     
 -0.418295642307188     
  0.647982883027659     
 -0.137432271668186     
  1.203425415810421E-002
  9.512246019390512E-002
  0.489097266295451     
 -0.127534016713404     
  0.353500515152951     
 -0.404051896570845     
 -0.222532205704583     
  0.248682496848962     
 -0.525247665610945     
  0.320555207865656     
 -0.572856501335575     
 -0.133988023190378     
  0.399761499403209     
  0.144262111820486     
 -0.880242221795870     
 -0.282677554776663     
  0.320811899570433     
 -0.411254433832850     
  0.234087480860441     
 -5.406584560290234E-002
  6.694354833557345E-003
 -2.961224348044944E-002
 -3.801694112380267E-002
 -0.141589143393192     
  0.537777587665723     
 -0.524715634305702     
 -0.459974279060037     
 -9.627116219357169E-002
  0.310365486662634     
 -0.143910952295301     
  0.297253513643737     
 -0.100428373067160     
 -0.218009273669551     
  0.322850472808818     
 -0.343450627158740     
 -3.593790548564344E-003
  0.133890414636501     
 -0.111771352994485     
  0.350700966489513     
 -0.205874134893558     
 -0.195661392560078     
 -0.362308134296439     
  0.227040147771261     
  0.341747247627561     
  0.281279237713537     
  0.210689906789610     
 -9.176101669083925E-002
  0.305305264196858     
  1.802134919545764E-002
  0.114495420573318     
 -0.177139492013473     
  0.171224169295568     
  0.158452762477741     
  0.161268606111548     
 -0.287725451209300     
  6.185242922534855E-002
  1.222803389719776E-002
 -7.358036250316920E-002
 -6.240097617601621E-002
  0.164793403101892     
 -0.302286882501100     
 -3.105748272847771E-002
  0.573921486474143     
 -0.314170611553267     
 -2.261851140995463E-002
  0.288115396614143     
 -3.229663205577698E-002
 -0.328430112845730     
 -0.311030813784946     
 -4.402204310903027E-003
  0.149297573945335     
  0.336411717507077     
  0.115180974224160     
  0.125153989573614     
 -0.265028683126454     
 -0.193968763812613     
 -9.013502997357868E-002
 -0.183370193554146     
 -4.093813255208423E-002
  2.650811152806808E-002
 -6.461235227853208E-002
 -5.658726052215392E-003
 -0.415963177468425     
  0.884464284666473     
 -7.139136698634976E-002
 -0.546508588941440     
  0.723055148763211     
 -0.473532314559292     
  6.364196539393031E-002
  0.158194616282976     
 -0.143293390460016     
 -0.509234848681778     
 -9.478367708162008E-002
  0.249996995764363     
  0.319186564140813     
 -5.213605119582278E-002
  2.185955198961360E-002
  0.169229059643961     
  0.268301318139742     
 -0.802522890635097     
  0.117789186769195     
  0.153326947424764     
 -0.392394664041559     
  0.330213411931680     
 -0.107590831131405     
 -5.667734883559010E-002
 -0.126068719446156     
  0.104857125876430     
 -0.370481083356902     
  6.494754120092218E-002
  0.785373165449074     
 -0.179709700359057     
  0.160214685110192     
 -0.731771671632564     
 -0.100490651528316     
  6.299061851088310E-002
  0.537744116931775     
 -0.510788753263709     
  0.117410321789761     
  0.489220833376525     
 -0.173647277819000     
  0.154420343913261     
 -0.201205648469949     
  0.600821915167052     
  5.243720039739713E-002
 -0.341482761660011     
 -0.343042820571846     
  0.234822467881121     
  9.128229941941005E-002
  4.411072427144124E-002
  0.136444464532944     
 -0.384486336807895     
 -0.550529330613285     
  0.776629480938200     
 -4.367484554747042E-002
 -0.101569089200585     
  0.633693114512367     
  3.177553906338769E-002
  0.161235976958790     
 -0.638666637708929     
  0.204601122746275     
  0.437345137286920     
  0.140541336473012     
 -0.238029889020181     
  0.168665435505348     
 -1.394223478378133E-002
  0.267791488835253     
  0.161992085622646     
  0.309745388936704     
  0.353265797559183     
 -0.228595944677434     
  0.444194560250155     
  2.578855325272968E-003
 -7.122961079288551E-002
 -1.713198661163413E-002
 -6.236558425915294E-002
 -0.224963361153681     
 -0.373511207730431     
  0.368474999634109     
  0.188716188484793     
  3.871843733921883E-002
  9.542159695434227E-003
  -1.14704813427795     
  0.778305426023953     
  0.184274186154188     
 -0.490287739286960     
  0.288373813537440     
 -8.988497183267043E-002
 -0.322828497655953     
 -7.321130136469002E-002
  0.224091706524572     
  0.235677493399970     
  0.227418300420059     
 -0.411787225493117     
  0.335789826595301     
 -0.374204272365861     
 -0.453873417796886     
  0.489389038257574     
  0.197063735408681     
 -0.413616071808361     
  0.234781434832431     
 -0.223552877646252     
  0.314323294811099     
 -0.286241799625581     
  0.266457885354883     
  0.324818646406783     
 -0.323733024834603     
 -0.162750634241600     
 -0.250625934054655     
 -2.792507987789813E-002
  0.196437983000316     
  0.170050955838402     
  0.254729585228026     
 -0.498342617753727     
  0.169082037980421     
  0.102744128419535     
  0.263597778313670     
 -0.213973772947812     
  3.488176256135983E-002
 -5.941050107436400E-002
 -6.905554550512862E-002
  0.253416781588483     
 -0.376801503776803     
  0.177996733634093     
 -0.133813561752850     
  0.227604007961680     
  7.201514212580543E-002
 -5.792726513057576E-002
  2.180484863530922E-002
  0.127721506284447     
 -0.761548387846253     
 -0.632324641375041     
  3.518201312399447E-002
  7.520941496784533E-002
 -2.400886204053256E-002
  0.113022134295396     
 -0.240974956368291     
  6.471180004867733E-002
  2.340126543964526E-002
  0.359988122862209     
 -4.000798313884806E-002
 -3.443110799290514E-002
 -0.397162115132708     
 -6.653373495948238E-002
  7.416512298488043E-002
  0.181590707608404     
 -0.302045665915650     
 -0.473761498462911     
  0.108931192904754     
 -0.302243755677701     
 -0.914193561850391     
 -0.605677210216733     
  0.176441688479125     
 -0.726180757676227     
  0.325539646598865     
 -0.387565409102033     
 -0.120181466112391     
 -0.275052439335665     
 -7.040166980481855E-002
 -0.270035407616215     
  2.178153629922096E-002
  0.103736793710025     
  2.415892993770835E-002
  0.472247894593838     
 -0.288994562047380     
  0.485597460129730     
  0.837656319696139     
 -0.150419924527349     
  3.359439720315612E-002
 -0.306034015874284     
  0.592308533479438     
 -0.321111189804110     
  7.979777565462767E-002
  0.208237670844866     
 -0.529833936805496     
  0.151183026303752     
  0.198708930449032     
 -1.231971175165952E-002
  0.351047337198145     
 -0.432354940802017     
  0.105471512394530     
 -0.107343845489097     
 -0.106587458327706     
  0.138491855018416     
  3.727054985881408E-002
 -5.439238334576028E-002
  0.295952088023738     
  5.843662065351220E-002
  0.142491938235061     
  6.060150678064875E-002
  0.574003681048986     
  0.338369937615168     
 -5.566823227946729E-002
 -0.289169844547287     
  0.325730812944924     
 -0.604261221355353     
 -0.549565930169365     
  0.629380345346207     
 -0.332755708115063     
 -0.133315250179517     
 -0.403199097006696     
 -0.874363865822097     
  0.511022411451438     
   1.15049363336005     
  0.647323952437326     
  0.527488013096512     
  0.157684027707057     
 -0.145086706653988     
 -6.612241455385794E-002
 -0.203752418981487     
 -0.294149414223740     
  0.602621756957534     
 -0.201590664542243     
  0.179451222636809     
 -0.237190000682092     
  0.463103476313371     
 -3.437336418454066E-002
 -0.145618328924752     
  0.148648314544236     
 -8.336362529536814E-002
  0.143098549434039     
 -0.256334700425054     
 -0.468294799313867     
  0.148244621791220     
  0.232555731257276     
  0.300726039755520     
  0.508764293172447     
  0.220424326584941     
  0.124587208122674     
 -0.516356511835784     
  0.176038496881015     
  0.344132065137204     
  0.225125686248981     
  7.910903748858085E-002
 -0.493749742865557     
  -1.00539204458656     
  3.271115478909539E-002
 -0.373553283568249     
  0.282714022154508     
  0.213492558613138     
 -0.300576096290204     
 -0.211609561428421     
 -0.274235108892954     
  1.681053172711395E-002
  0.211918211695804     
 -0.611038414787949     
  0.336902603630987     
  0.401906119985642     
 -0.161025401025283     
  0.127602838223461     
  0.617541668126192     
 -0.648171880569064     
 -0.811652642503458     
 -5.076252881989706E-002
  0.463936126216403     
  6.351298527342403E-003
 -2.063188142758813E-002
 -0.186835677031676     
  0.354308007471349     
 -0.287180819451676     
  0.228981334573660     
  0.595333883818925     
 -0.376484604782925     
 -0.222646324091028     
  0.760119147371793     
  0.103273174286121     
  7.213993595814523E-002
 -0.307806900667302     
  0.260609129901249     
  0.195497219855283     
  5.401786045824548E-002
  0.660133655488537     
  0.434321217663284     
 -0.270816496478992     
 -0.129239965634484     
 -0.762316723931339     
  0.814360123259958     
  -1.12003872566740     
 -0.239139640615757     
  0.343137713206473     
 -0.350724603023344     
  0.186018300820000     
 -0.648822046581016     
  0.549072293129471     
  0.332797890928842     
 -0.185120972136485     
 -0.613274069462858     
 -0.723010277350223     
 -0.540500371445131     
 -0.138780844427682     
 -0.171236699744496     
 -0.278268273091147     
  -1.22582700099666     
  0.625846657731846     
 -0.611065925751175     
 -0.634053892610483     
  0.585366858413724     
  0.262284052294128     
 -0.621407050714236     
  7.622473789859856E-002
  0.432631976422419     
  0.736362511012583     
 -0.119556768251622     
  0.579451822876884     
 -3.324478791160349E-002
  0.146601512644498     
  0.482377087354535     
 -0.256923036039976     
  0.198749318584252     
  0.334936468898086     
  0.558827222373311     
 -0.687435323726060     
  0.434690338402782     
  0.104021654038477     
 -0.448138756631963     
  0.124365318175391     
 -0.426667021769451     
 -0.288646227992290     
  5.624660618180140E-002
 -0.402999118466106     
  0.298083411720778     
  0.107128653106141     
   1.06675189861689     
 -1.673920787482845E-004
  0.421391897675500     
 -0.230451879534413     
 -0.176764014782345     
  0.432372180239664     
 -0.789184303102538     
  0.354409278948282     
  7.344268207330114E-002
 -1.261985588620061E-002
 -0.333444028310018     
 -0.257949507300219     
 -0.194617949322113     
 -0.883577671814070     
  0.253109238149919     
  0.258694695631627     
  0.437469688108215     
 -0.764658533937041     
  0.368102118378935     
 -0.531356985023729     
  0.311852250217468     
  2.211118002754350E-003
 -1.599089081941791E-002
  0.324376771655347     
  3.104467163795432E-002
 -0.133243899158444     
  0.148644652377718     
  0.339402833797370     
  0.714998353752504     
 -0.315923487500892     
  0.220970028149024     
 -0.318521639692111     
 -0.166034280454053     
   1.07225942725000     
  -1.09331510175507     
 -0.258459735220382     
 -2.251394969904574E-002
  0.150719385269044     
 -0.221516244867238     
 -5.577566510846595E-002
  0.130843724640575     
 -0.409566662511492     
 -8.244303125534081E-003
  0.394060667415758     
 -0.723878351566721     
  8.256288708023952E-002
  0.272723126883149     
 -0.573151740048731     
  -1.20659755809681     
  0.304936853039586     
  8.140872062916582E-002
 -0.133395568391595     
 -0.227451846247987     
  1.255783645212938E-002
 -4.015068765060120E-002
 -0.359533018312705     
  0.140815941120102     
  8.423223912603911E-002
 -0.122729415344318     
 -0.553425063970520     
 -0.145564039377297     
  0.728061517759348     
  0.195651994088355     
  0.350852768683251     
  0.605260790657111     
 -0.156917682764580     
  0.469146359926317     
 -6.204141953001611E-002
  7.445195720974269E-002
 -0.401879015229669     
  9.243892797277441E-002
  0.320368565305417     
 -0.114796750833783     
  7.945393374794489E-002
  0.803989486844071     
  0.250231900854867     
 -0.419573844215269     
  0.575184784533821     
  0.282327678147309     
  0.132855550804513     
  0.733974191543470     
 -0.162540744193130     
  0.454049054539853     
 -0.509945972834306     
  0.290244744354232     
 -0.378575719253180     
  0.323658450026365     
 -0.103077885576628     
 -0.138044125365433     
  0.188181076272922     
 -0.786454067073295     
  0.391309311008291     
  0.111671885049237     
  3.180866523281542E-003
 -0.733025020161140     
 -0.333485833961852     
 -0.596425635519498     
 -0.187409671776934     
 -0.326331401262071     
  0.226880532903476     
  6.326451757958727E-002
  0.123542113601957     
 -0.125134213645779     
 -6.395233963063150E-002
  0.244386492356239     
 -0.154199231112375     
 -0.585049844547388     
  0.255195668756573     
 -0.831632626461390     
  0.495802890920381     
 -0.182674321842058     
 -5.563675405177896E-002
  0.114566133373132     
  1.047518289438402E-002
 -5.375341577954124E-002
  8.347669656851449E-002
 -6.552464483129887E-002
 -0.988607409307642     
  -1.11839393270001     
 -0.126712252530666     
 -0.433007979667316     
  0.557222342442489     
 -0.469015518444019     
  0.980855804827623     
  0.479281447811713     
 -1.314947989180066E-002
  0.283566837397261     
  0.281188858538654     
  0.200707939854550     
  9.102637031741696E-002
 -0.249758949567071     
 -0.615198381783512     
  5.587186605966526E-002
  0.256907837521589     
  0.871241044343020     
 -0.806034795230001     
  4.833906307120398E-002
  6.804018803762091E-002
 -0.462127762850849     
 -0.541936557031396     
  2.700100128866371E-002
  0.425624852739096     
 -0.151360537302198     
  3.466548206846222E-002
 -0.235435957575054     
 -0.122903636520412     
 -0.221218068209717     
  0.346181246430650     
  0.562241735394043     
  7.317236857008040E-002
  0.111957071686153     
 -0.332438876956435     
  0.668243186480729     
 -0.116577700856990     
 -0.155569736009488     
 -0.120612005987028     
 -0.734172848684437     
 -0.422015405382251     
 -0.219612320599207     
 -3.502377807364739E-002
  0.359739159028864     
  0.485209058205582     
  -1.04756045652177     
  0.756980518257189     
 -0.240667079643156     
  1.681526206549513E-002
 -0.113662168454130     
 -0.204242838811418     
  0.147187552082573     
 -0.455078281797339     
 -6.331479951191300E-002
  0.207118358556527     
 -0.263117179171154     
  0.297102290044393     
  0.112960380907809     
  4.787671240119699E-004
 -0.747399466250533     
 -0.299375433549418     
  7.951560974078342E-002
 -4.464091418372329E-002
 -0.251536273909639     
 -3.892769337261790E-002
 -0.203606200082228     
  0.714273678677586     
 -0.504601546564754     
  3.941682680323921E-002
 -0.357903810126015     
  0.336093098353018     
  6.089323092127938E-003
 -0.148540419857030     
  0.160506903119504     
 -0.101508736347636     
  3.941896085136964E-002
  0.262880830265630     
  0.635488954396712     
 -0.526978709616662     
  0.428292209118059     
  0.229658499383276     
  0.177935848782629     
 -5.682076281762984E-002
 -0.523761419525150     
  0.514286861564917     
 -0.381473479561961     
 -0.190777844978704     
 -0.101178162006055     
  0.193091121060253     
 -0.369438456439467     
 -0.100850333976273     
  0.600604160686104     
 -0.731518775126145     
  0.283280772564133     
 -1.348021568962056E-002
  0.380027987226628     
  0.121260953356645     
  0.851625386838064     
   1.08838756015603     
 -0.308595502202546     
  0.290349780165107     
  4.863597898853572E-002
 -0.148118374651494     
  0.468144728783677     
  3.040629780814981E-002
  0.120996202460860     
 -0.126884312207260     
  9.779673261305476E-002
  0.499383426693484     
  0.203280452341146     
 -0.808024804023525     
  0.336120978086653     
 -0.406517991313749     
 -0.226248087841849     
  7.156719296897198E-003
 -0.548866349842004     
  0.728574354521470     
 -0.282955335417124     
  3.266465423715047E-002
  0.453081181647915     
 -0.373818807046992     
  0.154438266330036     
  0.130915396590123     
 -4.713133183086448E-003
  0.165628111410052     
 -0.544669171316825     
  0.654428188981406     
 -0.858839403559555     
 -0.482300834945750     
 -0.423696894244759     
 -0.137869524826548     
 -0.185069009770959     
  9.933353128571690E-002
 -0.258574164821223     
  1.947296578766417E-002
 -0.523817386652293     
 -0.594966562043933     
 -0.142836160743238     
 -0.372100328117356     
  0.570749213086779     
 -0.540634145238503     
  0.329495224082425     
 -0.588799864879563     
  7.534637619120162E-002
  2.730467767963179E-002
  0.270650845844783     
 -0.144469658636044     
  0.653162718086834     
  0.203745891395948     
 -9.449574575400586E-002
 -0.174107623422092     
 -0.393330142932642     
 -0.348194600138010     
 -0.296996949597189     
 -9.844758787176215E-002
 -0.431777057638083     
  0.727790038419803     
 -8.971787831674724E-002
  5.260278752645897E-003
 -0.235245034966222     
 -0.301093805668828     
  4.927581059663381E-002
 -0.818946139690642     
  0.449546070077742     
 -0.340125470376468     
  0.365081319613349     
 -0.529780164294410     
  0.651833713513136     
 -0.134279970287853     
  0.318683813754152     
 -5.100776624805089E-002
 -0.204294940725872     
 -0.191431800131947     
 -0.238239623892663     
  0.306598186640784     
  7.740764784854380E-002
 -0.378851958947756     
  0.179422028773193     
 -0.263684392254918     
 -0.186904898060444     
 -0.273466660445860     
  0.200270028217505     
  0.468676123459954     
  0.282381595021942     
  9.995622126933107E-002
  0.561041504176659     
  0.242735294475523     
  -1.09233961946869     
 -9.389895531309822E-002
 -0.266451594016086     
  0.315188550720776     
  9.681073649100062E-002
  2.062118628476647E-002
 -9.290587949414722E-002
  1.621326164010261E-002
  2.067210183321028E-003
 -0.312732035515555     
 -0.122570284486914     
 -0.188817852531479     
 -0.469577216452490     
  0.202092085645815     
  0.245387891484241     
  7.391953376838913E-002
  0.401919457756505     
 -0.111175712222805     
 -5.907807459124064E-002
  6.063410323156128E-002
 -7.372409459396088E-002
  6.726736315677202E-002
  0.169566314338204     
 -0.202098698878601     
  0.319041950004899     
 -0.372605785538243     
  7.238655439004504E-002
 -0.197665302413780     
  0.132457261554146     
 -0.198790161225123     
  0.262952808746765     
  0.194023910222710     
 -5.696923806958169E-002
  0.441941692920616     
 -0.122491484697125     
 -0.482327293072378     
 -5.952443514615215E-002
 -2.469379077079397E-002
  2.586858900435608E-002
  3.157313335864497E-002
 -0.110718163299622     
  0.121246685482705     
  9.113293837536204E-002
  0.276850913081126     
  0.214760115007856     
 -0.268693819065549     
  0.357639196724066     
 -0.525498438929006     
  0.194257593493677     
 -2.160561866744479E-002
  0.114363651285579     
 -0.287576289107659     
  0.270160215651709     
 -0.288799654619112     
  0.210957014303170     
 -1.006936015844944E-002
 -8.714589333569395E-002
  0.127854742542548     
 -9.707910821564969E-003
 -2.813259722019735E-002
 -0.272253183289155     
  0.146012305875730     
  8.669018252756386E-002
  0.165669562659233     
  0.311305788894592     
 -0.363216125069483     
  0.151425172604665     
  2.452420435536177E-002
  7.001702578751028E-002
 -1.508307048611271E-002
  3.798366868602220E-002
  2.134153105788503E-002
  1.768029745523661E-002
 -1.098430172166397E-002
  4.948247088634171E-002
 -2.420569175766006E-002
  0.255631335148282     
 -6.555482879157769E-002
 -9.514255192553873E-002
  3.705940699882455E-002
  0.536056705787670     
 -0.453676198355625     
  0.318309829442460     
 -0.251754418324361     
  1.745282283829112E-002
  0.113659926659275     
 -0.172015825317197     
  0.113384256192667     
 -2.500802228967244E-002
 -7.463416403134071E-002
 -4.360131255689199E-002
  0.159263886041718     
 -0.147600684680161     
 -1.173692914676312E-002
 -0.195714729516870     
  0.130239036178393     
  4.560606040353652E-002
  0.139851393740277     
  0.631755230191174     
  0.761156177404022     
  0.524560309967309     
  0.442752981584373     
 -0.482300172301535     
  0.483206064622015     
  0.216520188264708     
  0.155785473293777     
 -2.193863328893982E-002
 -0.554185994543010     
 -0.380786477401981     
   1.06257239333988     
  1.275516004694523E-002
  2.264531527593787E-002
  0.173027637182842     
 -8.079010094035213E-002
  0.771556202624480     
 -0.930626092605582     
  9.350431041456355E-003
  0.670275091441831     
 -0.164720085592380     
 -7.834251995932534E-002
 -0.538435502891057     
  0.676191113422806     
  7.855613438169190E-002
  -1.12359373534237     
 -0.578645143027039     
 -0.596243065857177     
 -0.169592249289547     
 -3.788669531202482E-002
 -0.774230380139195     
 -7.502211986450646E-002
 -0.583041386656924     
  0.344737779294630     
 -9.282135154532400E-002
 -0.371101395059418     
  0.273025911092250     
  0.318315922127495     
  0.134323174865989     
 -0.359986315065991     
  0.782514326071017     
  0.738973665024791     
  0.834777514761008     
  0.296490084564936     
 -0.105801843634873     
 -0.370528553087810     
  0.421694032461780     
  0.525487483751395     
 -7.541067717964188E-002
 -0.288115626005937     
 -7.375064403719299E-002
 -0.892416485467011     
  0.540856535045667     
  0.103307485360422     
 -0.290871140702459     
  0.286701119252717     
  0.304185171410825     
  0.280063415751184     
  0.337044631438949     
 -0.276570698745688     
  0.164775186662302     
  0.259759850398352     
 -5.892034457971522E-002
 -0.399200360490731     
 -0.140456702130512     
 -0.388874849686706     
  0.167018902468217     
 -7.838891047193279E-002
 -0.359533330049761     
  0.241937911841699     
 -0.364636121692455     
  0.610734971021803     
 -0.171116795750020     
 -3.539298144396161E-002
  5.933125691888247E-002
  0.368413076413676     
 -0.246371667251785     
 -4.949351334312935E-002
 -0.319270149538328     
 -2.898727209230436E-002
  0.303193768075064     
  4.255843927094768E-002
 -0.209961003712980     
  0.312552824111501     
 -0.409096647649398     
  0.272565692346800     
  0.129196011520282     
 -8.007220153670200E-002
  2.603249509110896E-002
 -0.167846771337209     
 -0.230347855894513     
  0.535374185961596     
  0.194653396504553     
  7.090366037031180E-002
 -8.806185149261062E-002
  0.233892945792824     
 -0.350120922626723     
  0.231788491744260     
 -6.327378188684704E-002
 -0.281113592374627     
 -0.279961603864592     
 -0.203609787386902     
 -0.576680792947682     
  0.109266984558072     
  0.471369018984263     
  0.449947639750526     
 -0.595122804921281     
  0.535035697670126     
  8.818257664735038E-002
  0.169293204022359     
 -0.643394390100460     
  0.346250433612427     
 -0.350879019955635     
  0.342064398048401     
 -0.239651004062763     
  0.654102031451156     
  0.148739886084209     
 -0.398092225766363     
  0.464714503362085     
 -4.236622734523680E-002
 -0.163260840029875     
 -0.326059037389998     
  0.151701193075850     
 -0.226672910545112     
  0.247653148699354     
 -0.329541244548333     
 -0.259293267019181     
  0.564101884406023     
 -9.155835477677138E-002
 -7.587103847564805E-002
  0.503838864643574     
  6.078955529405829E-003
  0.166250065362718     
  0.160604562088320     
  0.816427812258674     
 -0.303974177509403     
 -9.987502098272243E-002
 -2.273508272235786E-002
  7.312604417151822E-002
 -9.822764899951499E-002
  0.405599761048589     
  0.312001873071943     
  0.346062922940579     
  8.428842501233164E-002
 -0.468124024893303     
  0.718984786232268     
 -0.517720039112929     
 -0.161682996862105     
  8.865243568092902E-002
  0.210140125075035     
  0.138071676127042     
 -6.643051051967253E-002
  0.176527394327398     
  0.289860984278303     
 -0.107979863435439     
 -0.261363524029830     
 -0.181269052251559     
 -4.862612593025897E-002
  0.129672657590139     
  4.084641861291756E-002
  0.109322823198675     
  2.406037967006734E-003
 -5.129301968367171E-002
 -6.838868353760241E-002
 -1.585471768955186E-002
 -0.221597104339540     
  0.182270186844839     
 -8.451695552135337E-002
 -7.468463612721120E-002
 -0.176621364413718     
  4.575931462978419E-002
 -4.248374770351887E-002
 -0.714040745046270     
 -2.173882055850453E-002
 -0.346104255930348     
  0.614093298843280     
  9.335519387779007E-002
 -8.767235528574710E-002
  0.184073794209995     
  5.212681931273744E-002
 -0.126950475309001     
 -8.933495314569929E-002
 -0.371167721488509     
 -1.236626721946033E-002
 -0.115058462379830     
  5.200641898535280E-002
  6.332915878155941E-002
  0.567146240265968     
  0.583578946669707     
 -4.426052725862960E-003
  0.137997896205940     
 -2.819666708450822E-002
 -0.171141543802580     
 -0.284420632125543     
 -0.376460548011368     
 -0.132886509967319     
  0.459588148952138     
  1.331171885380030E-002
 -0.475649969354277     
  0.196437719839738     
 -8.252758193969861E-002
  0.197638964955522     
  0.748635385178778     
 -0.377909045393973     
  0.173466444394110     
  2.804736913305665E-002
  0.301271759715743     
 -0.181135266332396     
 -0.656461128022117     
 -0.392286680300269     
  0.149556204790576     
  0.313455193249496     
  0.353446257800854     
 -0.288689603337156     
  0.443751132611547     
 -0.467288633172959     
 -9.154153989083738E-002
 -3.264564650544677E-002
  0.143395269947463     
 -5.497551778944185E-002
 -0.216189620781835     
 -2.249564693005689E-002
 -0.452078954841816     
  0.165869054039856     
  0.225716006960783     
 -0.292929507991642     
  0.142269272634608     
 -7.415345387147518E-002
 -0.619244607692246     
  0.369885376562654     
  0.388195940321868     
 -1.615484702813788E-002
  0.142708069700729     
 -0.475661903880656     
  0.152509814794332     
  0.330231595157674     
 
 -0.562534523940174     
 -0.906092436594845     
 -0.520593980619041     
  -1.03583925759219     
 -7.588833860524287E-002
 -0.242181038580352     
  0.178743205064122     
  0.666122384273963     
  0.314324601781869     
 -0.301575208117426     
 -0.172876989960716     
  -1.05343248670261     
 -0.568293824986842     
  0.370473509228324     
  0.565163993372361     
  0.113047038281569     
  0.369924649028010     
  0.351198624644786     
 -0.550062540785431     
 -0.212065059289028     
  0.295342518263359     
 -0.450316391955696     
 -0.389174163024110     
  0.974451388586130     
  0.281993821679748     
 -0.218599925817545     
 -0.663996310194682     
  0.666232334864689     
 -0.786047985607257     
  0.125915214572670     
 
 -0.265038682677217     
 -0.130328431912637     
 -0.308711892177345     
 -0.373391048060700     
  0.562837719660989     
 -0.388427333695802     
  0.233843105452215     
 -0.513565064591026     
 -0.244363961334603     
  6.563501966384647E-002
  0.332518356824749     
 -0.209752833066902     
  0.121663790357548     
  0.112756170446202     
 -0.131520058188003     
 -3.741217492624796E-002
 -0.847933162115373     
 -0.127308624046367     
 -2.019803326056119E-002
 -0.685807707865425     
  0.176442760560676     
  0.127728588629259     
  0.228196391692967     
  0.492924946237735     
  0.526372009717952     
 -0.204206709703916     
  0.499092677771485     
  1.603180640722032E-003
  0.185131078270066     
 -0.203514422013901     
  0.336472418560991     
  0.260279657261491     
   1.05593042277808     
 -0.197691784566142     
  0.182749712248396     
  0.368362478465560     
  0.148372339096066     
  9.710312637000190E-002
  0.718947402668314     
  4.309937092790762E-002
 -0.166358630531263     
  2.533558845881680E-002
 -0.204376110499045     
 -1.974693201384534E-002
 -0.426922194522153     
  0.664347649797767     
  0.273274016048293     
 -4.598794981804459E-002
 -2.809383583497220E-002
 -1.135392055793166E-002
  0.235999529196046     
 -7.941742426164985E-003
 -0.272147365016740     
 -0.758877300180583     
 -0.701796533534815     
 -0.261141160253974     
 -0.211369810269538     
  0.998874145374802     
  0.952409319125217     
 -7.435547247099800E-002
  0.171946484962195     
  0.482202045231929     
 -0.652368678770530     
  0.610533070512017     
 -3.089909437799269E-002
 -7.010957951946473E-002
 -0.121223822928292     
 -0.359398262402477     
  0.770870084926044     
  4.112541471802260E-002
 -0.442233465585494     
  0.265417683654026     
  -1.13798436813549     
  0.213904738342240     
 -0.846054876193782     
  0.179321470569293     
  0.128224333239931     
 -0.154780573147974     
  0.330189297127109     
  2.546017788247330E-002
  0.604036164038400     
 -3.665878250460826E-002
 -0.301151776395460     
 -0.466224405510186     
 -0.599223543429212     
  0.303758465310604     
  0.358982610425229     
  0.650514559258709     
  0.182324044804451     
  0.864558177796832     
  0.220047915588830     
 -4.284831229141711E-002
 -0.624527289410553     
 -3.937544052190323E-002
  0.113167517866234     
  4.253652763106004E-003
  0.157116189350579     
 -0.188002098084075     
  0.390899293572282     
  0.282500149194880     
 -0.395892027258256     
  0.184352333060727     
 -0.524968540095188     
  2.301949870998013E-002
 -9.045877745752941E-002
 -3.681146615848484E-002
  0.232882552863877     
 -8.855347442045507E-002
  0.178302309186160     
 -0.119732627503887     
  0.115224846354656     
  0.197194713518733     
  8.985706042794335E-002
 -0.107703374029625     
  0.748098307999332     
 -2.494053355943369E-002
  7.957350357589571E-002
  0.403969012575613     
  6.775465032316969E-002
  0.275757230201323     
 -0.664110746298195     
  8.194693744798510E-002
  0.521899050347044     
   1.64046942214886     
  0.540620877888525     
 -0.908125106306800     
  -1.37811018969626     
 -0.249973471844598     
 -0.620704445750548     
  0.991882453297649     
 -1.910653445299182E-002
 -0.611777955789413     
 -0.391759791883864     
 -0.255272076877996     
 -0.603291861394736     
   1.39328195366057     
 -0.103192099866199     
  0.355054420495715     
  0.720077242912374     
  0.884374871123164     
  6.977530491330574E-003
  0.159808001729564     
  0.508150660092118     
 -0.799792648071315     
 -0.429094684695829     
  -1.16731427663580     
 -0.682753476872618     
  0.795075968711329     
  0.260995173023110     
  0.248022323493777     
 -0.221221767366955     
 -0.117085763438732     
  0.534894343123421     
  0.460872862608878     
  0.262541827113586     
 -0.115502499886239     
 -0.485346258304343     
  0.310601550385136     
 -8.538216034793428E-002
 -0.125657100027610     
  0.110035269534987     
 -0.505367538005482     
 -0.393524340450132     
  0.446589407792204     
 -0.227569857783432     
  0.226944306016786     
  0.126612218556856     
 -0.577254654274807     
  1.152468860245398E-002
  0.604183369363703     
  0.536262891948787     
  0.441627817304612     
  0.223845974652044     
  0.350076254346899     
 -0.581736704961205     
  2.136034488137829E-002
  0.317878335246713     
  0.450359554862110     
 -0.656465934459290     
  0.340443116173432     
  5.243625419770007E-002
 -7.418833990034311E-002
  0.592943682672750     
 -6.860953958191877E-002
 -0.306125900754761     
  0.463577818146435     
 -0.315356028970234     
  0.864701257835638     
  0.200759438616232     
 -0.147679844967328     
 -4.016592939741847E-003
  0.132509744956548     
  0.225249475125086     
 -6.491861999879966E-002
 -0.168186116896441     
 -0.219165873872908     
 -1.050838245840771E-002
  0.176430476830057     
 -0.354978433768894     
  0.196023070411169     
  0.132317531669467     
  0.290361381955990     
 -0.373777649389991     
 -0.312672457826950     
  0.302955751624095     
  0.267872986277902     
 -0.229099817949975     
  2.500808229686525E-002
  9.791992380495909E-002
  0.201118123531581     
  0.469253450662228     
  0.313487177117311     
 -0.114066789121468     
  0.344542750425379     
 -0.300259169935049     
  0.809146826932802     
  0.117624052989986     
  0.497262316140290     
  3.869809591127471E-002
 -0.168385485310850     
 -0.477650820688391     
  0.319161456717203     
 -0.341885179640811     
 -0.371234595039163     
  0.147575413814443     
 -0.344748475080863     
  0.105379671680425     
  0.107977539999839     
 -0.177293855611397     
 -9.513167174316541E-002
  0.167680479400232     
  0.512985471783046     
 -9.634702550203121E-002
  0.367134642470367     
  0.376812421594347     
  0.533338692679335     
 -0.138863067822382     
  0.240441135147597     
 -3.837524829463230E-002
 -5.343402225911088E-002
  1.488942611598457E-002
 -0.110004704110083     
  0.237629374735595     
 -0.789354050767552     
  0.660772542697772     
  0.442345579008687     
  -3.27465584456717     
  0.410184516965141     
 -8.557482115661184E-002
 -0.168582838392397     
 -0.398201363605536     
 -0.351018017639510     
  0.238296214337884     
 -0.416442850979327     
  3.717033059149635E-002
 -1.781408887210575E-002
  0.329538772553529     
 -0.420033642640373     
 -0.473183433957411     
 -0.194557715695499     
 -0.859955704996975     
 -0.149354192412698     
 -0.383882356298497     
 -0.265612399993217     
   1.17141356313767     
 -4.362687093631091E-003
  0.482699438031639     
 -5.334680464800724E-002
  0.785502156828842     
  0.417528012216249     
  0.263959327376340     
 -3.809052268832729E-002
 -0.747804634451123     
  0.195771806020181     
 -0.122156172859097     
  1.839884327786481E-002
 -0.184173816094672     
 -3.700269132393139E-002
 -0.267398815021165     
  0.217433131465439     
 -1.783418888352271E-002
 -0.112664630121041     
 -0.197885231739855     
 -0.147979149349140     
 -0.163343631617373     
 -0.106961871116829     
  7.864995973685866E-002
  0.246005536727303     
  3.680325471634060E-002
  7.923031617879366E-004
  0.136283784021714     
  8.122258803032766E-002
 -0.264581179019808     
  0.200322942490147     
  0.136246877910737     
  0.243890525559802     
 -0.165664587902658     
 -0.373595737132809     
  0.323633955455402     
  1.797296047731428E-002
  0.420097920545742     
  0.864529826367602     
  6.209079898470443E-002
 -0.924823231859350     
  0.395162122507421     
  0.571498350308331     
 -0.110852810205770     
  0.374511028429030     
  0.157059318431884     
  0.845787097605059     
  0.918944806647782     
  0.933375734680960     
  2.842728994152634E-002
 -0.629260241861109     
 -0.404283306794616     
   1.23604536100590     
 -0.940643065097653     
  0.714456203782226     
 -0.853113666073896     
  0.359961141511697     
  -1.07536197159229     
 -0.689240725310567     
 -0.727045238946871     
  0.493987386472041     
 -0.358927188164290     
 -3.429526864058248E-002
 -0.703726605448471     
   1.00977293019649     
   1.19853082320567     
  -1.20918311011339     
 -0.334560480580713     
  0.340844814607560     
 -0.627390242644160     
  0.126159400120251     
 -0.783253389419124     
 -1.430713675901827E-002
 -0.867277874825312     
  0.534594854876726     
  0.157764359488113     
 -0.377698176233757     
 -0.568754712912886     
  0.674871300983082     
 -0.471076609250381     
  -1.20524014905186     
  2.335908672198990E-002
 -0.779555104986646     
  0.465898153831040     
  0.598546976224327     
  0.108952890453152     
  0.499246851169997     
 -0.129264215275216     
 -0.836672853925960     
  0.517233111362817     
  0.130277135470165     
 -0.778933307987334     
   1.24758238418341     
 -0.128244415990454     
 -0.848152548053453     
  0.219020793272863     
 -4.469971577081226E-002
  4.348555408048402E-002
  0.165058489208664     
 -0.310702858979343     
 -0.105960882362434     
 -7.134862664073021E-003
 -0.206606208750643     
 -2.735980007478380E-002
  0.937378415873154     
 -0.571427749473084     
 -0.976087529937772     
  0.536572386098150     
 -0.390825258625251     
 -0.372504467262151     
  0.521871760384153     
  0.706191155851623     
 -0.536609232352525     
 -0.490973317266506     
 -0.132395316825870     
 -8.937119789495396E-002
 -0.871068067280600     
  0.420835449274420     
  0.570983985464286     
 -0.208350710250082     
  0.815878457651432     
  0.575288741913219     
  0.136336090126271     
 -0.367224702543018     
 -0.587587111251937     
  4.654780010691006E-006
  0.106968145227250     
 -0.589165852137201     
 -0.305678410702579     
  0.751394053645856     
 -0.415908601898529     
  7.633630540099512E-002
 -0.352803811186217     
   1.00383654272462     
 -0.850252669505965     
 -0.310189605077743     
  0.246794619473763     
  0.181918014664714     
  0.370875443562832     
  0.721315720457046     
 -0.122500577286744     
  0.728910793697284     
  4.619574772673239E-002
 -0.639018506669614     
  0.101783269030723     
  0.469221029098606     
 -0.356793428841907     
 -0.842447654721994     
 -0.812202704263044     
  0.637872182089507     
 -0.322044078766514     
 -0.863129942025221     
  -1.05265347791805     
  0.260777159268234     
 -0.269965222054334     
 -0.880422724476892     
 -0.302181448507603     
  0.382868480562058     
  0.436805398898188     
  0.425800397393636     
 -0.289578468676626     
 -0.176162587345650     
  0.347599278871654     
  0.369125267569400     
  0.714670297752931     
  0.136920284547170     
 -0.739304833674245     
  5.699830513076452E-002
  0.435714361606825     
  0.453642884974485     
 -0.651109135184298     
  0.360168455810387     
 -1.831056242505542E-002
  0.464271192469007     
 -0.266480449954089     
 -0.602300470741804     
 -0.525483875091776     
  7.478498957981650E-002
  0.574846082929829     
 -0.588138659308788     
  0.343159571259342     
 -2.854028153326291E-002
  0.218594259454020     
 -0.242669963618962     
  0.197491121373780     
  0.686582245367273     
 -0.277288090277541     
 -0.389039837054314     
 -0.597342157664149     
 -0.371527041470274     
  0.141388259729619     
 -0.489503072251599     
   1.20512915855404     
  0.490740488339581     
 -2.658694314915063E-002
  7.194288285928298E-002
 -1.542707041705552E-003
  0.719112684554477     
 -0.717164838565935     
   1.33434270680699     
  0.241240982485125     
  3.933324386301740E-002
 -0.288301937286362     
  0.805734921570683     
  0.437562922610493     
  0.715927971529747     
   1.80027953477774     
 -0.142904587661061     
 -0.191067431328974     
 -0.286748961225949     
  4.594500688006632E-002
 -0.133349279521552     
   1.85385421100498     
 -0.822257901561054     
  0.606944682921269     
  0.199610077288227     
  0.586560090940893     
  3.988018334566085E-002
 -0.652655672043103     
 -0.277105306118347     
 -0.843205997012066     
  0.453674979534618     
 -0.176355112638731     
 -0.556439217483558     
  0.521224327341739     
 -0.890965101893987     
 -0.250891188064691     
  0.416336636123525     
  -1.07039790161006     
 -0.272761719768680     
 -0.919213816001348     
  0.171590979191333     
   1.29768933491728     
  0.479462121510296     
  0.491395848676079     
  0.696155045673334     
  0.254854999211053     
 -0.120031027780681     
  -1.03825383111752     
  0.705756876513823     
  0.844643453802921     
  0.780289844810317     
 -0.344371957734872     
  0.105004032672196     
 -4.412629752592018E-002
 -0.419888542660008     
 -0.158742521655179     
 -8.973593054421837E-002
  0.298335123187601     
 -0.204512653870150     
  0.103763407061837     
 -0.570265401647759     
  -1.52350672649501     
  -1.30422633201475     
 -0.560509542372579     
  3.672530353953583E-002
 -0.241234403325838     
   1.05850431138181     
 -0.567122277911045     
   1.42842366020072     
   1.25729080981564     
 -0.798896289576690     
  0.504993325855148     
 -0.270367926990841     
 -3.515387206658634E-002
 -0.508088537387008     
 -0.827166314185305     
 -0.130371087435757     
 -0.702554081353675     
 -0.330419861395067     
  0.569697774570641     
   1.72504812431222     
  0.388637804679871     
 -0.297862323525555     
 -0.136712459297161     
  0.304621242870200     
  3.845669550697607E-002
 -0.838855792119001     
  0.393311613719619     
  0.150054800901762     
 -0.118534646947596     
  0.685972627535024     
  -1.15018001794190     
  0.674841813701324     
 -0.775969572740881     
  -1.27127864182201     
  0.785294316128639     
  0.175665752760489     
 -0.587189730226091     
  0.379998286731649     
 -0.196753420049539     
 -0.863431251220508     
  0.378859249836893     
 -4.883077588033546E-002
 -0.520801896720046     
 -0.370673240127460     
  0.578958125320858     
 -0.416487487641545     
  -1.03196542239794     
  5.446017184987416E-002
  0.578231155997197     
  -2.34998780878705     
  0.246899762919743     
  0.125703524064936     
 -0.857203887462806     
 -0.657298144723218     
   1.31235022321718     
  3.053132681110041E-002
   1.16697864079422     
 -0.121337163000218     
   1.37134115585562     
  2.395260510606326E-002
 -0.203493864316684     
  0.387906107806296     
  0.195173829651516     
  0.975076406490358     
 -0.261894722985614     
 -0.320580591234031     
 -0.103171836275476     
  0.535161766308860     
  8.439737097859330E-002
 -0.801599454576650     
  7.510809517665569E-002
  0.239414955968716     
 -0.131437342268585     
  0.101555897553973     
 -0.363376455209044     
  0.330135376503786     
 -1.793944334539329E-003
  5.819129063775226E-002
  0.465016699525919     
 -0.595058619301194     
 -0.988085262059260     
  0.904450563989956     
  0.610927736675218     
  0.926529779899570     
 -0.536552820464582     
 -3.668256403606869E-002
  7.272746979937796E-002
 -0.540630197172564     
 -0.421387560225416     
  0.356053923615178     
  3.823978500217169E-002
  2.750724158987868E-002
 -0.274858133431069     
  0.753820274848730     
  0.150679046130574     
  5.475723574808267E-002
  0.196495022923210     
 -0.614382592087770     
 -0.113865769704963     
 -0.299720628326893     
  4.749191844481934E-002
  0.563712285705517     
 -0.419481364594607     
  0.247946245755247     
  0.422327909004563     
 -0.240308469073286     
 -0.106749480865276     
  0.177246543249945     
 -0.595894044922380     
  0.398749955848397     
 -0.206037426404719     
 -5.717490640070018E-002
  0.627687192312850     
 -0.155696854859120     
  0.597780407179490     
 -0.259091071553511     
  0.193445991695239     
 -6.440720236884818E-002
  0.676817937262867     
 -0.355954231533826     
 -0.977958392595336     
 -0.971259302688682     
 -0.853387981757429     
 -0.380721274045383     
  0.167830987445996     
  3.638970585725620E-002
 -0.355136436411914     
 -0.161089703321910     
  0.434700080731924     
 -0.645356949848224     
 -0.371183926017407     
  0.119113071507547     
  0.301531374247550     
  0.371447248877273     
  0.828384617684721     
 -0.162220605701225     
 -0.719723545914956     
  0.192187467903520     
  0.422759086617781     
  0.772371809263992     
  0.677708265722824     
  0.102519943524918     
 -0.203182793580794     
 -4.201586640759320E-002
 -0.691941692739290     
  0.512843826809663     
  9.917348801065887E-002
 -0.314485127010662     
 -0.194269277736956     
  0.174752758221303     
  8.997608698853042E-002
 -0.127113956922749     
 -0.336578267008929     
  0.462987062423916     
  1.699945144575547E-002
  0.368722926257012     
  5.591533754216698E-002
 -4.624803359238967E-002
  0.141135734564292     
 -0.424405726405050     
  9.543796987159134E-002
  0.108121072111137     
 -0.243251079893781     
  0.112180138099791     
 -0.367939265611014     
  0.175276114802250     
  0.282575775101605     
 -0.411333407735192     
 -0.574268194258232     
 -0.446980975524440     
  0.173694930868093     
 -0.274680367717706     
  0.561184277149107     
  0.730377394316273     
  0.546197265934950     
 -0.756075055795040     
  -1.89299638791755     
  0.284076407395891     
 -0.671544800687747     
 -9.006535418307571E-002
 -0.411575276765218     
 -0.672640124690113     
 -0.456344746697540     
  0.279342885088297     
  0.980532296736204     
  0.199919735133269     
 -0.970522080467460     
  -1.05443363661262     
  0.515946412616102     
 -0.269440907177534     
  0.227654830351887     
 -0.605550303383055     
  0.172251312463061     
  0.637549808642300     
  0.298303455462807     
 -0.157860643556033     
 -0.191505713002513     
  0.255151196816114     
   1.48237253193942     
  0.347440611701610     
  0.133955879613122     
 -0.775839228128269     
  0.168709806385692     
 -0.853434210226454     
 -0.449814626391874     
   1.08393812423728     
 -0.390287000069512     
  0.758048011647863     
 -4.465262924274774E-002
  0.374122507167609     
  -1.02385213128487     
 -9.921363260867452E-002
 -0.306260722447309     
  0.322093042237693     
  0.695826995694610     
 -0.283329717293930     
 -0.368001305183185     
  0.158938848491705     
  0.171140978252411     
 -6.497065595570134E-002
  0.476833405957450     
   1.62564113497791     
 -0.719744453449627     
  0.638493544900064     
 -0.680980705851455     
 -0.503790018507084     
  -1.12621657279511     
 -4.389900315848401E-002
 -9.748982551878961E-002
 -0.330144040230227     
 -3.986916590569245E-002
  0.121368707813202     
 -0.533274181020078     
 -0.394189397608144     
  0.464140515496519     
 -0.625944601493440     
 -0.575570937574907     
  0.506482499099136     
  0.273762094145280     
  0.176799260531248     
 -0.215434125246863     
  -1.46176503507242     
  0.689222482924369     
  6.679566315233118E-002
   1.49763992295632     
  -1.29557146375688     
  2.193727543280405E-002
 -0.248326377646480     
  0.426655726317259     
 -0.356392121603512     
 -0.376453592197257     
 -0.492511046110244     
 -0.743079496148526     
 -0.252226846674602     
  5.251435358019850E-002
  0.307000903528182     
  0.559309351594837     
 -0.627107199632206     
  0.380228873170534     
   2.07954139643555     
 -0.703047539486214     
  0.474633961068828     
  5.301634550026549E-002
  0.988395216878935     
 -7.351282509723060E-002
  9.014777369688198E-002
  0.288879483428490     
 -0.165451215299313     
 -0.410041554399941     
 -0.271508380336725     
 -0.283718382235320     
  0.403523019898140     
 -7.710336841937693E-002
 -0.244764556692066     
 -0.861286028817820     
  0.364298867282099     
  9.531508860790709E-002
 -0.572722631863518     
 -0.708547640929632     
  0.118584721161329     
 -0.151815962147261     
 -0.103143164323028     
  0.496154224138833     
 -8.679601793939305E-002
  0.107716179493095     
 -0.271101958883860     
 -0.575859079690321     
 -0.245413496305208     
 -0.556658561329685     
  0.167819795036304     
  0.418447648787514     
 -0.278527763364704     
 -0.927037730472059     
 -0.350238747129263     
 -0.295600539962040     
   1.14869862249290     
  0.135750922460551     
 -0.293801874696324     
  0.355053410009455     
 -0.212811531674153     
  0.940205462470951     
   1.00693437564237     
 -0.189906115163639     
  0.217255295085615     
  0.246810742036117     
   1.07591317553894     
 -0.106346474303508     
  0.671952059941880     
  7.286771315938491E-002
  8.876772396728756E-002
 -0.624760372659775     
  6.819407424378851E-002
  0.145586782641409     
 -0.351249436818829     
 -0.165500747730879     
 -0.240291292301855     
 -0.156163476040279     
  0.349664532356044     
 -0.100270087249037     
  0.757458820767600     
  0.127471183735895     
 -0.326388831437989     
 -4.672176699837673E-002
  0.217597237505656     
  0.268228494935174     
  0.202600690523222     
  0.442186434835040     
 -0.475210862012269     
  0.114231878470543     
 -0.451551622102078     
 -0.645052121416599     
 -8.997076147765933E-002
  0.672924319029128     
 -0.600301098909476     
 -0.132703064960766     
 -0.476268979141078     
 -0.122693692626221     
 -0.607312793144677     
  0.135601864644455     
 -0.308546206830267     
 -0.458242222151475     
  0.291423051188805     
  0.255921619677633     
 -0.975924298869427     
  0.104525085371253     
  0.575679212574644     
 -4.407650272729572E-002
 -0.175505930149850     
  0.753017279944396     
  0.825291627431833     
  0.425731353691097     
 -0.292656359022779     
 -0.631831236715675     
  0.259461025828841     
  7.498918636208178E-003
  0.241256756050402     
 -0.412812725412380     
  0.175922865453722     
  0.353837983901912     
  0.232160933461883     
  3.499897389014443E-002
   1.40708107755360     
 -0.113900206725090     
  0.195545850125854     
  0.514815682717920     
 -0.495250787519513     
  7.333812794469857E-002
  5.257435609614790E-002
 -0.213973172722618     
 -0.440393977267091     
  1.682945810528883E-003
  0.120697780980080     
  0.263437573998784     
  0.406244400161248     
  6.789297369727078E-002
  0.190463481427661     
  0.241849500588866     
  2.938025974137468E-002
  0.840579696994973     
  0.437796163244930     
 -0.459762005411773     
  0.577739934489079     
  0.743070629160736     
  0.989639298361616     
 -0.479110862873171     
 
 -0.202909143353897     
  0.447026426282705     
 -0.157428533429082     
  -1.00363597614408     
 -0.806508507345802     
  9.885271674385365E-002
 -0.561993162992994     
  0.318836064319796     
  0.579586642013375     
 -0.599590040061941     
  0.269827647745628     
   1.23152695083179     
  -1.49455386219450     
  0.564186173198608     
  9.496849259518476E-002
 -6.166485824651995E-002
  0.615989204124246     
  0.129503982228860     
  1.902470486717144E-002
  0.450239814149853     
   1.46943017834036     
  6.062333858625706E-003
  0.122269080441401     
  0.588457147016749     
 -0.605969320217415     
 -0.732701088302611     
 -0.628095330527154     
 -0.289570791261687     
  0.518420568717493     
  0.586466914787585     
 
  0.398045425820292     
  0.451239568296541     
  0.479365532774469     
   2.49438417733168     
  0.140305352340208     
   1.24582490816527     
   1.20552016216492     
 -0.908173563319495     
   1.14776425454935     
   1.64382065606779     
  3.881649233165305E-002
 -0.205400947721748     
  0.497673382389898     
  0.457743914542588     
  0.668940301560213     
 -0.110353500482783     
  6.038026703301955E-002
  0.220435512751821     
 -0.201932444432621     
 -0.186267257023517     
  0.951401635593289     
  0.429520038425834     
  -1.35116310806362     
 -0.160438357698661     
  0.106702133333004     
   5.17874383454044     
   1.33480071207114     
  0.247429514524917     
 -0.608873507649329     
 -0.598156685768109     
 
 -5.328444962806446E-002
 
  tansig  tansig 
