     48 -    30 -    30 -     1 
rmse=  31.9542meV
  0.125005134224772     
 -0.153258166790031     
  0.107980781519000     
 -0.386386376323213     
 -0.148654806067059     
 -3.878641707408169E-002
 -0.107498494392744     
  6.628330426046035E-003
  0.278500618083394     
  0.247697007476572     
 -3.356853640150587E-002
 -0.381902319518855     
  0.454177161765507     
  0.435948918764982     
 -0.349049603240901     
 -0.912923265498067     
  5.469543242522668E-002
  0.201746420781849     
  0.338828367569117     
 -0.298859544164736     
 -0.141075434414288     
 -0.698632545283938     
 -0.103720111652368     
 -0.785136822983984     
  2.643447037529943E-002
  6.860668531529913E-003
  0.457113995464190     
 -0.291922377348244     
  0.221170676181984     
 -0.156089451866396     
  0.478321401797417     
 -0.156426188081427     
 -0.344718087470914     
 -9.217793058835988E-002
 -1.486942044756795E-002
  0.258576974786544     
  2.808411607184758E-002
  4.591545088356407E-002
  0.501112445806047     
  0.157979116844452     
 -0.474584520088148     
  0.774851859308086     
 -2.351957197739874E-002
  0.340985148118711     
 -0.452027746874944     
 -0.334391230192493     
  0.125844398354169     
  0.559790080675420     
 -0.217736950188353     
 -7.511185012102989E-002
 -0.104318333919079     
  0.341377947507328     
 -0.232957318405303     
  1.877338507926477E-002
  0.236596593293171     
  1.435627738624178E-002
 -0.346075837168718     
  4.536051847807893E-002
  0.186008849284552     
 -0.271809868397528     
  0.130706599748137     
 -0.106004799363626     
  7.434364358508358E-002
  6.893529306092538E-002
 -0.218009523116705     
 -2.885325385633126E-002
  0.590020401129448     
 -0.255346374047654     
 -4.390195482641712E-002
  0.126310266316774     
 -0.310421495741522     
  0.232485553443821     
  0.131831213975628     
  2.800268892472206E-002
  6.857696230347020E-002
  9.139523277317997E-002
  1.403599437384047E-002
  5.268790857236753E-002
  7.062689018474196E-003
  4.839007183639141E-002
 -0.131037090488423     
 -0.770777303405362     
  3.268545506860440E-002
  0.216867731757067     
 -0.182996996202282     
 -0.109074116430625     
 -9.333016094701622E-002
  4.453205641741974E-002
  8.411542768169475E-002
  5.540171954797737E-002
  2.724892559205808E-002
  0.115449929612405     
 -7.934629854820534E-002
  8.316402768833066E-002
 -7.117888100362280E-002
 -8.754722351062207E-002
  0.108089350239963     
 -2.457951420075413E-002
  0.107162989616246     
 -0.214903304410380     
  3.541453351603566E-003
 -0.440138446945408     
  0.152572899212321     
 -0.138752610244447     
 -0.144470707508962     
  0.405900660310483     
  4.601547626659572E-002
  0.497691905813099     
 -7.289687002641830E-002
  0.342548679063059     
 -0.342553746354288     
   1.14726396680833     
 -0.181381327485923     
  0.354930378893425     
  4.042323805576670E-002
 -6.086472020208560E-002
  0.224213218620606     
  9.352411742387025E-002
  1.951521089765395E-002
  0.295621808415536     
  0.392253858764413     
 -0.565054920144579     
  0.189824351221920     
 -5.218796711931230E-002
 -0.180275304120910     
  0.102854694725886     
 -3.880264376944422E-002
 -0.217565315197348     
 -5.101408464892400E-002
  0.162566848902249     
 -0.236659044629129     
  0.282778808517586     
  0.225152906769327     
 -0.196672979448559     
  0.189917372007149     
 -0.390867513379358     
 -0.413747264853540     
  0.176110308133349     
 -0.315448767786500     
 -0.353762361618465     
 -4.430882421678196E-003
 -0.315959604775264     
 -3.933671086920700E-002
 -0.518157810362602     
 -5.650087780142378E-002
 -0.129358201061775     
  0.436020830979863     
 -0.167572732246186     
  0.423311511962474     
  1.666735939052640E-002
 -0.188031427952636     
  4.921882666381757E-002
  0.356704812814139     
  0.248290379074964     
  0.124129765477578     
 -0.260533019896191     
  0.270437889001328     
 -0.524995435094362     
 -0.127015766276771     
 -0.468366993587627     
  0.107108872847396     
  1.737142765751432E-003
 -0.215619519121746     
 -0.497820461184427     
  0.406826974872775     
 -0.325494673623080     
  0.154593888368487     
  0.177824466121120     
 -5.075405805356002E-002
 -0.118016503261414     
  5.580076443735197E-002
  0.205642240472007     
  0.259113478291230     
  0.223268054540128     
 -9.433687650740121E-003
 -0.318309572892180     
  5.588959342989683E-002
  0.150557901408925     
  8.553595875812242E-002
 -0.255692445795266     
 -0.419678808884377     
 -0.141731230654386     
 -6.944031630993318E-002
 -0.320714699891664     
 -0.607050665078476     
  0.433617103961054     
 -0.297879657455113     
  0.341451382767644     
 -0.345578494630340     
  0.231028635723540     
  0.212033160755805     
  0.641551981747303     
  2.535125195493326E-002
 -3.934748096195272E-004
 -0.211561408476202     
  5.068594259941545E-002
  3.675784958794178E-002
  0.504005924605644     
 -0.305647046319888     
  9.258624422293044E-002
  0.164624443713147     
 -0.830628188353968     
  0.192771416682785     
  0.449791867775729     
 -0.378652327555614     
  0.284886363781179     
 -0.859110460373049     
 -0.772343213307824     
 -8.527447587684389E-002
  8.025705361968927E-002
 -6.345813624846537E-002
  0.169113470955163     
 -0.100110102649126     
 -0.189162956025898     
  0.168326483159991     
 -0.381210982650644     
  5.972522519376166E-002
 -2.532796235657789E-002
 -0.155342634851205     
  0.305552497054274     
  0.994055436141695     
 -8.836597199117711E-002
  0.170757687805227     
  0.833743658192631     
  2.586456990252867E-003
  0.209641178539074     
 -0.519582894422103     
  0.526932470204547     
 -0.784036426683849     
  0.200737778861206     
  0.297071574397225     
 -0.203474811028597     
 -6.106196759854991E-003
  0.920031350543158     
 -0.426016777348487     
  0.294584026487310     
 -0.382371410198769     
 -0.457215596191557     
  0.868963773418640     
  0.618445952912819     
  7.082900174601481E-002
 -0.131913063996820     
 -0.247059021841399     
  0.319018280154237     
 -0.381133509681549     
  0.239460966548685     
  3.392325169297158E-002
 -1.561070640491271E-002
  0.819969638385122     
  0.548468128412119     
 -0.275405544077276     
  0.318568249550134     
 -2.269229888185892E-002
 -4.887909320808236E-002
 -0.351842359899172     
 -0.349389105806024     
  0.138202714770672     
  0.194455918095500     
  0.313529142511537     
  0.297879123664552     
 -0.236553558997839     
 -0.454103781500422     
  0.695905147702911     
 -0.595929342918866     
  0.208969698859709     
 -0.561518892344481     
 -0.220559421023105     
 -0.161023311956534     
 -2.443112413199832E-002
 -1.479813707630815E-002
  0.243765978440688     
 -0.415615979506379     
 -6.478961342425497E-002
 -0.480118691404015     
  0.235569134256362     
  5.120800347950148E-002
 -0.130288566915010     
  0.299020913186446     
  4.159819683291009E-002
 -0.542872919220512     
 -0.832343792530360     
 -2.399999371768067E-002
 -2.098155418949780E-003
  2.054692509027780E-002
 -6.156511945011384E-002
 -0.172179327431249     
  0.367581890465600     
  0.235139652784338     
 -0.588666235463838     
 -4.179273301024970E-003
  0.324935687740462     
  0.228109758624973     
  0.306952749333105     
  0.943067360251645     
 -0.340149820954225     
 -8.176562474510739E-002
  0.605414725107744     
 -0.933206367034389     
  0.207769018642271     
 -0.376347347677675     
  0.257088547320655     
 -0.326439212751235     
  6.154890489741163E-002
 -0.493186244168088     
  0.394239903994362     
  1.608501766292538E-002
 -0.566322406667373     
  0.212890403185135     
 -9.966179147987625E-002
 -0.176429190544252     
  0.317235567223522     
  1.726636302368536E-002
  0.608947896241438     
 -0.188018072867877     
  6.039190234871496E-002
 -0.172672257434937     
  0.424505770121588     
 -0.787407143897332     
  0.517484906353541     
 -9.897575942301945E-002
  0.690383450003084     
 -0.134214207265852     
  0.443404661180947     
 -0.509534567120381     
 -0.788880790700769     
  0.492186537244179     
 -0.390254866498431     
 -0.506052646183322     
  0.395434331535079     
  3.291908011522122E-002
  0.353591450609031     
  0.137504645591604     
 -0.266473877559313     
  0.916711238718457     
  0.488476391695499     
  0.500419088320499     
 -6.070028380508358E-002
 -0.302998396042396     
  0.264342883541807     
  7.952829731637857E-002
  0.350363037759992     
  0.368383828366533     
 -0.326890087124868     
 -0.556249631750348     
  0.479498160662736     
 -1.039791815314156E-002
 -9.067543033543998E-002
 -0.247067409984475     
 -0.418288069541945     
 -2.741529351240062E-002
 -2.184890768791637E-002
  0.669315071864712     
  0.385756922078560     
  0.109353686789879     
 -0.504407204329117     
 -0.405270718121370     
  0.678270380674767     
  0.633130348818009     
  0.359263198619338     
  0.399116782318085     
  1.755395509193214E-002
  0.142231738027082     
 -0.402612630877790     
 -0.182304940589203     
  4.332390844427197E-003
  0.292195990666372     
 -0.730601438546250     
 -0.451754422597400     
  0.323374768895085     
 -2.533257131247358E-002
  0.382072263450828     
 -0.173936852246797     
 -0.379385742725804     
 -8.852327199396537E-002
  0.137532387952695     
 -2.383842574909180E-002
 -0.375113926408024     
 -0.309180540476813     
  0.225497174713433     
  0.169279671675325     
  0.349377681551074     
  0.151057100256299     
 -8.813280487343518E-002
 -0.282905767576065     
  4.325716228374513E-002
 -1.539369614838624E-002
 -0.268081636567405     
  0.632266802767068     
  0.296990991742997     
  0.488615938168650     
 -0.178160473063506     
  6.381267696435734E-002
  0.527744968680493     
 -0.199630568985727     
  0.183361950056615     
 -6.363300027600298E-002
  0.574032688834788     
  0.202140234859767     
 -0.304305715118813     
  0.364762359128645     
  5.800640115323093E-002
 -7.038339205888672E-002
 -0.340006818424499     
  0.289739523135440     
 -0.139200799496203     
 -0.651348660082726     
  0.441740810452250     
 -0.647056861295827     
 -0.675424110089741     
  0.489736073830694     
 -0.318799526039390     
  0.330093868646185     
  0.495563095684032     
 -0.479746628866169     
  0.307002638455247     
  0.279507552325487     
 -7.427926566031043E-002
  0.168233627682729     
 -0.120984503943271     
 -0.213637480864061     
 -0.383509311949842     
  0.413523129266877     
 -0.215505883629731     
  7.798424412443739E-002
 -0.164238103602115     
  3.464814886295381E-002
  0.113256200283584     
  7.094120202428175E-002
 -0.578686894273349     
 -6.092360754658270E-002
 -6.545965448109906E-003
 -0.395030027736412     
  0.149366898115736     
 -2.126394598225543E-002
 -0.111016710715446     
  0.444607743909104     
  0.380184548116078     
 -0.605428647130102     
 -3.657070324225123E-002
 -0.301381724340863     
 -0.246581560529881     
  7.530754267200664E-002
 -0.256116078060968     
  0.215296537339535     
 -0.435658386957158     
 -0.189883956621162     
  0.767012238891342     
 -0.183448841861493     
 -5.060116305887193E-002
 -0.300888444219553     
 -0.191174424734555     
  0.189422241474170     
  0.199872328308795     
 -0.295343707760967     
 -0.186719438901436     
  0.387908180495284     
  0.170626586371545     
 -0.104150661004674     
 -0.436364957719876     
 -0.127607077909993     
  0.410359689565454     
 -0.211627336786457     
  4.551711613330056E-002
  0.544287463207141     
 -0.314655783344571     
  0.169442461541542     
 -6.272216356632347E-002
 -0.215136849618122     
  0.147756349695828     
  0.590398611839987     
  0.139278509538776     
  0.376181260267712     
 -0.202622414641270     
  0.260627682472295     
  0.341570623715445     
  0.257936427141920     
 -0.286045944430492     
  0.361322130377041     
 -0.393887408837715     
 -0.535380785655194     
 -0.184083594947728     
  5.239957377242160E-002
  0.190749644211442     
 -0.188411684436290     
 -9.498985158101172E-002
  0.583927458874607     
 -0.857623338841262     
   1.56446761869491     
 -0.181782309302084     
 -3.349969987293137E-002
  9.392023253292883E-002
  0.411793760091390     
  0.370074041739279     
 -7.547478537757779E-002
  0.226991296624510     
 -0.277353021378676     
 -0.142859036918483     
 -8.599402471015068E-002
 -8.630868100532720E-002
 -0.388944002853186     
  0.467830370677499     
 -0.602521879761762     
 -0.188356765851930     
  5.493141417581243E-002
  0.426445706389888     
 -0.278912475177742     
  0.177505223004586     
 -0.258896082320075     
 -0.104155577209744     
  0.430648150103485     
 -1.583230817306302E-002
  0.136830389530809     
 -6.226061360384205E-002
 -0.279228076115395     
  0.572839035140355     
 -0.789902778729369     
 -0.557199377986145     
  0.245979422076095     
 -0.536677740342350     
 -0.651425128272667     
  2.588138892401980E-002
  9.884747285977528E-002
 -0.119804459155762     
  5.845408544967069E-002
 -0.412965913783455     
 -0.175903591248069     
  0.123251188824298     
 -0.318423938967179     
  2.289972024725154E-002
 -0.228297085831480     
 -0.253759557363055     
 -0.520612943311166     
 -7.387403661738065E-002
  5.607007321348727E-002
 -6.712644227527563E-002
  0.351577461275496     
 -0.266063349593827     
 -0.300886915231542     
  0.395296101901249     
  0.275437926510839     
  0.378971009438255     
 -0.169851330243090     
 -0.119744594984596     
 -6.983817690455001E-002
  0.556993709220787     
  0.221904768478520     
 -0.140204532790952     
  0.181799510491920     
 -0.490515964823348     
  0.271304986138235     
 -0.128827382231013     
 -5.362317663273680E-002
 -0.745773402694358     
 -0.169671204286472     
 -1.839503787056530E-002
  0.257269284115315     
 -0.128636327050141     
  0.196135612257095     
 -0.283027586316148     
 -9.791311800075943E-003
  9.818645470259849E-002
  4.828022744389206E-002
  0.204197442410455     
  0.321307869061577     
 -9.564522158633326E-002
 -0.670074142979054     
  0.137156686920209     
 -0.433506733353059     
  0.319186603868696     
  6.035253959202538E-002
 -0.297149353757661     
  0.292622181587715     
 -0.450935344584051     
  0.282471919359528     
  0.116679052221492     
  1.367451852196522E-002
  0.223387055619867     
  5.793929576834681E-002
 -1.127998296509898E-002
 -0.553128789746927     
 -4.949052842948874E-002
 -0.176268456452942     
  1.252491953214263E-002
 -0.207850293280856     
  0.528853327962886     
  2.582692766668509E-002
 -0.138383571055532     
  0.771135597733869     
 -0.385783179139826     
  0.165179631079727     
  0.510557366062383     
 -0.311312766353754     
  2.942320080604989E-002
  1.617088584662056E-002
  0.137124004008843     
 -2.973686743211172E-002
  0.504168232247838     
 -0.196038187684177     
  0.105157494997164     
 -3.656751941994019E-003
  0.130602368047955     
 -0.515336015864921     
 -1.949859390244609E-002
 -1.112645668587903E-002
 -4.957735697554969E-002
 -0.350617126583793     
 -0.348279555468379     
 -5.422743887939564E-002
 -0.413427001426530     
  0.340128430075975     
 -0.166504268031507     
  3.640052453495508E-002
  0.152391775686056     
 -6.093063884552908E-002
  0.425996075710633     
 -0.463887973681838     
 -0.531158514261240     
  0.460953579405952     
 -0.516131781835853     
 -0.277199145173965     
  0.121134012727651     
 -0.416530181017368     
  0.155079812433235     
  0.516735515593412     
 -0.486331549479053     
 -6.772266287772610E-002
 -0.122812687751455     
 -0.189023189962166     
 -0.694994117649989     
  0.523784937197803     
 -0.671711189690095     
  0.466442025266173     
 -0.242540299316603     
  0.504763695822573     
 -0.292146229379250     
 -0.173055761456879     
  9.902430726204807E-002
  0.146928395264648     
  7.270029399015909E-002
  4.271911370374722E-003
  0.355072364786054     
  9.692357899283423E-002
  0.454227093105383     
  0.714065800343110     
 -0.154409531180241     
 -0.605702578234811     
  0.233224512751944     
  9.979028902892441E-002
  0.538026791630854     
 -0.355150209185639     
  0.868256710753257     
  0.390240140234875     
  0.479702443237003     
  0.335952173539093     
 -0.249588385037372     
 -0.123530029983364     
  0.260091876801473     
 -0.499903592319899     
 -0.409527236931578     
  0.673042207019922     
 -0.489984427002528     
  0.350983779824742     
  8.903713777695230E-002
  2.513251950455664E-002
 -0.368468783022407     
 -0.222718089080310     
 -0.396264373228502     
 -0.953773117058586     
 -0.478471793723238     
 -2.996205138783658E-002
 -0.331207389632418     
  0.268737057461012     
  0.325033767359027     
 -0.528259844235559     
  0.895101156175873     
  0.118303650693083     
 -0.305467863965870     
 -4.598730671614886E-002
  4.765252706064328E-002
  8.778608799847150E-002
 -0.125489646592187     
 -6.321180865836272E-002
  5.502242473055779E-002
 -4.050529545697801E-002
  7.146122114491647E-002
 -2.333646321178012E-002
  2.150602126488978E-002
 -1.773936903830381E-002
  0.267919324354211     
 -0.370589551991239     
 -0.197983380287392     
  0.497936245267546     
 -5.319855502435025E-002
  0.139859180328355     
 -0.154453501789795     
 -1.068226349752496E-002
 -1.348817493355348E-003
  1.048928498595798E-002
  7.253978503909611E-002
  3.298730110988825E-002
 -1.597676853808889E-003
  5.952028818098997E-002
 -2.334170993174803E-002
  2.993092966333422E-002
 -0.730992422575800     
  0.552394106288054     
 -0.590163269007299     
  0.287371558986528     
 -3.822939087910996E-003
  1.224106425896464E-002
 -6.713196029940087E-002
  9.594129935103086E-002
  5.755803980128590E-002
  7.246391060371465E-002
 -3.714762270065508E-002
  8.699765329721020E-003
 -5.346329586467793E-002
 -6.732355469596847E-004
  5.687073349780014E-003
  2.281946746640359E-002
  6.028700479273753E-002
  2.680905562517678E-002
  8.732522626003424E-002
  0.485439414455400     
 -0.648550347480006     
  0.323582977349191     
  0.114859939034044     
 -0.566229146499121     
   1.10178609704431     
  0.423793331312122     
 -0.437741857145715     
 -0.469139457340692     
  0.200406571465258     
 -0.628369974346058     
  4.031606261635067E-002
  0.167592124330772     
  0.164121058498434     
  4.111235084360910E-002
  7.860114234435936E-002
 -0.468666574206375     
 -0.159667030580372     
 -0.139536088096915     
  0.525558381983462     
 -0.406407877238922     
 -0.377894990135966     
 -0.126442032503262     
 -0.537699717157196     
 -0.434478973017820     
  0.346893860574923     
  0.531399695467580     
  0.525337387173282     
 -0.869746949597816     
  6.647399534589329E-002
 -0.134868803312833     
  0.520565815794780     
 -0.262549991799400     
  0.193390850448280     
  0.399166403347107     
 -0.100083408579758     
 -0.181520521738777     
 -0.623964383990061     
 -0.346485707760196     
  0.541345553723354     
  0.200570669024243     
 -0.295989113851155     
  0.277426446515333     
 -0.305445355042390     
  0.521641424503881     
 -0.440202324140558     
  0.241031409778589     
 -0.500133155496756     
  5.418497368825487E-002
  1.120953070886803E-002
 -8.900809502739351E-002
 -0.254696071186878     
  0.307677361751952     
  0.202340168700916     
 -0.192430176554325     
  6.731946074239201E-002
 -6.423629818784955E-002
 -0.320378695024131     
 -0.189056105479282     
 -7.476686489791808E-002
 -3.217922750838602E-003
  0.269170783830369     
  0.153581724734827     
 -9.006541468664601E-002
 -0.326923612373647     
 -3.193212424779963E-002
  0.340158576486400     
  2.922798627730950E-002
 -0.132511442513006     
  6.876120885216146E-002
  0.224353300292262     
 -7.314989601554136E-003
 -0.301097783545818     
  7.728776541359818E-002
  0.487131902543614     
 -3.301728286197834E-002
 -0.220203610700832     
  0.217679787408452     
 -0.169370697735002     
  0.363529236875188     
  2.696400964758246E-002
 -0.121106322918834     
  3.083666636963411E-002
 -6.002299161296966E-002
  7.363049184738264E-002
 -0.328001219089581     
  0.425477427559221     
 -6.178155554670816E-002
  0.274246896734874     
  0.178502789960206     
 -0.127516351837583     
  7.129746138038787E-002
  0.272744512829863     
 -0.155004994225174     
  0.147647095919774     
  1.450871470077682E-003
  0.165658079580678     
  9.600397903673187E-002
 -0.278399945859986     
  0.155830126416505     
 -0.435685123392511     
  0.119692976304473     
  0.368289001018746     
  7.487604857322908E-002
  0.433308569754024     
  0.161867743207806     
  0.383153617794499     
 -0.320234306217685     
 -0.649188543233391     
 -4.168076481493187E-002
 -0.118859323661807     
  0.237524439487020     
 -0.282857932940354     
 -0.395986702873094     
 -0.248694171222629     
  0.267147185572885     
 -0.310679496237160     
 -0.354794840462297     
  9.935160329166101E-002
  0.492045803876632     
 -0.861879312297593     
 -0.827601137358698     
 -0.257474045576967     
  0.304901703713535     
 -0.290595109800973     
  0.205045763041149     
 -0.317277895255043     
  0.225343956115940     
 -0.168387308783954     
  0.422901787203660     
  3.005809898242972E-002
  0.171658042598821     
 -0.133389970728914     
 -3.208351108617793E-002
 -0.273582540193221     
  0.180363574236056     
 -0.104615128215765     
  0.572358269094508     
 -0.409360249613315     
  0.409732401781771     
  0.445752654752856     
 -0.316614686825523     
  4.979166695330872E-002
 -6.139481922228723E-003
 -3.117730734311506E-002
  0.425368181374056     
  0.357839407672078     
  0.731279235130193     
 -0.151761818435837     
  -1.10123183665054     
 -0.510538733226325     
 -0.163147900467029     
  0.774091316999260     
 -0.457519200158475     
  1.555684261188105E-002
 -0.146811491785673     
 -0.484991099896356     
 -8.915644736524872E-002
 -8.043096638886590E-002
  0.377544743050663     
 -0.683282986352881     
 -0.722394637453970     
  8.378526390635131E-002
  0.195490954411619     
 -0.398407433964475     
  0.255165388403805     
 -0.247807259277485     
  5.559549296255767E-002
  0.537427186173357     
  0.333143129791618     
  0.242904683770288     
  0.592362506294724     
  0.354078161683306     
 -0.165320602870779     
 -0.394359015860856     
 -1.569590815925963E-002
  6.822161110153241E-002
 -0.345257732279808     
  -1.00502939182384     
 -0.182647090386940     
  0.366215192668852     
   1.09979029079817     
 -0.580104707942388     
  0.167696954075079     
 -0.610628538855182     
 -0.338322017728448     
 -9.530998353722382E-002
  4.117644013804279E-002
  0.351900302935678     
  2.555464555351483E-002
  0.243163046317972     
  0.342449723006563     
  0.820015658809648     
  8.601914721080463E-002
   1.30554908153149     
 -0.829213066020646     
 -4.110024207999806E-002
  0.133602600745268     
  0.175011380302385     
   1.13169678675612     
 -0.336910320144984     
 -0.633479721885060     
  0.478252209430560     
 -1.775443818657724E-002
   1.02237160410514     
 -0.155160628102132     
  3.265316922815663E-002
  -1.22613695197532     
  0.406693376342246     
  0.376077836584693     
  0.398699817623893     
 -0.264733375602277     
  9.532363259739554E-002
 -0.222347116974233     
 -0.149097439931910     
  0.148235701475433     
  0.557271850482283     
 -0.529419419763266     
 -2.763844798037646E-002
  0.626913446005990     
  3.930618630853958E-002
  0.277898965282340     
  0.643280449351542     
  0.526005927970671     
 -0.592484606438928     
 -0.647944423062413     
  0.236956554638940     
  0.461943888652414     
  0.885484258737648     
  9.868989891832984E-003
  7.780541266413295E-002
 -0.199444518858387     
 -0.307008613888766     
  0.125567842647169     
  0.278867431181130     
  -1.04123773415565     
  5.477794511433883E-002
  0.113454525818043     
 -0.279008582678581     
 -0.151724672227169     
  0.282441206681866     
  0.103345552789774     
  0.473030771208205     
 -0.188729279159751     
 -3.805741671207300E-002
 -0.148479576345046     
  0.532534603388121     
  0.357395749072345     
 -0.418300316979715     
  0.244537995112334     
  0.256455075057165     
 -0.392816618710323     
 -3.296136620752870E-003
  0.391202363914679     
  8.790424852977599E-002
 -0.283617596339842     
  0.392061806971821     
 -0.303368527971322     
 -0.339298030096794     
  0.452477843385604     
 -8.847828206850702E-003
  0.446564753364445     
 -0.549320969715545     
  0.179536718178038     
  0.393191896223074     
  0.211776000546941     
 -0.190504688722556     
  0.534284364719310     
  5.310898403645879E-002
 -0.280289947170428     
  0.273283888003458     
 -0.215542474747223     
  0.172194994763187     
 -0.313292583464104     
 -4.768484810400086E-002
  9.644362057253103E-002
 -0.499733625123163     
 -0.338298666017784     
 -0.184033047797037     
  8.663708070136411E-002
 -0.362945700003725     
 -0.209382716735800     
 -4.757095586599537E-002
  0.129739488280649     
  0.458261504118090     
 -4.027590353974429E-002
 -0.228302479435655     
 -0.490688382582773     
  0.382470991597320     
  0.202236374935941     
 -0.920077649389644     
 -0.120215150031116     
 -7.003074061032054E-002
 -0.553585663911580     
 -9.404202770977749E-002
 -0.107941951675129     
 -8.665120811039144E-002
  5.547056755933479E-002
 -0.314254485574442     
  0.655763937916493     
 -9.547618596599716E-002
  0.211206547318580     
  4.930109558373253E-002
  8.916180677940304E-002
  0.126973158171228     
  6.741011555101979E-002
  0.184089265425460     
 -0.172401468626982     
  0.244693737153062     
  0.214338152176154     
 -0.226718084769831     
 -0.129666853839139     
  0.107803052808480     
 -0.356024379436470     
  0.272197269609177     
 -0.133505003531448     
  0.100534034713072     
  0.136709556080859     
 -8.020860334350122E-002
 -0.237044986985949     
  8.438379375909298E-002
  0.512008925109802     
 -5.243755730865407E-002
  0.412740818260535     
  3.112711649692887E-002
  0.108388921827465     
  0.581734465241120     
 -0.194160842518525     
  0.227549270217801     
 -0.137873015289989     
  6.468895574170198E-002
 -0.333812934668458     
 -1.990541102928896E-002
  0.176035933807563     
  0.273766798586592     
 -0.107719003950719     
 -0.205661307556078     
  0.306295971777646     
 -8.902622583085505E-002
 -0.151983673452722     
 -0.526164024865258     
  -1.16590248408470     
  0.798764411570650     
 -0.200665925844929     
 -0.427186841676095     
  0.725489876701809     
  -1.12675647143291     
  0.503739997058797     
  0.126816461397685     
 -0.396757490804796     
  8.031196798135007E-002
 -0.488840427082906     
 -0.469267664505377     
  0.789512788439134     
  0.487961922176789     
 -0.245670006778307     
  0.402733415712886     
 -0.748433018811730     
  -1.03258829116078     
 -0.116310726858391     
  0.551336858972517     
 -0.427288785145851     
  0.821282054764551     
 -0.860332286564424     
  0.262880419904599     
 -1.779740771778764E-002
  0.564468185795861     
 -3.235416065625571E-002
  5.639876789206019E-002
 -9.514656356263008E-002
 -0.297527397567561     
  0.531859312844421     
 -0.405144516477408     
  0.529707141039173     
  0.127705518415067     
 -0.303835035394583     
 -4.611137248759581E-003
 -0.227178612953554     
  0.327679126953372     
 -0.122788769299179     
 -8.120169731518317E-002
  0.217088412465363     
 -1.028776569843600E-002
 -0.394186298805150     
  1.058036417435431E-002
 -0.787305385746403     
  0.549771954496744     
  0.330804269350918     
 -0.144050193127171     
  0.671380413673557     
  0.267147393401253     
 -0.487854555285138     
 -0.523175604994337     
  0.107771325957205     
 -0.529978647945553     
  -1.04116796837736     
 -0.175525002011500     
  3.895190468560010E-002
 -5.755624732055402E-002
  0.302093086922110     
 -5.336649068802972E-002
  0.395713237224616     
  0.855141283286604     
  0.391432973288167     
  0.260283259860914     
  9.459651913266112E-002
  0.412693881471022     
 -0.161845381660479     
  0.114603626368059     
  0.339400910508180     
 -0.119868562029092     
 -0.732296355917258     
 -0.150512686159918     
 -0.115833469068610     
 -8.420516891833324E-002
  0.129987794958386     
 -8.845415892380086E-002
 -0.114311753991997     
 -0.222089118983599     
 -0.629287094987894     
 -0.507855930515549     
  0.181138593720937     
 -0.458823702827431     
  0.248977326228753     
  0.407329204137683     
  0.316068084192126     
  0.609100967125970     
  0.856099735745362     
  0.100204832799132     
 -0.122958450623967     
  0.438584013868215     
  0.362898381435699     
 -0.731550738860126     
  9.366175181286597E-002
 -0.528379936048328     
  0.265060845691488     
 -0.329274851233570     
  0.131941527198136     
 -0.120457144903042     
  0.413395598923688     
 -0.358114459138663     
  0.535517121957967     
 -0.340801418533229     
 -0.546806896817169     
  0.479916581720065     
 -0.414775012638611     
  0.247297612269571     
 -0.160990800989705     
  0.135458393985492     
 -0.332369747382176     
 -2.339230207336816E-002
  0.348835055217218     
  0.689587893832674     
  0.650149453830968     
  0.128687775719835     
 -0.274634814419874     
 -0.693768434646583     
 -3.399793654502972E-002
 -0.290892315469995     
  0.552452179287933     
 -0.730121952984285     
  6.755217140056280E-002
  0.166105496841828     
  0.230465027571682     
 -0.128485475958302     
  0.591500178703845     
 -0.157458812364983     
 -0.146254014217634     
 -0.445323448602390     
 -2.323865281122771E-003
 -0.314765575115160     
  0.426824478695693     
  0.225780353424767     
 -0.112635074469331     
  0.506115101908752     
  0.266573706211700     
 -0.107055937987331     
 -2.649212551139446E-002
 -0.353819616914559     
  0.279308327232757     
  0.376817013576556     
  0.359245466792834     
  8.235305043679621E-002
 -0.582855401226214     
 -0.522765647686897     
 -0.499525901552157     
  0.407102280360786     
 -0.365426039718546     
 -0.335062390383078     
  0.860346763008608     
  0.198217195858032     
  0.388314087381588     
  0.272308475307203     
  0.229988395514396     
  0.188631906639347     
 -0.704256412858004     
  0.932237919429906     
  0.317636019703632     
  3.151956665366346E-002
  0.471515716158945     
  0.192611737145177     
 -0.519404618754018     
  0.736428366158863     
  0.456073425376885     
  0.261817421380031     
  0.278452646135274     
 -0.882646555581578     
  0.151861894371138     
 -0.427342350926687     
  4.898064354219948E-002
  0.472553944250515     
 -0.345899152475669     
 -0.317640385991143     
 -3.446240270599672E-002
  7.205779847919676E-002
  0.532232293939462     
  0.405672202128148     
  8.359366991285211E-002
 -8.735709330476998E-002
 -0.222962146074946     
 -2.498320237934389E-002
 -0.514227377352929     
  0.157772914802272     
 -0.321324430400535     
 -0.148414608643425     
 -0.322951399889501     
  0.630700493524011     
 -0.258482722848250     
 -0.714437082468611     
  0.168717070404646     
 -0.484839120423710     
 -0.431295843389511     
  0.355410951699828     
 -0.400328541445367     
 -7.704334563621661E-002
  0.890789199992959     
  0.413938222256050     
  0.339532548433753     
  0.361890025667738     
  0.193847921524368     
  0.181081124227567     
 -0.291546891172569     
 -0.243910596962289     
  0.139731944654655     
 -0.181274675461837     
  0.420111408836439     
  0.382994168520300     
  -1.11914611593952     
  0.631097460147336     
 -9.368235934900605E-002
 -0.152390742428981     
  0.508126731605908     
  0.559263937079410     
 -0.200048246575172     
 -0.490709486041815     
  0.164208008159729     
 -0.310352553022435     
  4.042929690580494E-002
  0.103005499319277     
 -5.915863053792474E-002
  0.284564210538101     
  0.539497223926831     
  0.479579096384105     
  0.567228956768734     
  0.362611271823388     
 -2.111289686099335E-002
  0.597479392523255     
 -0.832685511372012     
 -0.618714049559786     
 -6.190255333790803E-002
  3.543932028246629E-002
 -0.392120831324319     
 -3.335336458706221E-002
  0.205161082488196     
  0.462945153342599     
  0.130536286058086     
 -0.367842037986787     
 -0.210404019314982     
  9.420837217601749E-002
 -0.388336590459645     
  0.227702034312543     
 -0.238091343667229     
 -0.121547239195030     
  0.141118670991570     
  3.541454656311152E-002
 -0.320658632647350     
  0.225568851863760     
 -0.174284110616416     
  0.210089377206782     
  0.427158450411974     
  0.101645701785076     
 -0.988583330938379     
  0.670201564994298     
 -0.321435483060286     
 -3.677684013701910E-002
  2.975390596748437E-002
  9.861076496989894E-002
  0.125204827464426     
 -0.249721632744248     
  6.051758166563533E-002
 -5.581862532968989E-002
  0.150440892705810     
 -8.840588771774592E-002
  8.539564622879683E-002
  0.280414683857124     
  3.747022201785351E-002
  0.546994740560500     
   1.34952038223570     
 -0.693803208988229     
  0.346296530625169     
 -2.623602535609680E-002
  0.203461540913367     
 -3.894113522970192E-002
  0.163132029558115     
  5.092633458247894E-002
  8.341039262404121E-002
 -0.171747872567374     
  0.331639509680346     
 -0.208725252510075     
 -4.004694656794212E-003
 -0.439861433103814     
  1.573076264391485E-002
  1.572031094366501E-002
 -0.315337299348767     
 -0.100493660229307     
  0.338293523526231     
  0.138712738938369     
 -0.261844413505745     
  6.782237979655424E-002
 -0.124696601941488     
 -0.462277154914008     
  0.155632237668012     
  7.584590544875400E-002
  0.133178097903100     
  0.175956238267997     
  1.967207733019442E-003
 -0.114225581264448     
 -7.402544028108896E-002
 -0.132892237992539     
  1.350847321889461E-002
 -6.203421117798334E-002
 -0.187746895825126     
 -0.293436674015400     
 -0.189157138461585     
 -5.480822770845041E-002
 -0.482468902847241     
 -8.990592323852728E-002
 -0.310330891674354     
  0.155721329385534     
 -7.238891622281468E-002
 -0.106696627296584     
  0.215209791283345     
  0.202662068951916     
  0.242278483163799     
  2.026191978575682E-002
 -0.161449058007248     
  1.897079470165780E-002
  9.144506625573111E-002
  9.080121990728635E-002
  9.327189940584174E-002
 -4.301767879106194E-002
  0.660754561255385     
 -2.117832559572461E-002
 -3.370894644190536E-002
 -9.127271874086695E-002
 -6.571671501432290E-002
 -8.318518213996169E-004
  2.207561652290996E-002
  0.110975644131490     
  0.581725135176931     
 -0.233500422355695     
 -0.264781695308701     
  5.758465985966542E-002
  0.335731107395113     
 -0.296958518182012     
 -0.162592836224279     
 -0.136113416850285     
 -0.291059480084602     
  7.171955222438474E-002
 -0.481210569325221     
 -0.383569891795345     
 -0.303374499891646     
 -8.045047203599624E-002
 -0.700933128326765     
 -0.142908779410897     
 -0.152811279736739     
 -2.036252748716260E-002
  5.858361822621973E-002
  9.383775509521254E-002
  0.359553780177597     
  0.225893875183195     
   1.06909050965668     
  -1.09146161811182     
 -0.330892822490264     
  0.226330811563477     
 -0.295986542295931     
 -0.207663338531238     
 -0.359111746910207     
  0.116011161320808     
 -0.862978454970224     
 -0.217736892493465     
 -0.442692851841503     
  0.334010148500308     
 -0.515105418916476     
  9.383842019823115E-002
  1.669696602825789E-004
 -9.748027129764930E-002
  0.139701667997544     
  0.407645884869425     
  0.237794342153263     
 -0.239333370052887     
  0.430410419669417     
 -0.157239738793841     
  0.741668469072288     
 -0.295332891512723     
  0.546532284508230     
  0.222512665672759     
 
 -0.514804373866747     
 -0.630882987089017     
  0.814540523987941     
  0.220232308133633     
 -0.102356340938373     
 -8.834160891332840E-002
 -0.110946090092476     
  0.805417715230698     
 -8.394216311225311E-002
  7.544500080884592E-002
  0.234139731038034     
 -0.419998147266960     
  0.275387419302106     
  0.692518129171132     
 -0.796909247098874     
  0.392217843271378     
  0.609194008561987     
 -0.407519810706829     
 -0.203949171318006     
  -1.80653284112307     
 -0.227049126182127     
  0.432779795738204     
  0.783913077400048     
 -0.653438319680743     
  6.847099070537991E-003
  0.994122154390732     
 -0.150595580096808     
  0.579394695501127     
 -1.537226944520913E-002
  0.572833501794968     
 
 -8.030789277554613E-003
  0.108126359311102     
 -0.820001653567036     
 -0.238064058976228     
 -0.115465524295977     
 -0.212250847847192     
 -0.319505938238556     
 -0.111094198490041     
  8.825884834273395E-002
 -8.769197256646258E-002
  8.097398052461897E-002
  0.593087856476354     
  0.231379840362949     
  0.335119721712476     
  0.214445054016711     
  0.169469874025372     
  0.178777216188480     
  0.233050800958537     
  0.305064736258864     
 -0.195436412176670     
  0.443058116554752     
 -0.319857337843773     
 -0.101461969033221     
 -0.301229844178725     
  0.537076518179688     
 -0.280938789115542     
  0.209434057633735     
  1.037718024172120E-002
 -4.782372382231802E-002
 -0.202996914081953     
  -1.03854988241453     
 -0.261224465762561     
 -0.482232579959186     
  -1.08525530194650     
  0.450042531187943     
  0.152530530085884     
 -7.444907940591247E-002
  0.100379953073698     
  3.881269226357328E-002
 -0.306924996732385     
 -0.850394015908853     
  0.225860155205539     
 -0.291726063818185     
 -1.108174344233828E-002
  0.113872911733874     
  6.216846721347567E-002
  0.305454009559309     
   1.40348295245057     
 -0.399552119980817     
  0.245421860390542     
 -0.257297886558857     
  0.239674469342969     
 -2.664933844288603E-002
  0.525388274758078     
  0.280907865989824     
  0.115891312720232     
 -0.771294329551838     
 -0.293739867386177     
 -0.206715094908025     
  -1.64776694872208     
  0.131216593148818     
  0.283481076555942     
  0.314911195320528     
 -2.986646137751208E-002
  0.524928414901429     
 -0.141742137596805     
 -0.567141765511671     
  0.320228778242653     
 -5.091570764461083E-002
 -0.253006361644609     
  0.317467298168835     
 -0.764016126448354     
  0.237716636978965     
 -0.176722742595318     
  0.245027133314352     
  0.165416063508467     
  0.455706060941022     
  0.192070641640230     
  8.114581051196923E-002
 -6.535899350852217E-002
  0.316383947941415     
  0.516169705075408     
  0.172964406755102     
  0.621804918610687     
  0.144067077147360     
 -1.320718021194350E-002
  5.234156382785229E-002
 -0.163810891208090     
  6.194943028603990E-002
 -0.289179486887011     
  0.331563003378848     
 -0.526518809041257     
  0.460617176104105     
  0.362952341196505     
 -0.243758241251852     
 -9.095916247473202E-003
  0.110267646624883     
  0.219058952932332     
  0.327712343084580     
 -0.169168400496572     
  0.282069203983548     
 -9.416405323353996E-002
 -0.250183761014858     
 -0.521950558664355     
 -0.324877274344985     
  8.193973588779899E-002
 -0.337525493884840     
 -0.177945717472065     
  0.873375803012069     
 -8.968569771982794E-002
 -1.850703074598693E-003
 -5.087007981701489E-002
  0.335360541942985     
  0.402790919237030     
 -0.731012437319203     
  0.175250300361756     
  0.247811274994884     
 -0.579372444185055     
 -0.490248661111608     
 -0.182523382950145     
  0.161668849088060     
 -0.189763194105152     
 -0.461091046205925     
 -5.423778429180897E-002
 -1.624172789392115E-002
 -0.112788321214924     
  0.225956708733304     
 -0.206212759598921     
  0.659357911304931     
 -0.360728209040823     
 -5.402643449831016E-002
  0.237122376657677     
  0.272188182810441     
  0.740988663104132     
  0.246811854356179     
  0.203077996899191     
 -8.891733775869830E-002
  2.837751495852975E-002
  0.148478554082806     
 -0.292609625278600     
  0.331433081298793     
   1.14466635751457     
 -0.234938137926284     
  0.260695873229873     
  0.364558805372831     
 -0.261403140144222     
  0.171189257901233     
  0.576785198759627     
 -0.280200377253994     
 -0.103870907413524     
 -0.245611750883803     
  0.773524073835274     
  0.969585302268360     
 -0.266752449206528     
 -0.874571360213963     
  0.164975649857094     
  0.443264620200637     
 -0.191277249823566     
  0.519071733058897     
 -0.356021144700627     
 -0.339094190939029     
   1.01205937841435     
  0.345589926170906     
  2.490651882631982E-002
  0.384649497527378     
 -0.490341385509778     
 -0.180601484664564     
 -0.437043426633996     
 -0.432895635512811     
 -0.284231884858048     
  -1.03133439891857     
   1.77008760168945     
 -0.952671866939317     
  0.312203867921957     
  0.690232198326135     
  0.612341607687291     
  -1.20169178853654     
 -0.651929778550337     
  0.157227814108846     
 -0.288088202692120     
  0.232143148935836     
  0.423046131442867     
  0.370367765126995     
 -0.613001349165954     
  4.360282965480951E-002
 -0.122649898641432     
 -0.284163246237101     
  0.268749410604551     
 -0.465889026829490     
  0.192486552502469     
  0.626725554917434     
 -7.773588404481081E-002
  0.169159299443829     
 -0.378699228453752     
  -1.28737588661986     
  0.217454773022879     
  0.597773341786869     
  0.196544101823395     
 -0.187559218319075     
 -0.310578809958371     
 -0.503276984128985     
  0.297920019513363     
  0.740404911643962     
 -5.825647676442181E-002
  0.252117006105608     
  0.372094203960864     
 -0.638981333569267     
 -0.102151545110396     
   1.25696155299779     
  0.178152665968445     
  0.488881320585287     
 -1.337715671450126E-002
  0.283150505418763     
  5.274166954200133E-002
 -0.300094776822719     
 -0.225930299681744     
  0.445818180347359     
 -0.100743294540196     
 -0.188123746593879     
 -0.272352169858070     
  0.130140030891698     
 -8.521768592421318E-002
  3.492750456186863E-002
  0.186755481793024     
 -9.761018225410298E-002
 -0.414036141358884     
 -0.258955399162401     
 -0.771901665587376     
 -2.926882359968812E-002
 -0.126984211722025     
  0.321332038654619     
 -0.234467837393291     
 -0.208036669814112     
 -0.582612501520421     
 -8.763069818966378E-002
  0.189402801906101     
 -8.893815346777410E-002
  0.633751405633088     
 -0.402247010492968     
  0.358953810991249     
  0.228143620274579     
 -0.474304513894433     
 -0.223771225288222     
 -0.102547030192742     
 -0.396342229903308     
 -0.336600972963360     
   1.14253995857691     
 -0.418601131971660     
  -1.52676016683924     
  0.120177321723260     
 -0.628300496152173     
 -0.133241500755629     
 -0.474729077507003     
 -0.872153244768698     
 -0.941106830898016     
 -0.675373509849637     
 -0.349173817189347     
  -1.06743312653168     
  0.441903032505931     
 -0.342582444443477     
  0.637030229052227     
 -0.549839374317221     
 -0.686757413040172     
  0.285753920473327     
 -0.207245497913138     
 -4.706740811250448E-003
   1.09423334942083     
 -5.484287227354503E-002
  0.382374742925032     
   1.07728048094139     
  0.441239520079026     
 -0.464169046603594     
 -2.903756795805370E-002
 -0.632835111565503     
 -0.437419066521121     
 -8.037258692486386E-002
  2.208990273429383E-003
  0.119404509866244     
 -5.120745705364110E-002
  0.390809359736948     
  0.542526800571700     
  0.259013552223038     
  0.387797988510656     
  0.352206382250916     
  0.675932634918418     
 -0.169327610700438     
  0.938480890852108     
 -0.343152940472233     
  0.484967605500987     
 -0.421803539075891     
  0.290022146278882     
  -1.44784592235799     
  0.580852113645783     
 -0.157658354599590     
 -0.292344387779586     
  0.108402419859318     
  0.400955480429212     
  0.572601424850218     
  4.572940385697177E-002
  0.292201244219082     
 -2.687151493227353E-002
  0.732149643675430     
 -0.430356025251116     
  0.479396630545676     
 -6.038525576469841E-002
 -0.276222279201662     
 -0.299587233330825     
 -0.254347794896214     
  0.849830174651511     
 -0.382564294865026     
 -0.112032550794704     
 -0.202114581016435     
  9.048146324344692E-003
 -0.406329572492042     
  0.131999824216152     
  0.166817865933514     
 -7.191655490777549E-002
 -0.838129165957497     
 -7.221961284169022E-003
  7.354274683422543E-002
  0.316860667157525     
 -7.432582935937573E-002
  7.830518423233172E-002
 -0.444226555218995     
   1.09815301004848     
 -0.345053982945525     
  0.365262421358675     
 -0.269040835320230     
  0.361382241549036     
  0.208439579648713     
  0.671763622977588     
 -0.405887651908258     
 -0.366734973162014     
  0.259433282528045     
 -0.371562908798291     
 -0.879000240343331     
   1.07800296894756     
  0.402645637775603     
  0.401520858512381     
  0.489882026557800     
  0.571364914136650     
 -0.812289001430460     
  0.474325596185400     
  0.321020570242819     
  0.600372593391478     
  9.980380442849916E-002
  0.179709393104636     
 -0.498359640116781     
  0.356789088688854     
 -1.720180821856859E-002
  0.785404968047134     
 -0.616670774466581     
 -0.195768143211417     
 -0.151706982550472     
 -0.313821674700131     
 -0.538186247462852     
  0.724232130948207     
 -0.319210444777713     
  0.752622913351510     
   1.18319658641982     
  0.528517990903371     
  4.337115445630253E-002
  0.120341920849449     
  5.407701240324941E-002
 -0.798189267919321     
 -6.723559818883335E-002
  0.315788882655271     
  0.330273543086856     
 -7.560652105211817E-002
 -0.511811209401451     
 -0.254849562174105     
  -1.05519569954694     
  0.470313037413496     
 -0.130055369231878     
  0.254032066833914     
  0.122683079185730     
   1.14583330624840     
  0.653453805968170     
 -6.590688094760355E-002
  -1.65173198390814     
  0.817261974038073     
  6.586896495655284E-002
  0.688641754463570     
  0.216002614417818     
   1.15100808732469     
  0.808898517485073     
 -0.693107539365277     
 -0.117386212047538     
 -0.785952861402914     
 -0.431282140772086     
 -0.351893891988852     
  0.510441208528181     
 -5.386370268704396E-002
  0.339209054784502     
 -0.812121574924391     
  9.353135862007073E-002
  0.957164619192170     
 -0.610312693079734     
  0.135184647819414     
  0.512762194004542     
 -0.797592219642304     
   1.43675925486571     
 -0.147883641321805     
  0.546628886063706     
  0.708696516371218     
  0.346188083129739     
  0.499232805024449     
  0.352013334930274     
 -0.185302899862827     
 -0.357483082283330     
 -0.358541657090996     
  3.283870540967564E-002
 -0.409508138618190     
  0.763665329905381     
 -0.175013863675402     
 -0.529151336800151     
 -0.958226281318212     
 -0.688051356884044     
 -0.528440589728791     
 -0.378720972274526     
  -1.08396726724778     
 -0.245618490673280     
  -1.16946508494826     
  0.477326098320102     
  0.181511750067213     
 -0.522162435881986     
  -2.18331569525608     
  -1.28197670060546     
  -1.73862274534606     
   1.21092874392569     
  4.669734647016306E-002
 -0.116228579386034     
 -9.261006452004814E-002
   1.02381122755949     
  0.500665440573654     
 -0.429699254598279     
 -0.440931916878865     
  -1.04163760904975     
  2.043891807920020E-002
  -2.50868120850075     
   1.32983205491725     
  0.605213496276459     
 -0.442046972219335     
 -0.178759140206934     
  -2.14120613150408     
  -3.78701115805534     
  0.831912755517366     
 -0.502665436505199     
 -0.286672765404733     
   1.42779028824684     
  0.123986404427087     
  0.746748164860528     
 -0.665544317276679     
  0.497537038567047     
 -0.549490648305167     
 -2.363322790745707E-002
  0.242640986112234     
 -0.548217583249068     
  -1.15507610143368     
  0.634525983710793     
  0.198255243252799     
  0.234288737216927     
 -0.181926666803603     
 -0.397297166388477     
 -0.578666395064696     
 -0.348866574210971     
  0.683816959684367     
  0.365069251137446     
  0.255069240409517     
  1.621148168877526E-002
  0.517828202862535     
 -0.376273998292816     
  0.704397459572986     
 -0.209006256550634     
  0.383104293573393     
  0.512080274648183     
  9.934428884039664E-002
 -0.339065706564339     
 -0.232905053369757     
 -0.192233465877183     
 -0.227064146278319     
  0.776806986894740     
  0.292083482236914     
  5.474522521189826E-002
  3.505775612108686E-002
  0.190422811580389     
  1.222976751529741E-002
  0.169257255047709     
  0.159318819154438     
 -0.519191000554306     
 -2.263939201758532E-002
 -4.920951467658313E-002
 -0.183024878670410     
  0.909309326347722     
  0.107234472672756     
  0.249026291609603     
 -0.210133631266005     
 -0.273401188430847     
 -0.483318794951938     
  7.652218549084776E-002
 -0.447684879676272     
 -0.620499080552091     
 -0.375908719646679     
 -0.856702946750076     
 -6.005042765650542E-002
 -4.096251659624146E-002
 -0.611158711634924     
  0.202002362879931     
  0.141469433913557     
  9.014241760742979E-002
 -0.190249333228589     
 -0.175312195156924     
  9.812393242831911E-002
 -0.203065395271880     
 -0.271454609229053     
  0.233609919549646     
  0.106325680710452     
  0.161022808301747     
  0.262628544447203     
  0.118603889361350     
 -0.135389054917381     
  0.122738636757726     
  0.153278793804914     
  0.479563775984142     
   1.04494118079927     
 -0.200121102236742     
 -0.191590664329686     
 -9.273654440665637E-002
 -0.149811550363989     
  0.136881517422594     
 -0.331270239220364     
  0.243381168875272     
 -0.143424193709580     
 -0.387226594177435     
 -0.102824075541307     
  0.233042854263311     
 -0.170170685115756     
  0.626903594193551     
  0.230566241503143     
 -7.653608259962977E-002
  0.671407300827947     
  6.652292401622882E-002
  4.780000395486923E-002
 -0.385860687475029     
 -0.526193307452891     
 -0.467953266442420     
 -0.104873413005067     
  0.839466338685293     
  0.146163244633994     
 -0.835718029297564     
 -8.002019013701811E-002
  0.867213014150117     
  0.100025032337243     
 -0.367015240622331     
  0.252296167975183     
 -0.152113187755930     
  -1.32544598981647     
 -0.335155976649567     
  0.604567266923883     
 -0.366982519433759     
  0.269383176183932     
  0.114615920037596     
 -0.686590801332290     
 -0.403931946357330     
 -0.113547232548749     
 -0.699306673746236     
 -0.177459542105345     
  0.390419390707501     
  -1.56628405932231     
  0.160412600005520     
 -0.520767421486798     
 -0.270123872037703     
 -0.364094358187101     
  0.182799187624921     
 -0.240922926405207     
 -0.306380616907997     
  0.777418885688574     
  0.201013244219361     
 -0.218041844954632     
  -1.33115517624140     
  0.959811768740900     
 -0.383889186047227     
 -0.212181716705796     
  0.506210424928946     
  9.849472026382543E-002
 -0.348438341136895     
  0.493964151816124     
  -1.02997828171208     
 -0.197642275798292     
  0.142640574331367     
  0.336837197550517     
 -0.692607722463370     
 -8.024320411550048E-002
  9.424926049363216E-002
 -0.209937275149641     
 -0.209342679133668     
 -0.276855085577784     
 -0.209797052780496     
 -0.244539475724219     
  0.562799466365581     
 -5.120217511443456E-002
 -4.433182318978453E-002
 -0.118481024754171     
 -5.446085870749450E-003
  0.180468452809672     
  2.106500893800568E-002
  9.495003821125136E-002
  0.144404922332600     
 -5.810120768634187E-002
  0.144622132431867     
 -0.109501660829131     
 -0.203397208065673     
  0.321935334829261     
  0.575109707286668     
  0.196173526874364     
 -0.435113201240564     
  5.289394968791028E-002
  4.780064419013622E-002
 -0.538299394498184     
  0.142178216018854     
 -0.203358001784432     
  0.329192930479264     
 -0.120022490761909     
 -0.365686373311305     
 -4.122424040239337E-002
 -0.123454724247758     
  0.119578753304287     
  9.400578511718462E-002
  0.370315680325323     
  0.148308754515558     
 -0.424370196608112     
  0.485077290187319     
  0.176333725424931     
  0.243551716353516     
  1.630547252492850E-002
 -0.396527432059955     
  0.300573970302765     
 -0.410079155766719     
 -0.305281215912249     
  0.633790881752402     
 -7.129191992727736E-002
  0.181795589532510     
 -0.114364798309813     
  0.261535660771226     
  -1.24538456407660     
 -0.545721385701544     
 -0.292174882717993     
  9.682095912539787E-002
  0.200236930209583     
 -0.355096895801123     
 -0.405281797462262     
 -0.604126886014956     
  0.165945930890554     
 -0.142610850759704     
 -0.298032350645978     
 -0.633496091214911     
 -0.545980365818144     
  6.209748092178941E-002
  0.231472078959246     
  0.563766945092509     
 -0.420059250139291     
 -0.118056774537302     
 -0.501875537550798     
 -0.419745443714615     
  2.610366882671402E-002
 -0.452686120016318     
  0.368232794797944     
 -0.495320307682206     
  0.479343487638841     
  0.165304983544394     
 -0.329930779475231     
 -2.697467093638490E-002
  4.341359657553998E-002
  0.658524274724766     
 -0.328169301094038     
  0.110614517064827     
  0.104177726267198     
 -0.284873543890404     
 -0.132948919053969     
  0.328890176305329     
  0.695952365954034     
  0.971442225817804     
 -0.248592301956143     
  0.187765272070804     
 -1.132070309765881E-002
 -5.170348827807867E-002
  0.211280026956820     
 -0.547877793766793     
 -3.343671627811487E-002
  0.469435002032438     
  0.158291972688553     
 -0.435779239975804     
 -4.328888522714574E-002
 -2.272600620688668E-002
  0.138807224722712     
 -0.233393735965936     
 -0.190305567815424     
  0.123090745624222     
 -4.755646176600859E-002
 -0.335481529211202     
  0.196003201374770     
 -0.392119427673130     
 -1.475468745605832E-002
 -0.476378226355358     
  0.799680124924823     
 -0.447204563080670     
  0.215428076055085     
 -0.420462541070037     
  0.357680333589583     
  9.281549071244977E-002
  0.239109452918025     
  0.217515952357663     
  3.683146489063385E-002
  0.168420522963692     
  0.492089130304394     
  0.137763515692819     
  0.394403166848995     
  5.603772881244953E-002
  0.123586342452353     
  1.385051740378625E-002
 -9.742520881126444E-003
  0.142548771854162     
 -0.198154329774609     
 -1.418369592443760E-002
  7.938230650439339E-002
 -3.899045441784494E-002
 -0.161210254781872     
 -9.569434699030702E-002
 -2.719757394525913E-002
 -0.108677981618551     
  0.158467836559453     
 -3.054505363122441E-002
  2.412819859515283E-002
  0.575918847878697     
  0.110933423291325     
  0.146554874810442     
 -3.555639400149352E-002
  0.241096078463714     
  2.244908526205156E-002
 -3.665275371587642E-002
  0.132528855161638     
 -0.657338619648390     
  1.126038365569281E-002
 -0.359038737125532     
 -7.832559884239733E-002
 -0.258434105560081     
  0.108598329772680     
 -0.124731155221017     
 -0.260782495413426     
 -3.447990277358655E-002
 -0.674746279759155     
  3.616206054522547E-002
  -1.68036645793967     
  -1.06116953435304     
  0.785984497695350     
 -0.374264100190817     
  0.379279803044221     
 -0.515049460942743     
  5.295834353340010E-002
 -0.413452469830630     
  0.151688644344640     
  -1.07789218362011     
 -0.223358138529813     
 -0.329680373245824     
  -1.62094689495869     
 -0.116078401438139     
  0.671089643782986     
   1.00849901808715     
 -0.183551845428921     
  4.777696153484333E-002
  0.131396469817534     
 -0.311131847989261     
  0.991934281838664     
 -0.144231272248642     
  0.467213231194430     
  -1.20208894534129     
  0.519929965285345     
 -0.378869769294781     
  -1.55964659407190     
 -0.788104119072992     
  0.164506498670152     
 -0.418030959865896     
 -0.699180151980995     
 -6.909209686325345E-002
  6.260930700855734E-002
  0.279893799619398     
  0.184420543213167     
 -0.347677307894383     
 -0.612134760785602     
  0.153524987064307     
 -0.417288090490663     
  0.388634128909056     
  9.125272967232859E-002
 -0.570545423081950     
  0.511870738540038     
  0.395934050445156     
 -0.307743192869175     
  3.749061491015827E-002
 -0.345981591287900     
  6.614356419861245E-002
  9.917196427152770E-002
  0.718456768120653     
 -0.124510706641908     
  0.494512694508379     
 -0.136586737779457     
  2.595585323583911E-003
  0.533166182595093     
  0.291687118751698     
  0.394452672954825     
  0.143699476778636     
 -8.177603389939772E-002
 -0.678926057230130     
  0.136057124553845     
  0.275760915325955     
 -0.106444343974020     
  0.260894119214008     
 -0.155666596773924     
  0.818868764268993     
  0.467211602980090     
  3.212787384450133E-002
 -0.166256422939661     
 -0.496649121532296     
  0.130224868908365     
 -0.455049607808130     
  0.396345757775224     
 -0.349773539908535     
 -0.321346156765949     
 -2.860277528427552E-002
  8.999760289354287E-002
  0.101756755204727     
 -3.034738601041960E-002
   1.23359079794664     
  0.141396408761399     
 -0.192369859703309     
 -0.350189476039963     
  0.207546307987508     
 -0.144293448388012     
   1.81325729116086     
  0.164651107236769     
 -0.124918313118927     
 -0.279485545299530     
 -0.682910218140624     
 -0.348545748523441     
  0.852387573321472     
 -7.682079852121691E-002
  8.323974476938553E-002
 -0.395048546347328     
  8.543022791837451E-002
   1.16672901633154     
  3.010659347819515E-003
 -0.263606248119304     
 -0.212384356800803     
  0.299949981300049     
  7.134770147869118E-002
  0.434837004137306     
 -0.314821098571948     
  0.980473858968818     
 -0.125510805818398     
  0.281225623777064     
  0.214688877704491     
  0.792888843117300     
 -0.225350657064703     
 -1.037179767929971E-002
  0.303660935823510     
 -0.441023007607033     
 -0.371221638716572     
 -8.736537272665199E-003
  6.444227822809820E-002
  0.642573779986213     
  0.286046916593172     
  0.147273669384589     
 -5.895469256879294E-002
 -7.478705621037621E-002
 -0.161280729592952     
  0.516183989548094     
 -0.328133088849998     
  0.307667470385508     
 -7.762549973816753E-002
 -0.341078591748972     
 -0.179228302268780     
  0.274505727017361     
 -6.743249500166781E-002
 -0.420687060870528     
  0.317084257080534     
 -0.727079765422297     
  0.247843534441259     
 -0.649143497913584     
 -0.583068290316177     
 -2.867875364220659E-002
  6.096216361184369E-002
  0.137320436939165     
  0.967065954030553     
 -0.165372102425445     
 -0.422868895839655     
  0.262504918154167     
 -7.160034034845429E-002
  0.410680582315612     
  0.311351728178164     
  9.009777608791508E-002
  0.562392896799233     
 
  0.673498175881665     
  0.427096708297769     
 -0.553393818899394     
  0.639726902669917     
 -2.239640899842745E-002
 -0.561469471188535     
  0.818368553774330     
  3.296230541867814E-002
 -0.218792242391857     
  0.554248858147581     
  0.219163915436901     
 -0.313055433612947     
  0.225735375541434     
 -0.209740963904725     
 -0.354689678227039     
  0.264294700495612     
  0.383679170337449     
 -0.101471244267880     
 -0.320580681553192     
  0.133279854092119     
  0.439894015449076     
  0.375548091131235     
  0.280395378994551     
  6.665603252951841E-002
 -0.169211798439739     
  0.761390781979711     
  0.211248810736391     
  0.413829698267823     
  7.963452242151720E-002
   1.02606221008826     
 
 -0.438623893712173     
 -0.258678786787034     
 -0.247575384841726     
 -0.455991969381527     
  0.352191262536692     
 -7.871065274009573E-002
 -9.641660128581074E-002
 -0.297547874610465     
 -9.724481846893701E-002
  0.189812248966668     
 -0.174682782528006     
  3.240085833483367E-002
 -2.990616645209372E-002
  6.339318517577856E-002
 -0.630858284119221     
  9.282679333114055E-002
 -0.288335051373803     
  0.619304231480045     
  9.582490512009348E-002
  3.396536443866754E-002
 -0.532817587387791     
 -8.168487395621374E-002
 -0.171983295885703     
  0.409078545682070     
  0.770927814582032     
  0.829916178832235     
 -0.219238391246702     
  0.387000139355653     
  0.125791067850447     
  0.267158670702266     
 
 -5.328444962806446E-002
 
  tansig  tansig 
