     48 -    30 -    30 -     1 
rmse=  31.9542meV
 -0.312335483169700     
  0.143159721985705     
 -0.259460956345450     
  0.348880051484024     
  0.276598755365469     
 -2.820245627796029E-002
 -0.108881294374598     
 -0.365379134921632     
 -0.135318270713872     
  0.329462818113232     
  7.174228679004141E-002
 -0.339288686117672     
  -1.21931003673613     
  4.929433088453843E-002
 -0.434243872609258     
 -0.664047664835188     
 -0.187627621255354     
  9.507760467860175E-002
 -0.146705720427473     
  5.188968524976906E-002
 -2.190676218614577E-002
 -0.502598994676521     
 -4.484687230880627E-002
  7.092927923447681E-002
  7.313823279841090E-002
 -0.322474806247376     
 -0.296309515272378     
 -0.514436905783289     
  0.436184149292720     
 -0.692233589681339     
 -0.238301280353697     
  2.075584568251414E-002
  0.570139364406018     
  1.181230090868350E-002
 -0.168748278506936     
  0.418771861532075     
 -0.523896737040453     
  0.259895763437020     
 -3.585459462568984E-002
  0.185703137197080     
 -6.695875593113611E-002
 -0.159882978099598     
  0.166828556912914     
  0.120658299530746     
  6.453025789522264E-002
 -7.171161149824007E-002
  0.761010053478950     
  2.613639646431190E-002
  0.373664520280743     
 -0.184350621399689     
 -0.429673946565369     
 -0.171124833584024     
 -0.256476035378049     
  0.469441342642459     
  0.457479338212892     
  7.684524395024827E-003
  1.507787651256571E-002
  5.753977300623471E-002
  0.593870032596697     
 -0.540837940623094     
 -0.307085368808675     
  0.492061097408850     
 -0.265440653886934     
  0.778444225630727     
 -2.078006906677285E-002
 -4.187331260671082E-002
 -0.244250461555910     
  0.213798351827615     
  0.360965250950599     
 -0.578583477435665     
  0.110587052370555     
  0.178030938526277     
 -0.146135259814371     
 -0.942455411385604     
 -4.001021998955917E-003
  0.449515377009595     
 -0.461449716241215     
 -0.801769327999473     
 -0.503084096424019     
  2.191120817510118E-002
 -5.909439168783470E-002
  0.350215409143837     
 -8.583953518470869E-002
 -0.919940721967754     
  0.190117318073867     
 -0.383873628213628     
 -0.116661599825842     
  8.395569780423237E-002
 -0.129253823764134     
  0.245749186424711     
 -0.533539089291836     
  0.124444884658373     
 -0.152462130784841     
  0.642124011847116     
 -0.591265348028529     
 -0.432541324447292     
  0.349226299882578     
 -0.641475901537015     
  0.835471932164023     
  0.203325023998042     
  0.417996090720954     
 -0.732702419118272     
  0.748708002109596     
  0.441115658509233     
 -0.411060566060404     
  0.502570042365764     
  0.674029108624521     
  0.530372544269590     
  0.142234343386880     
  0.661686185093000     
 -0.164967532859437     
  0.678121669931958     
  0.203522673819429     
  0.345757387293066     
 -0.790657636637681     
 -0.900430643289932     
  0.301878759248113     
 -0.193636734512394     
  0.276096455458883     
 -6.232328706564493E-004
 -0.272363789399663     
 -0.104122807961823     
  0.330587725631411     
  0.114473532632660     
 -0.460515039895460     
  0.266638861212494     
  2.961245825311043E-002
 -0.181057794948211     
  0.481854540300019     
 -0.544659049642443     
  0.211239632355150     
 -0.417124514171203     
  0.118635774102204     
  8.975363880534147E-002
 -0.769355045485787     
  0.831959895246811     
 -0.220589560532542     
  9.594430912024547E-002
 -0.579093363831859     
 -0.333339187632880     
 -5.879875114547196E-002
 -0.295255390839924     
  7.725011324273880E-002
 -0.440272360875083     
  0.495678817492881     
 -0.567464763088998     
  0.258572875365167     
 -0.571310725547039     
 -0.152348311494019     
 -0.116993353560936     
 -5.119140840091670E-003
 -0.326333569338122     
  0.383860122518977     
 -2.898455998166197E-002
 -0.652755139447746     
 -0.869478797624502     
 -0.314500185920006     
 -1.542097307279213E-002
 -0.301167479140040     
 -0.528465287886927     
 -7.087200041877585E-002
 -0.745225357278553     
  8.885313415262876E-002
 -0.337081665093812     
  0.355703114826197     
 -0.422073462985954     
 -6.370889766157972E-002
  4.248043047101454E-003
  9.207348143331349E-002
  0.378268469558472     
  0.530653584061374     
 -3.470164753926374E-003
  2.459658730971000E-002
 -0.195612769233886     
  0.404829425975550     
 -8.497232246919512E-002
  0.458829345533244     
 -0.236298515406844     
  0.135163949725582     
  1.620469394006649E-002
 -7.037499136910955E-002
  9.193337695517677E-002
 -3.603584683876521E-002
  0.274394099051804     
 -0.291889794261487     
  0.219550049416799     
  5.653751745436766E-003
  0.899321187047295     
 -0.486656074352725     
 -0.535976936261075     
  0.778886188475857     
 -0.438967228131427     
  0.874250707521513     
  -1.21813848807599     
 -0.345795574604892     
  0.226257625813935     
 -0.578243726161117     
  0.389559113244524     
  6.493112631210800E-002
 -0.496210941143696     
   1.40212342489624     
  0.401210477004608     
  8.991861342121565E-002
  0.515325683785787     
  0.428584149055658     
 -0.420837574282598     
  0.187694047129451     
  -1.01085884654777     
  0.496533612637881     
 -4.672906972422460E-002
  0.816908790679604     
  0.143490138288835     
 -3.192492534478655E-002
 -4.054415558126053E-002
  -1.46898480944859     
   1.60961702834048     
  3.592429104209171E-002
  1.989698671133950E-002
  0.462713567375143     
  0.911025684872124     
 -0.845275192002655     
  9.615474210496269E-002
  0.881681276844339     
 -0.456688788688262     
  9.894725193200145E-002
  0.232004573712257     
  2.528039105587011E-002
 -0.768231723233110     
 -0.248505250116979     
  0.746568121150235     
  -1.01474739696928     
  0.791847314531383     
  -1.54168145767829     
  0.455456329386494     
 -0.168819339505798     
  0.186632841477146     
 -0.788359779307126     
  0.664608738220630     
   1.16271881708558     
  0.862744050852074     
 -2.926087595481298E-002
  0.233606770042960     
 -0.301427934572197     
  7.118240592644279E-002
  5.215462048061259E-002
  0.391752183043054     
  0.310754791267974     
  0.323439465712990     
  0.141257040953322     
  0.598791339999252     
 -0.489500335421720     
 -0.331472822095755     
  -1.32699508206402     
  0.323743861372348     
 -8.280056093191207E-002
 -0.504590372309202     
 -0.360897493848730     
 -4.418543685912022E-002
 -5.397965175955018E-002
  7.999362639921007E-002
 -0.306665639323155     
  0.392292647397851     
 -0.219601381715654     
 -0.165187300096619     
  4.478117735176256E-002
  0.762924186548431     
 -5.213059828532943E-002
  0.327468987432888     
 -0.279221366773294     
  0.817286282525825     
  4.377540409220319E-003
  0.280783198147083     
 -0.110614672985882     
  0.417797829047535     
  9.706530108310196E-003
 -0.150287873287722     
  2.980863041067826E-003
 -0.328900388752630     
  1.952553795956738E-002
 -0.608392866233119     
 -0.127259365319831     
 -0.603188424722897     
  0.163160584880678     
 -0.366667862340784     
 -7.193186659493310E-002
 -0.325103183602282     
  0.200021205784140     
 -0.298986103739927     
 -0.199356359691239     
 -0.297153921586324     
 -7.485657246716629E-002
 -0.207713859688024     
  0.160575152058645     
 -0.175869082893138     
  0.134281529545072     
  0.350267113909053     
  4.891399343240418E-002
  0.233109399198756     
  0.877643384594028     
  0.335166143424235     
  0.204020606376140     
 -0.409866693233538     
  0.761040201716561     
 -0.537235823024741     
 -0.211958891094877     
  0.550064833067084     
 -0.421676088574401     
  0.745676029503950     
  0.238930727941634     
 -0.535301600228678     
 -4.623658024101625E-002
  0.164421473524645     
  0.381028417574641     
 -0.629634669154042     
  0.371154298042987     
  0.933013408967493     
 -0.771395970865584     
  0.377459813486463     
 -0.315388910522616     
 -0.852008381829221     
  0.422684883567012     
 -0.181163814660832     
  0.337506758191831     
  6.380872557797690E-002
  0.362791569445425     
 -0.186063850543962     
 -0.269332462528837     
  0.163651585134792     
 -0.243749824859731     
 -0.424795894703054     
 -0.990084064848028     
 -0.475068597564822     
 -0.593646064139411     
  0.165538051921165     
 -0.108073177007651     
  0.411294687668148     
 -8.463308483943614E-002
 -0.428641143227987     
  0.924522435421739     
  6.924071309409913E-002
 -0.169129673085419     
 -8.941685945879424E-002
  0.314129950364914     
  0.214381663584189     
  0.264701930873571     
 -2.700400845222948E-002
  8.479658587008016E-003
 -0.536884357680651     
 -0.609993389019531     
  0.127839856597033     
 -0.438673803120367     
 -0.111379794728169     
  0.657417674452976     
 -0.367211394592590     
  0.391354322460904     
 -0.918521759574755     
  0.668668599018200     
 -0.211728044320564     
 -0.371228910202341     
 -0.211453929488326     
  0.208489880478291     
  0.295831140096476     
 -4.440272519682632E-002
 -5.402088199601306E-002
 -0.171211993039003     
  1.721556679384159E-002
  1.231853963046166E-002
  0.196604832375824     
  0.118363241549440     
  0.434287235993287     
 -0.606704956228189     
 -0.124898961608406     
  0.305444512373921     
 -0.159150236356543     
  0.285545327723963     
 -0.454193751801353     
 -0.342375876731851     
  0.174734918334098     
 -0.111405825585407     
  0.527281688204721     
  0.127118052976881     
  7.608167419437825E-002
 -7.423069383635121E-002
  0.333137119015349     
 -0.401277468031081     
 -0.275379881274863     
  0.624823107770325     
  0.461167201066913     
  0.431917332241402     
  0.499932940248521     
  0.619754789071110     
 -4.698350493558877E-002
 -9.988591327765153E-002
  0.378000425652695     
 -5.793131121357386E-002
  0.331743072498652     
  0.736532443616373     
  7.766302362742535E-003
 -4.756616122681486E-002
  0.327231541369919     
  0.462955638033108     
 -0.713074343335276     
  0.641866330852836     
 -0.562241204906727     
 -0.162246306605569     
 -0.185999635503203     
  0.224825279632820     
 -6.269262769401594E-002
  0.480541813107327     
  0.207011368482596     
  0.631927863653592     
  0.434056728317183     
  -1.02386368251369     
 -0.720568966780860     
  0.473516666508161     
  0.394218122282003     
  0.230753210620838     
  0.104576400964609     
 -0.420325667652977     
 -0.165129125141241     
 -0.495034798333826     
 -0.266662540474830     
  9.716984591364132E-002
 -4.167158213846000E-002
  1.333896481183207E-002
 -0.225719971215319     
 -0.119287407246866     
  8.956117668743624E-002
  0.689112600299148     
  0.525059547654247     
 -0.309057513339698     
 -8.025641914342468E-002
  0.224370503484816     
 -0.311357127800963     
  -1.27504239835942     
 -0.253577338950773     
  0.393662856420946     
 -0.399327331723067     
  0.193168072821756     
 -0.492867072662270     
 -0.337169013969141     
  0.146713536321600     
  6.284497593154906E-002
  3.294171311763365E-002
 -0.300775460864161     
 -0.645249715544407     
 -0.123231665553540     
 -8.197264294836627E-002
  0.437908176343823     
  0.359642525608613     
  0.502537144674788     
 -0.693056773410084     
  0.506438279385144     
 -0.673649602147354     
 -8.113740514725534E-002
  0.327040069323542     
  5.327325683542591E-002
 -0.271030519078916     
  8.429908661088253E-004
 -3.650161614851965E-002
  0.459025394911279     
  -1.15145777562032     
  0.180277783268180     
  5.597905692181858E-002
  0.459741395026603     
  0.269561568341991     
  0.645935843935009     
 -0.417985640470078     
 -0.564813149874356     
  0.252679210739981     
 -2.898184209474010E-002
  0.443919629821495     
  0.114496432160506     
 -0.463719618616630     
  0.314284662736854     
  9.506910289851739E-002
  0.322560511511220     
 -6.613560147065683E-003
   1.01041310349440     
 -0.825413437230894     
 -0.232964892828239     
  0.548155409452878     
 -0.803536537895932     
  0.524067963247343     
 -0.303003737855813     
  0.787475059619514     
  0.618439688243833     
 -0.210259473398985     
  0.241883527731597     
 -0.609937380116470     
 -0.758431218130197     
  0.198115310483669     
  0.744613095497672     
 -0.233371279684639     
  0.594868904932522     
 -0.552583041411969     
 -0.244964453353606     
  0.401379070652793     
 -6.626941333986491E-002
  0.134370264384064     
 -0.787065835014763     
  0.167753361741250     
  0.711577847794914     
 -3.973473293211934E-002
  0.100793404697446     
  5.619833022796362E-002
  0.190551349609375     
  0.207740002696709     
 -0.204845184580148     
 -0.199116947909100     
 -0.107860647964107     
 -0.193574834775748     
 -0.206577229778696     
  0.422833391806414     
 -2.037274899818912E-003
 -0.323477507866544     
  0.287040985827866     
 -0.653882839774008     
 -3.903209606931709E-002
  5.623670586176899E-002
  0.365829582262292     
 -0.149569440987841     
  0.314468320835717     
 -0.584369683403031     
  6.433900671416927E-003
 -0.602421429341507     
  0.565403563076988     
 -0.315390794680182     
 -0.334213865829142     
  0.551481531264112     
 -0.766185936039751     
  0.523789943798798     
   1.28847986899269     
 -0.657946041485174     
 -0.243812659077246     
  0.131578093681545     
 -0.694243778150917     
  0.355437726606682     
  0.596047972513491     
  0.584441264166301     
 -8.724095465729205E-002
 -0.159716712516251     
  0.123458060242379     
  0.267293376341409     
 -0.172995282959539     
  0.108959396403243     
 -0.308363401451572     
 -0.214409652818973     
  0.152155539989240     
 -4.350181791396296E-002
 -0.283469040610671     
  0.221962620376023     
 -0.242061103201137     
  0.399839439493736     
 -3.732535529684627E-002
  1.318772285830249E-003
 -0.412956470076388     
  0.283943570124074     
 -0.130961772784468     
 -0.545609696402999     
  5.367004896158106E-002
 -0.429023064931678     
  0.195284496942445     
 -0.157686659156121     
  -1.01356720664371     
  0.592986659594389     
 -7.535544734208080E-002
  0.219610760480715     
  0.176811390542022     
 -0.583589528861724     
  7.640669367153438E-002
 -0.349304992409838     
  0.293400170872410     
  0.216871109706497     
  4.556280973124537E-002
  0.626698589908680     
  1.847033065432315E-002
 -0.146239310242610     
  0.180817531724320     
  6.755807725754626E-002
  0.878913486330796     
 -0.956753862267158     
  0.281802112819632     
  0.783637276082693     
 -0.111359144486280     
  3.632896190648176E-002
  0.415902665223598     
  0.357923107256674     
 -0.429798176532508     
 -0.111694543259190     
  0.259393788782694     
 -0.272799158051505     
  0.311620074189626     
 -0.132916732020116     
  0.593243478694984     
 -0.496615432437622     
  0.797644419034811     
 -0.580900791948065     
 -0.416510008773406     
 -0.223703253946811     
 -8.437181930758163E-002
 -0.678186737528234     
  0.483092872323473     
  0.338572532922466     
 -0.301149535456815     
 -0.235277663288946     
  0.238984878276974     
  0.669841185808539     
  0.533636003823042     
 -0.876338613209069     
  0.165717316808640     
  0.162582905291596     
 -0.379210455983739     
  0.333383871932435     
 -0.800054121460651     
  5.197165114193046E-002
 -4.558436722450226E-002
  1.083064255383799E-002
 -0.575248128819919     
 -0.826495552520793     
  3.239139748463987E-002
  4.523386371136760E-002
 -0.259222630604909     
  -1.60379822230968     
  0.129837420299400     
 -0.232702511348743     
  0.418664417034831     
 -0.164188556154788     
  0.109549673485071     
 -3.002463592558018E-003
 -0.259081890007395     
  0.456603521105374     
 -8.493005955459029E-002
  0.316247258797364     
  0.140870423752385     
 -0.163354445839195     
 -0.201978476542639     
 -0.205830832525691     
 -0.281247763256162     
 -7.619354514779371E-002
 -0.253773775648266     
  9.502672623777171E-004
 -0.446909114197587     
  0.389405767520035     
 -0.405273664159870     
  0.607564966573717     
 -0.156036912862415     
 -0.134911751805168     
 -3.203907825899351E-002
 -8.797860948873628E-003
  0.136027044997423     
  0.161662094621703     
  0.771329977547207     
 -7.829011672209807E-002
  0.780111344117668     
 -0.329693863751556     
  0.341158481802897     
 -0.307008771931960     
  0.303502468819227     
 -0.360111707300202     
  0.200905538989823     
 -7.252080997663578E-002
  0.217493927546907     
  8.793582419704675E-002
  0.136382477509456     
 -0.286371441265888     
  0.426032846705987     
 -0.310177367731019     
 -0.313971730791579     
  6.201392115830449E-002
  0.134695271881000     
  9.033135159533667E-002
  6.081664326936636E-002
  1.534758095983598E-002
 -0.328339736966784     
 -0.327514676553226     
 -0.205252730657792     
  8.971431370696653E-002
 -0.601239186341456     
 -0.192518688713330     
  0.288519439215410     
 -0.146430188745251     
 -0.464439201579433     
 -0.558322174822643     
 -0.209542370943071     
  9.069956588908881E-002
 -0.360991955637343     
  0.378106380871237     
 -6.039763325035796E-002
  0.284208449160080     
 -0.438557444343294     
 -0.135131863054369     
 -1.368815602325208E-002
  0.503808117434645     
 -7.682607362176126E-002
 -0.194066964119876     
  2.790410415877998E-002
  9.875779903859559E-002
 -0.448274035895633     
 -0.154748658632552     
  0.452261637562742     
 -0.620102835665305     
  0.552394730430675     
 -0.365682608472377     
 -0.206548783958041     
  0.639054302373855     
 -4.974934563443388E-002
  0.176413207333149     
  5.508982364469522E-002
  0.182240469809832     
  0.423096989560541     
  1.359200779835973E-002
 -0.173238162866654     
  0.683413147756529     
 -0.151313945332377     
 -0.181818128625321     
  0.374174590196113     
  0.303330614652508     
 -0.831689165174819     
   1.69208907965491     
  3.466195467993861E-004
 -0.313139136467502     
 -7.310440102123404E-002
 -4.341675012536035E-002
 -0.260730019559370     
  0.434787643187000     
 -0.424206020615994     
  5.582175168266382E-002
 -0.936598594137071     
 -1.912562520415550E-002
  0.482722242769397     
  0.395812488541704     
  0.386797195822034     
  0.746015380034689     
  0.101157997470017     
 -5.376373445965590E-002
  6.669064130341110E-003
 -1.033019468070053E-002
 -0.351702375442047     
  0.426926420849072     
 -0.282763680135534     
 -0.479566009298564     
 -4.270812368713636E-002
 -0.343082717694911     
  8.543884938713799E-002
 -0.607363263982221     
  0.435601374852733     
 -0.342723665461320     
  0.174838862544868     
  2.842939651632818E-002
 -0.267008042330097     
 -7.728052402247997E-002
  0.135939774051218     
 -0.129063723080927     
 -0.457669919800281     
 -0.124743537094431     
  6.219217488344050E-002
  0.173832118556664     
 -0.186771883430735     
  0.364413060188461     
  0.277557428140340     
 -0.468672267595985     
  7.172249422328029E-002
  0.109611137171394     
  -1.13836227654689     
 -0.642184428800632     
 -0.466115406915238     
  0.884032901301307     
  0.225966673295865     
 -0.231955027444961     
 -0.212810240646743     
  0.348844534835609     
 -5.784605387003076E-002
  0.319208983636652     
 -8.804824553658847E-002
 -8.251795066187541E-002
 -0.505466679254181     
  0.224755528199121     
  1.028587067012829E-002
 -2.906305527963186E-002
  0.425052018162891     
 -0.329579923310624     
 -0.190088895598465     
 -3.451094529466431E-002
 -2.674507492838970E-002
 -3.720902248914143E-002
  0.205982698452685     
 -0.178574853377132     
 -0.426164795079322     
  0.146056903440208     
  0.426085959900769     
  0.445935297655326     
 -0.309184241301911     
  4.056309974526776E-002
  6.539676853645394E-003
 -0.183283149069012     
  0.489479446857674     
 -0.589337110156817     
 -0.191704565805028     
 -0.151349343412643     
  0.584535329332890     
 -0.251769754189365     
  9.577625198762127E-002
  0.212498487336144     
  0.310157201850674     
 -0.271501406226527     
  6.319647765464155E-002
  0.225977636198317     
  0.272602010564575     
 -0.300232350691018     
 -9.985619448090345E-002
 -0.337854778251349     
  0.398159483009325     
 -0.179846003368572     
   1.29367282675484     
  -1.68995388328650     
 -0.660387180952051     
  5.239101667564152E-002
  0.962948488468934     
  0.224877999459259     
  0.346179427485922     
  4.465804311890452E-002
 -0.237003116263456     
 -0.292809707150585     
 -0.560942264720728     
  6.387974723715098E-002
  0.603454230125660     
  0.186659168960569     
  0.188576285016047     
 -0.178383968220116     
  0.606411570941237     
 -0.226815566543062     
   1.10350251786402     
 -2.454433766534067E-002
 -0.522487131920117     
 -0.889452379926415     
  0.309821544133491     
 -0.442780751727645     
 -0.402081041283416     
 -0.269996989637978     
  9.637557907984431E-002
 -0.536619899496556     
  0.556641267111984     
  8.654931677114923E-002
 -0.220719333149214     
 -9.699642247520927E-002
  0.603062383545608     
  0.393539175396889     
 -0.357099905587253     
  0.635648999483368     
 -0.944194457937249     
  0.484918184117726     
 -0.461389142957883     
  0.393632837444122     
  0.193582030789022     
  0.733200105081408     
 -6.657064701437640E-002
 -3.056821469777933E-002
 -0.434776790758221     
  6.828352210137438E-002
  0.147692874095067     
  0.595787467391106     
 -0.874909477631930     
  0.695314197588322     
 -0.101221320215719     
 -0.290368733313315     
 -0.214908245672469     
 -6.384004292083302E-002
 -0.297560150776841     
 -0.155266661461026     
 -0.118174013101196     
 -7.282713926781631E-002
 -0.413354636988217     
  0.675491085783310     
  0.886513686856440     
 -0.477438729501359     
 -0.295392186826227     
 -0.675016288557783     
 -4.554516171805520E-002
  6.294910425735389E-002
  0.408570578788816     
  2.366595120100412E-002
  0.161586364345099     
 -0.310263474155778     
  3.988925606132722E-002
 -0.522841340891283     
  2.170897599581175E-002
 -0.266074695892554     
  0.219763894591504     
 -0.273288554003186     
 -0.116194913712421     
 -0.218988040733484     
 -0.453024470453104     
 -2.991848520680499E-002
 -0.125896634695076     
 -0.876726512903768     
  0.458482607937037     
  0.327898444917457     
 -0.169843775543987     
  7.863031262609860E-002
  0.277793928026638     
  0.194463789007993     
 -8.521301156253924E-002
  0.440405506679479     
 -0.335753852834201     
  1.669366158363121E-002
 -0.686994208274302     
  0.876899587590233     
  0.196208088591135     
 -0.376589107880912     
  0.863164131790456     
 -0.347471097732376     
  0.354310919317619     
 -0.207123324478498     
  0.536376635065619     
  0.561357332051290     
 -0.410869516595410     
 -0.144374543248263     
 -0.761636265260847     
  0.440128145265593     
 -0.602143575319161     
  -1.13757459843218     
  -1.02359446540256     
  0.434391966111654     
 -0.196109382363471     
  0.577132675769007     
 -3.498520539509218E-002
  -1.07084713730151     
  0.422751928680267     
 -7.184124757245040E-002
 -0.475693393184842     
  8.803263141347478E-002
 -0.780684994389108     
  5.773036129185347E-002
  0.153410384905756     
  0.138516445834117     
  -1.27115945221690     
  0.656338427245802     
 -0.779734672165129     
 -4.623945175344161E-002
  4.675516565826767E-003
   1.05117331909223     
   1.39460354653530     
  0.243016599044138     
 -0.175411598155911     
 -0.379443676612093     
  3.088976327041471E-002
  0.243128137132985     
  0.578386204568938     
  0.162501847163072     
 -0.502942602179903     
  0.499558349588983     
  0.493157153896256     
 -0.474624133244734     
  0.353637054849873     
 -0.462090990160976     
 -0.893324375376683     
 -0.502077235016068     
  5.331713571445697E-002
  2.339080487487446E-003
 -0.390476192680170     
  0.516956038289552     
  0.482946113250716     
  0.229492634937521     
 -0.572010159716874     
  0.544576975639025     
  0.388523594017721     
  0.438744148490668     
  2.169986713385903E-002
  0.271004030548758     
 -0.159672575197713     
  0.528900739104878     
 -0.391946760887258     
 -0.401771924677667     
  0.869349030618415     
 -0.406162112080016     
  0.302908371351619     
 -0.263116906722263     
 -0.281815227920590     
 -8.479136593260081E-002
 -0.546142464620983     
  0.301501507624300     
  0.288560733951671     
 -0.137806054343257     
 -0.110632021435707     
  0.952779776282183     
 -0.642693284417425     
 -0.446497797098697     
  0.262860998608885     
  6.238776580853385E-002
 -0.308150275138912     
 -0.344136489884208     
 -0.634935689484720     
  0.712317650116276     
 -0.290262382515012     
 -0.110341052181911     
  0.811292258668450     
 -0.536805286505913     
 -0.124326437007402     
 -9.426540994006920E-002
 -0.302783629768889     
  0.139650535869831     
  0.122280735242825     
  5.884683203103282E-002
  0.456016738757065     
 -0.133377889561191     
  3.147081715107728E-002
  0.688336178802067     
 -0.169997969508304     
  0.459976166074140     
 -0.784081313951412     
 -6.249983325680104E-002
  0.361277116611506     
 -0.268794836515825     
 -0.216301604916556     
  0.532176420889308     
  0.109934736295943     
 -0.132758329172649     
 -0.544273576745743     
  7.384244791250258E-002
 -0.371857195019587     
 -0.218011424974193     
  0.477600258857325     
 -0.522951936793760     
  0.389458843212291     
 -0.121443306979654     
  6.986380830105463E-002
 -0.398281702715980     
  0.470249828823732     
 -2.758167378536852E-002
 -0.276651878412041     
  6.163257843832519E-002
 -0.343296276273242     
  0.340436699591409     
  0.375895931672936     
  0.126738844070002     
 -8.217460150914618E-002
 -0.528725099417707     
 -0.408301211715567     
  0.356460466180622     
 -0.115098284018158     
 -0.107199985762859     
 -0.221639376323927     
  0.161130873756466     
  8.164782368634696E-002
  8.649453312995206E-002
 -0.388787095127980     
 -7.572972413203652E-002
 -0.112321688078160     
  0.194310292000814     
 -0.358766780865008     
 -0.686947282185821     
  0.464334661595314     
 -0.172735101761727     
  0.414807750550871     
  -1.20587470497189     
  1.288685455412853E-002
  0.317624619518389     
 -0.399044127008268     
  0.765217168905908     
  0.117711886226760     
  3.220019617524679E-002
 -0.994647708859379     
  0.811987495837592     
  0.525295850100309     
 -0.393958554802352     
  0.658756799826320     
 -0.719781517828472     
 -0.726064013472189     
  0.386036875029968     
 -0.175965737311697     
  0.793089039794253     
 -0.232876749908183     
 -0.271170869746990     
 -0.201899205630674     
  2.264555579797080E-002
  0.313761962109795     
  0.941241552038446     
 -0.864581646688680     
 -0.473148553208097     
  0.422402456673223     
  8.459502570477061E-002
 -0.240458403851042     
  0.433075714932325     
 -0.451302825144086     
 -0.513642911145011     
 -0.693136816815048     
 -5.440813942204531E-002
  0.123646107534882     
 -0.174843102822234     
 -0.493369863891862     
  0.782398027992683     
 -0.638984676118330     
  0.691207720471957     
  0.548231456583677     
 -0.843655549188714     
 -0.533314132789159     
  0.177549088908436     
  0.132814100707784     
  -1.02505532166219     
  0.734398955412953     
  0.432429196669586     
 -0.855876273126577     
  0.153963752848859     
  0.565377165034398     
  -1.00255619152221     
  0.510653579605391     
   1.41799269988388     
 -0.354538546167824     
  0.308958180768531     
  2.864345257230038E-002
  0.187214203183530     
  0.454326859745309     
 -0.681433911532588     
 -0.841870016634183     
  0.311003442834407     
  0.453704826892502     
  0.455551510738912     
 -0.144125996893429     
  -1.30122804306515     
  0.138489809574166     
  1.154794848491912E-002
  0.286578042414021     
 -0.886608157099744     
 -0.283446586756463     
  0.392063249359972     
  8.858116098407988E-002
  0.668993821207360     
 -0.466133563086557     
 -0.234797560742666     
  9.791650501750439E-003
 -2.533363238702745E-002
 -0.979225836874133     
 -0.514547495189695     
 -0.253166445556695     
 -0.208291347402281     
  0.563995673611233     
 -0.599460105670940     
 -0.518372106471057     
   2.92825188556151     
 -0.404210697853404     
  6.638428011900188E-002
 -0.174435314897551     
 -0.841891406383208     
  0.423921911937572     
  0.661793928907051     
  0.192037185282444     
 -0.211744647404693     
 -0.126571444320272     
 -0.649373326987201     
   1.11222672093978     
  -1.07101227933225     
  0.367667241660777     
 -0.137448683862056     
 -0.300450620347241     
 -8.043678561531176E-002
  0.642023649078606     
 -0.419264033698739     
 -0.446941961811865     
  0.585395002385800     
 -3.375847018477846E-002
 -0.229691728383157     
 -0.479030861210390     
  -1.43856131091257     
  0.197975823726653     
 -0.555867566690405     
  0.218006970093742     
 -0.392405522734613     
  0.301428294026136     
  0.352716997030670     
  0.330369118172358     
  0.347431567120890     
  0.518283944941743     
 -0.461104859236535     
 -0.982701942623610     
 -0.400669032823228     
  0.253052610059520     
  0.745886271212039     
  0.192549410635021     
  0.174040314888332     
 -3.285713039542362E-002
 -0.620441684210756     
 -0.377171290093612     
 -0.126005995119415     
 -0.528476672083762     
  0.206649603381708     
  0.118743415717414     
 -0.676166820477378     
  -1.03049190958043     
  0.465931601571301     
 -4.630343348187113E-003
 -0.136744725707956     
 -0.243712972738926     
  8.134606945421520E-002
  0.582691136845777     
  0.575069146005336     
  0.238601602771407     
   1.08765327474210     
  0.456143380205912     
  -1.50734724564209     
  0.520335528910990     
  0.240186061551633     
 -0.249937835568223     
 -0.343979678904805     
 -0.497054729468329     
 -0.217502166034431     
  5.881851020170924E-002
 -0.139415009772547     
 -0.427878562378910     
 -0.685252106559029     
  0.183512482198391     
 -0.133713798499592     
  7.687499502066349E-003
 -0.393156083049525     
  0.367184217541401     
  0.299009781088215     
  6.013825422522263E-002
  0.329150005841448     
  0.629717121229670     
 -0.125840281174969     
 -0.306307995523065     
 -0.322013597829354     
  0.589435253069886     
 -0.164790599251843     
 -0.536091813280274     
 -0.327041468458633     
 -0.767095273786809     
 -0.632390897518453     
  0.459874497102008     
 -0.821913197781977     
  0.169528528232728     
  -2.04978531968444     
 -0.630080461657133     
 -0.113681109923494     
  0.300721908957839     
  0.315343854387707     
  0.507490710833608     
  4.825897127073867E-002
 -0.736825656782619     
  0.418477207248301     
  0.460286977416342     
 -0.472470486732572     
  0.405748813263460     
  0.753332563331444     
 -0.764177436215224     
   1.02521855887384     
  0.162546344749273     
   1.89572551275743     
  0.734946777108168     
  0.377859293372529     
  0.277305709579434     
  -1.22789654901865     
 -0.221619965601515     
  0.594461194531715     
  0.381630708897421     
  0.468356593129160     
 -0.109925473083537     
  0.706466586889708     
  5.104158162311956E-002
  0.572192509556685     
 -1.686930374263686E-003
 -0.342258088637810     
 -6.635055552950127E-002
  0.361018182283949     
  0.316158664574713     
  0.756499741440749     
 -0.702004655566033     
   1.27025414198246     
  0.260659450224270     
  0.542577585216275     
 -0.817513648943510     
  8.334841894271384E-002
 -0.281421161098793     
  0.392849347092757     
  0.497029018089563     
 -0.455149414345130     
  4.401496864697083E-002
  0.673467997510048     
  2.113280701574154E-002
 -0.575537403721594     
 -0.540480321632351     
 -0.503462723654464     
 -0.354777386620855     
 -4.087659484262343E-002
  0.781600215055064     
 -0.328336216407630     
 -0.369745387120932     
  0.258565028498308     
 -0.265272799428370     
 -2.480016350037795E-002
  2.850964749179882E-002
 -8.392488245330301E-002
  0.459049063642259     
 -0.663913794499302     
  0.743056879285527     
  -1.10442697281853     
  0.403582932754218     
 -0.328616013249339     
 -0.821345866277256     
  0.428586788928987     
 -0.929911664522883     
   1.00900617406279     
  3.178778645632314E-002
  2.576449310259036E-002
 -0.390211653151694     
  0.401914820730771     
  0.405447096842971     
 -0.147551322936079     
 -0.550150970219512     
 -0.181350519501413     
  0.204405154020039     
  7.513275342100865E-003
  0.313065369341745     
  0.289269179596253     
 -0.116675604742003     
  0.485449566884106     
 -0.696606653594025     
  0.664665691605641     
  3.396907818777207E-002
  2.321323559051287E-002
 -0.149294976430715     
 -1.720690796769798E-002
  0.181805119409721     
  0.213162804856885     
  0.264144919810766     
  0.143672788919699     
  3.995410943434521E-002
  0.725793271679490     
 -0.125966480627898     
  0.742707186755252     
 -0.458820441170221     
 -9.064101499935319E-002
  0.289551527408619     
 -0.236888872294405     
 -0.264293957270534     
  0.792623847820972     
 -0.441332648909126     
  0.356312870143838     
 -0.814770065312061     
  7.943883688180199E-003
  0.638620444335473     
  1.156636053954454E-002
 -0.163094221185524     
  -1.09164868706137     
  3.496886607604055E-003
  0.526813337692179     
  -1.15533271925256     
  0.214619706039552     
 -5.929528247435647E-002
 -0.178413190241509     
  0.305815745949957     
  0.109440236806943     
 -0.104185950478064     
  0.156790580509063     
 -8.598334166093317E-002
  0.234400119146775     
  1.471225891729170E-003
  0.253148141347512     
 -0.634410299205715     
  0.593978026839072     
 -0.496906800416877     
  0.889908327948760     
 -0.118207925622360     
 -0.156531382066145     
  0.146453408327882     
 -0.174308232773456     
 -5.849532431680028E-003
 -7.511547461724674E-002
  2.568864410974433E-002
 -0.503897648925458     
  0.180674808828384     
 -3.995311948660783E-002
  0.260415408071857     
  6.508469881254431E-002
  0.399670448442090     
  0.266657576631052     
  0.145231950329030     
 -0.164965390587423     
  0.580263211756847     
 -0.138930534348764     
  6.443484308206338E-002
 -2.219644205423531E-002
 -0.330393113584647     
  0.431606843519976     
  5.370180503860019E-002
  8.572786882814680E-002
  0.261887499052425     
 -0.355505786524522     
 -0.277231103965097     
 -0.447232580440441     
  0.213254472701145     
  -1.23726149921732     
 -0.429442155262754     
  0.123208259488947     
 -0.123918628276113     
 -0.351372422982615     
 -0.601773939162787     
 -0.307166920538843     
 -0.149172058306190     
  0.878775532237847     
 -0.515825784902366     
 -0.783087338520798     
  2.427133919142975E-002
 -0.339253799009495     
 -0.583156019679434     
 -2.188690469939061E-002
  0.254978043795717     
  0.673057911774857     
  0.290513716887248     
  0.808304184545792     
 -0.485870783213247     
 -2.668515503581222E-004
  -1.57554529725263     
  0.326261854575505     
  0.598460797445577     
 -0.428397580919820     
  5.644835505953204E-003
 -3.758018299524731E-002
  6.029517625681623E-002
  9.426340859341348E-003
 -0.250120906952892     
 -0.271741169058424     
  0.441161234782849     
 -0.671377696620025     
 -0.358296336365343     
  0.379466222691367     
  0.982996172042678     
 -0.544868215937788     
  0.668934607263178     
  0.133156702738660     
 -0.945100545985069     
  0.335118885009703     
  0.589733343691100     
 -0.527107880374484     
  0.393191938130890     
 -0.136952204303380     
  1.721390170385968E-002
  0.333290313284794     
 -0.191325854843064     
 -0.880559310300416     
 
  0.827177037766457     
  0.147531098363282     
  -2.09501829999713     
   1.15573548276151     
 -0.494093573885377     
  0.580494288511949     
 -0.497663790768040     
  0.629232551287385     
 -0.198910506382637     
  0.892399423208115     
  -1.58333158826121     
 -0.185639113485799     
  0.840116052966976     
 -0.137694895657661     
 -0.799447473434290     
   1.34245878077475     
 -0.606508738236076     
  0.761176903114462     
  0.686883673552528     
  0.495354210754951     
  -1.69185154785492     
   1.17173479561890     
  0.418189472718808     
 -0.147637844420699     
  0.582457493069335     
 -0.419823706584442     
  8.288272107592828E-002
  0.350200421938083     
  -1.05040533950372     
  0.256227453177046     
 
 -0.342201584578757     
 -0.177764640285460     
  0.232027309111275     
 -0.270628891229228     
  0.705463863889647     
  0.175437411770716     
 -0.377851555983158     
  0.167663170109516     
 -0.117275117006294     
 -0.150362259327217     
  0.433758492655266     
 -0.791879386409430     
  0.346344477672597     
  0.285073184066920     
 -0.844318819783903     
  0.760029618901673     
 -0.472967675964065     
  7.364181221676294E-002
  0.495749376468549     
 -5.384358927219895E-002
  7.154941570716432E-002
 -0.325234256333560     
  0.670762443295508     
 -0.263747021579673     
 -0.110400397624393     
 -0.229440843198543     
   1.23391988253679     
  0.423501263086129     
 -0.235326304545563     
 -0.103570954130580     
  0.257058553343092     
  0.474032337233184     
  0.462406463921668     
  -1.27162069731163     
  -1.74026618945058     
 -0.359191701891856     
  0.431895288635929     
  0.421980657138102     
  -1.39171885663289     
 -0.918930305628135     
  2.642145525092666E-002
 -0.137290075162437     
 -0.713779979608282     
 -0.547839315368152     
  -1.63444834697522     
 -0.151898818787198     
  0.210765218113672     
  0.227051696178911     
  0.594754666749534     
  0.369473771471052     
 -0.329088038802353     
  0.260268349478532     
 -0.782497847669847     
  6.430391264181706E-002
 -0.229249817552972     
  -1.71642565692972     
 -0.813790519387099     
  0.362085878817224     
   1.06908637151915     
  -1.08605028232784     
  0.439517654132068     
 -0.338440063151488     
 -0.230406929601579     
  3.260137672922840E-003
 -0.386820842121394     
  0.641452334094277     
  0.363057531879636     
 -0.575680811894011     
  0.329052082605380     
  0.730490905058088     
 -0.101905567988274     
 -0.556550915811440     
  5.031769085524946E-002
  0.459749417972697     
 -0.441480381364999     
 -5.768855183401617E-002
 -0.435068559394310     
  8.430003945608593E-002
 -0.545052279527822     
  0.527715497013835     
 -0.264526322305534     
  0.348977274637623     
  0.413149804939166     
 -9.586510925362100E-002
 -1.277971499877793E-002
  0.281872808049878     
  0.275762258173860     
  0.150915602904101     
  -1.00037765061905     
  0.226112399610600     
 -0.139517668465242     
  0.243517350450247     
 -5.948391985558757E-002
  -1.10574042658691     
  0.288123123205519     
 -0.368557682568710     
  0.315736284745489     
 -2.717110520664406E-002
  -1.30650161852070     
  0.205592656364278     
  0.181147947059827     
  0.203252875553342     
 -0.332685866421150     
 -3.706052494048349E-002
  0.316929359114977     
  0.185485742437841     
 -0.711798414950721     
  4.787783947016432E-002
 -0.474835352191636     
 -9.742818628009126E-002
 -0.420363085577641     
  0.929158306521445     
  0.446574286482263     
  2.757677127989172E-002
 -0.283713457621427     
  0.180922841656628     
 -0.400968742289505     
  7.999176867990132E-002
  0.370366655016517     
  0.707936827020941     
 -0.247546492883281     
  0.694134528806657     
 -0.572196581907978     
 -0.210190599214366     
 -0.556940976128464     
 -0.735306258681124     
  0.706608921376119     
   1.41236909225402     
 -0.448381667123990     
 -0.305090513893831     
   1.61029255866667     
   1.57458736103327     
 -0.600830916001700     
  0.740548918387682     
  0.544205837233192     
   1.45238147258696     
  0.376736406749096     
 -0.164008233298142     
  6.192692054648050E-002
 -0.133552356225229     
  0.510635519723369     
 -0.494555367920503     
 -0.828923595597801     
  9.721903856699438E-002
 -3.806066680102370E-002
 -0.229343496707581     
  0.730555616379415     
   1.10133635109813     
 -0.249731756967128     
  0.444696744757799     
 -0.233345242645352     
  0.251607329950971     
  4.923404121736012E-002
  -1.34464746531807     
 -0.644294839420879     
   1.09268567980025     
  -1.04678239642592     
  8.264087431160060E-002
 -0.879915402956429     
 -0.843589450205455     
  0.830137850264688     
  -1.05610719128351     
   1.52525780784196     
  0.167259180314060     
  0.761722296295387     
  7.921212573566630E-002
 -0.133301292292129     
 -0.236441380915575     
  0.463114600262361     
 -0.123688915039802     
  -2.10452532653092     
  0.419988471963474     
 -0.890144981880647     
 -0.949676080786485     
 -0.561881573783645     
  0.271637709901473     
  0.792579879594879     
 -0.485473909439625     
  0.762265923880500     
  0.713409198640641     
 -0.124280096136491     
 -0.185818508797420     
  0.269570565267161     
 -0.239021092380923     
   1.37497987493509     
 -0.100605234015317     
  5.832220622959113E-002
  0.289206419131916     
  0.426505648404031     
  0.437560348611739     
 -0.147269115665959     
 -0.551347254962434     
  0.142928417643609     
   1.15776041786538     
  0.101235047804585     
   1.04738317154422     
 -0.199833527687387     
 -0.131614188295360     
 -3.968060783016324E-002
 -2.682131490296313E-002
 -3.859962879519602E-002
  0.100457571297464     
  0.250849547118621     
  7.571158319825647E-002
  0.106346024809341     
  0.416824140849964     
  0.809914872714133     
 -7.480677482505028E-002
 -0.365538524682774     
  0.311374087512791     
  6.139076692332952E-002
  0.868865538039810     
 -0.299020911410542     
 -0.313729007208440     
  -2.02023962889280     
  0.438599904810571     
 -0.577267164750447     
 -0.237449748643049     
 -0.126058431675541     
 -0.168902326781159     
  0.416895437538884     
 -0.174299203070497     
 -0.777306757958501     
  0.374793705290982     
 -0.448317317747758     
  -1.35654063005704     
  -1.12467465705589     
  1.264183771061481E-002
  0.814346603315804     
 -3.923265850914379E-002
  8.699146409582235E-002
   1.24082122027583     
 -8.496296500437936E-002
 -0.185156793329649     
  0.164519445313597     
 -0.324681665487264     
 -0.706949934894431     
  0.287180882805771     
  0.317258260682692     
 -0.595615498912855     
 -0.401151796791411     
 -7.078522184603073E-002
 -0.343695064860760     
  0.105212480493830     
  0.210432947260260     
  0.587532794023477     
  0.632740844677057     
  0.573956657532874     
  0.465573244902196     
  0.168739324797934     
 -0.863098706667312     
 -0.480856846525823     
 -0.728397246713863     
  0.523979028200776     
  0.234813473354057     
  0.380643401921020     
  0.330423961864262     
  0.700749325784186     
 -0.697428537849506     
 -0.450316240239810     
  0.593749556756871     
  0.833421949606208     
   1.50120955097934     
  0.442064747111211     
  0.649674311975251     
  0.497506040985774     
  0.787781900115919     
 -0.157904940670720     
  0.552601417890294     
 -0.263811979832970     
  0.499142561382226     
  7.165183990706535E-002
 -3.897459708111579E-002
 -0.600020931160883     
   1.48559286052681     
  0.241057056817665     
  -1.02470372655154     
 -0.229815514862483     
  0.668035064457046     
 -8.537893227320632E-002
 -3.976723789705826E-002
  0.354385271533876     
   1.14957687390458     
  0.345283662505117     
  0.365336912534713     
   1.48167257707132     
   1.08150192817288     
 -0.941540021239303     
  0.187881518489944     
 -0.343344582610644     
 -0.584841177003521     
  -1.15265845497531     
  0.356187068542089     
 -0.619523822948365     
  -1.03515121336078     
   1.25370659294347     
 -0.587502034896185     
   1.02687985050645     
  -1.68424159202089     
  8.806205458980167E-002
 -4.279799901853310E-002
  0.646225843869824     
 -0.351926302695588     
  9.416367271816187E-002
 -0.557777685780267     
 -3.148020106957922E-002
  0.765708151332490     
  6.152268128512413E-004
  0.288435285170498     
 -0.374590500015922     
 -0.273937108639488     
  -1.00086299117349     
  0.189280632228818     
 -0.244315144612285     
 -0.560088242105556     
 -0.281100965132060     
  0.241243212910219     
 -0.727672992089625     
 -0.198388343774539     
  5.161217373590662E-002
  7.010821970188733E-002
  3.842758427374504E-002
 -4.991414321120979E-002
  0.201202318869084     
  -1.17633908968701     
  5.038061860084689E-002
  0.110872069260602     
  0.653107359691061     
  0.661068981799388     
 -3.976926308113597E-002
  -1.15803544979812     
  0.139173537414881     
 -0.747829517911611     
   1.27939956108408     
  0.591661198243389     
  0.432079557491484     
  0.559494295161886     
 -0.359551733719447     
  0.394098895656349     
  0.136535192319467     
  0.141562033832264     
  0.239153161189149     
  0.896667369970823     
 -6.483665710356656E-002
   1.29766715668973     
  0.189615149901588     
  0.439174427923682     
  0.249868546378666     
  0.582533811070565     
 -0.218234058647685     
   1.56735557910150     
  0.514906113342268     
  0.296049274235703     
  0.382746522528795     
 -0.101799592286887     
  0.578761187050063     
 -0.622639475737838     
 -0.536278663100681     
  0.215876819179010     
  0.366289703469496     
  0.545630493283415     
  -1.44468247322309     
   1.45486420990824     
 -0.195706563647682     
  -1.69403183214953     
  0.483563864438675     
  0.555824208824882     
 -0.281803278582100     
  0.399066146146899     
 -0.592290896965480     
  0.512932879634537     
  -1.35649457595654     
  -1.06717669969631     
  -1.06733475693410     
 -0.408157561165721     
 -0.165624052303748     
  0.332392316085871     
  0.853287289534305     
  0.864984923386325     
 -0.904903312901146     
  -1.77006919044883     
 -0.159977586897187     
  -1.23389658932168     
 -0.734963949518791     
 -0.106276338571594     
  -1.46571014024041     
  0.973502818809258     
  0.753182203021347     
   1.42243502617128     
  0.553475003617126     
  0.555472376814898     
  0.536677643729155     
  0.380175334775481     
 -5.113191126825574E-002
 -0.180857132546868     
  0.667915076702093     
 -0.395495254379165     
 -0.897830207287658     
  4.586580985333066E-002
   1.24236724835599     
  0.492458817788732     
 -0.790701455771594     
  0.497305748859352     
 -0.416750814771521     
  0.326862778854098     
  9.496166548866219E-002
  -1.24921845497754     
 -7.984630913197834E-002
  0.156071405600702     
  3.937076800855087E-002
 -0.755457068243137     
  8.952478339951085E-002
 -0.140572163137807     
  0.171194054462844     
 -3.506688157585706E-002
  0.981166323947218     
  0.937161823666183     
  -1.60087648180197     
  -1.15200957332542     
  0.761761631429451     
 -0.820217021592550     
 -0.459922724904230     
 -0.122393624935251     
  0.750122703459953     
 -0.376153282462117     
 -0.292493539880571     
   1.71068961497272     
  0.369448315830468     
 -0.868925256820244     
  0.685212845257033     
 -0.343996072962024     
 -4.261090553031496E-002
  0.415258511165938     
 -0.647351952064915     
 -0.151670693539741     
  0.302659182839319     
   1.80944907933088     
  0.773539991338760     
 -0.425442075735481     
  0.329270173247507     
 -0.408095281002307     
  -1.12403310685706     
 -0.222401346066543     
  0.302073039245792     
 -0.510055869683313     
  -1.35175391934183     
   1.51486407748753     
  0.763437333648157     
 -0.384095247938483     
 -0.331706086064997     
 -0.139543900777286     
  0.654647243846025     
  0.450739041628200     
 -0.364826070444402     
 -0.727044244896922     
  3.758399355047159E-002
  -1.45284780952467     
  -1.07512615962309     
 -0.110226946616821     
 -1.710265846792648E-002
 -0.722905907304950     
 -0.941019306632416     
  0.566842857847951     
  0.301093445960210     
  -1.23564355524861     
  0.497375184084122     
 -0.424858531005190     
  0.150402049790357     
  0.139584875411209     
  0.877827291540142     
 -0.539657566429970     
 -0.439738129496426     
 -0.102020757407244     
 -0.273620064349198     
  0.874676956955403     
 -0.827039792367796     
 -0.178704258476370     
 -0.183394981957846     
  0.106948904820012     
  -1.22460274668614     
 -0.530635574910544     
 -0.305014007680699     
  -1.06994520224322     
  0.263618828273978     
  0.877160714149213     
  0.541330148865436     
 -9.041215154349934E-002
  0.471095385888524     
 -0.879819067802703     
 -7.628488312524943E-002
 -0.867970674984415     
  0.659672799878429     
 -0.666830516372715     
  0.529886185354726     
 -0.414239662403581     
  0.405395413789600     
  0.509068517383590     
  0.226551645387473     
  0.293339651495639     
   1.47899205601595     
  -1.30187945652809     
  -1.10065012398063     
  3.024590649454872E-002
  0.812551422872147     
  -1.75667159200749     
   1.33546125835006     
 -0.264094420298642     
  -1.32571483962087     
  0.394378215444227     
   1.21170754415440     
 -0.317317191567372     
 -0.307318794375145     
 -0.477165908619919     
  0.375429922592030     
  0.766876247259773     
 -0.566326094060440     
  0.205284392531655     
  0.501941163080470     
 -0.195576940720890     
 -0.119185105352757     
 -0.166603575357823     
  0.826754995744171     
 -0.615482297473297     
 -0.658777229750199     
 -0.296178999453468     
  0.200223015099081     
   1.05732408273113     
  0.940372496298497     
  5.682291788723419E-002
 -0.396714580008956     
  0.244252976640196     
 -0.424435637246409     
  0.127429550050643     
  0.457582795146286     
 -0.694789542235367     
 -0.133702303232380     
 -0.482019448296111     
 -7.770333299195147E-002
   1.00766849032744     
 -0.415130070496833     
 -0.491657926414516     
  0.893427739363208     
 -0.660273851502310     
 -2.350888881438548E-002
 -0.324260707075182     
  0.321301602081972     
 -0.326889394606469     
  0.392677173554406     
  -1.40170857650117     
  0.316620065395320     
  0.614502801086952     
 -4.026396584931696E-003
  0.105196444496217     
   1.04131707627637     
 -0.412959639011688     
  0.548845762303026     
   1.31683546878152     
   1.26878872594864     
  7.449111041678343E-002
 -0.137872048931591     
 -0.118567016232070     
 -0.704444502209033     
 -0.586906807606434     
  0.435653267771160     
 -0.427751330935759     
 -0.614274519624830     
 -0.579076842975440     
  0.213387945036858     
 -3.930695981553622E-002
  -1.50087910046932     
 -0.321410468131064     
 -0.351846663818762     
 -0.258235423382676     
  0.136780796039671     
  0.492166392152571     
  5.076623894982241E-002
   1.20115182640730     
 -0.342322769762396     
  0.515248745635957     
  0.396544200597129     
 -0.958002995791146     
  0.646235130950984     
 -0.870063810633323     
 -0.775830487733358     
 -5.680005231357955E-002
 -0.358862185337708     
  -1.28533129719180     
   1.00685767119812     
  0.117144273796477     
  0.282143173458458     
  0.594647388335884     
  0.887083416110535     
  0.484175405378295     
  0.423994491586871     
  0.209376767109365     
 -0.150553556534940     
 -0.579527716781902     
 -0.441951741720783     
   1.01618132598990     
  0.734370552826928     
 -0.378615972217901     
  8.382038208613517E-002
  0.121669922218545     
 -0.845387270117276     
 -0.582136911787269     
 -0.526873948133674     
  0.128234784597507     
  0.960336021373025     
  0.852403956914485     
  0.483645963641910     
   1.40713775347256     
  2.856170413518263E-002
  0.507967652225388     
  0.398879226321010     
   1.06839586791059     
  8.816806801330437E-002
 -2.287671817871953E-002
 -0.285991182105390     
 -1.304811991525757E-002
  3.410041108658356E-002
 -0.367641806680690     
  0.295402177224349     
 -0.762174189566624     
 -0.100064662819346     
  0.405708308218793     
  0.750166085084266     
  0.458582569240074     
  2.755716389520821E-002
 -0.238032748754068     
  0.760220985379925     
  0.392628144188790     
 -0.321641363917404     
  4.842407146993631E-002
  0.928958328500690     
 -0.119438618970473     
 -0.379568957931107     
 -0.472971282746838     
  0.797442495363316     
  0.511831458058170     
  0.533982228086638     
 -0.159240976430612     
 -8.068232203606278E-002
  0.385371409389036     
  0.384972565167442     
  0.222898837057272     
  0.584678526025795     
 -0.404999586294297     
  6.367848302450775E-002
  -1.06198308128231     
  0.169855940938989     
  6.300009557934522E-002
 -0.125434854382951     
 -0.760771693735337     
 -8.231050368610934E-003
  0.967140718772282     
 -0.317974094409126     
 -0.762989824636455     
  0.962157470349993     
  0.104544363739690     
  9.941809584855692E-002
  3.885543757157625E-002
   1.70914041989455     
  0.183363353596670     
 -0.930273790656247     
  0.539169390215770     
 -0.970409600245507     
  9.944409015935289E-002
 -5.775454541549557E-002
 -0.395436632560256     
  0.637926941139051     
  0.383185213494359     
  0.665803219040675     
 -0.299251112525727     
  0.576654524367204     
  0.173808032962581     
  0.757971006264875     
  0.669375398662881     
 -0.264440295877846     
 -7.001596072470549E-002
  0.258334491102954     
 -0.329711490088117     
  0.411802209151697     
  -1.20816170612574     
 -3.537460061291471E-002
 -0.303765819852821     
 -0.343590525341351     
 -1.315384025130390E-002
  0.390002170471933     
  4.959218707112111E-002
  0.135520236093066     
 -0.729937869411969     
  0.679143546813998     
  0.203545707092344     
  1.496694793326264E-002
  0.107446624666297     
 -0.363461665282827     
 -0.283281399591255     
 -0.480095377660209     
  0.770630276411516     
   1.41643664209561     
 -8.987679845539987E-003
  0.126514254410786     
  0.726692801940402     
  0.314543838947614     
 -0.732527370311205     
  0.655137563941513     
 -0.694955084242729     
  0.527713767084250     
  0.754296020446547     
  0.297413506832181     
   1.25031825750505     
  0.252934980270617     
  4.063982818989575E-002
 -0.372231147225484     
  0.920534795639674     
 -0.910248712027584     
  0.705163352974653     
  0.362124889769856     
  0.915831225593859     
  -1.08755800988367     
  0.205095134590354     
  0.156775887090800     
  0.348468474846325     
 -0.440730006136266     
 -0.294758698504002     
  9.720261077677203E-002
 -0.846414671216057     
 -0.922841373717504     
   1.36025715554822     
 -0.330779386794334     
 -0.510952723185693     
 -0.491182801439678     
 -0.232063938278614     
 -0.906757587363695     
  0.201899193900010     
 -0.718300783617993     
 -0.564414359891380     
 -0.420684614802527     
  0.564774974052652     
  0.365258439799773     
 -0.457502788711964     
  0.508881386860091     
 -0.306951238885524     
 -0.370128001779107     
 -0.142435597921966     
  0.464108921140459     
  0.615717955300019     
  0.324401168553930     
  0.631294474518937     
  0.566732614173865     
  0.519094352594684     
  -1.07140363578541     
  0.231060700668383     
  0.599372442508366     
  0.625612465330881     
  0.131795276837922     
 -0.274820797179420     
   1.24981431627771     
 -0.623785521956228     
 -0.190210958515103     
 -0.770673188408345     
 -0.513303001340121     
  -1.14885070644587     
  0.620681176681433     
 -0.133090639153796     
 -0.799039691359459     
  0.161804542446026     
  0.940427821158369     
 -0.629107868523761     
 -0.203364902499882     
  0.494292368523577     
 -8.143110136795285E-002
  0.422663255349570     
  0.866835828749872     
  6.756870041739033E-002
 -0.533466874447539     
  0.458639564244644     
   1.10296523755718     
  2.411818124516188E-002
 -0.813074886605854     
 -0.283938761946169     
 -0.251292963674328     
  0.164469638577108     
 -6.855803360926732E-002
  0.647386140274158     
   1.60595974293172     
  0.656952436622251     
 -0.545822114288844     
 -0.811412784598384     
  6.691620236641914E-002
  -1.08696846875922     
  0.883039041944466     
 -0.829592798263413     
  0.467918742924279     
  0.158211309067292     
  0.636812425204568     
  0.848724470948949     
  0.174744996959660     
 -0.139206188966218     
 -0.198361096062865     
 -0.441550109556470     
   1.56495727883656     
 -0.263133314062271     
 -0.177284107366549     
 -0.308413610955147     
  0.417143932456323     
 -1.087095380743022E-002
 -4.139981540222050E-002
 -2.838294091643176E-002
  0.382220356975740     
 -2.098917737861567E-002
  0.156537149714608     
  0.196339009544845     
 -7.345037817581457E-003
 -1.898522508587126E-002
 -0.900607794728113     
  0.271393072792615     
   1.25625364244471     
  0.549225867167762     
 -0.311251026728189     
  0.519665740394991     
 -0.786849204278094     
 -0.226253908124366     
  0.381295011997642     
  0.455459030430608     
 -5.504099898175931E-003
  0.633697328619399     
  1.503014885754015E-002
 -0.832297017255850     
  6.665524341046540E-002
  0.712450805566404     
 -8.404855731773817E-002
 -0.575414622110568     
 -0.543865990702638     
  0.463224018481106     
 -0.211845865539734     
  1.429816599957629E-002
 -9.390878064631840E-003
  0.130521072003451     
  0.514517093914590     
 -0.267314183848023     
 -3.105567161782293E-002
 -0.338009767353124     
 -0.491860800342749     
  0.510813871300210     
 -0.670605619170853     
 -1.691745217818683E-002
  6.327068440000951E-002
 -1.380832457067483E-002
  0.373322094067693     
 -0.724349607642291     
  7.938086230563002E-002
 -0.711786770927649     
  0.326356884860718     
 -0.151037725594964     
  0.241494619006718     
  0.722443801001022     
  0.405831952250569     
 -0.167491351674476     
   1.25957920702410     
 -5.842694706325233E-002
  0.150846105502796     
 -0.167831676804650     
 -9.234265191310861E-002
 -0.265261337887651     
  7.580188457724587E-003
  0.198229914492171     
 -0.520726344324289     
  0.525680837737314     
 -0.735764677150797     
  0.171497465539236     
 -0.617857536626000     
 -0.139546011980908     
 -0.319120908634810     
 -4.178327621128484E-003
 -0.368757072878770     
  0.541411806516042     
  0.999381308815828     
  -1.05872361203155     
  0.256756224361336     
 -0.195779576688414     
  3.494528356533935E-003
  0.693223012876424     
 -1.668680081585744E-002
 -0.477926206972874     
  0.828455967191285     
 -0.371621528474430     
 -0.218611902309428     
 -0.177809861428338     
 -0.382596763582041     
 -0.982273689175257     
 -0.982648638546432     
  0.400375716527876     
  0.366905059270121     
  0.901996638787269     
  -1.42751495240215     
  0.237099620791585     
  9.401267165172986E-002
  0.444272153823395     
  5.154181043564857E-002
 
   1.19462201533104     
  0.782371391134853     
  0.255822923925257     
  0.162286057801208     
  0.432250845851863     
 -9.077740339793364E-002
  0.985798638844218     
 -0.333003944565708     
 -0.199086363109844     
  0.338792070124639     
 -0.312489537842522     
 -0.338610706731766     
 -0.823546728548721     
 -0.253971105714323     
 -0.388671905697710     
  0.532731677071547     
  0.421653949377592     
  0.510126788297896     
 -5.707051077040808E-002
  -1.00316844157482     
  0.236964634214230     
 -0.141988504017183     
   1.15671254035369     
  0.272751937091459     
 -0.496421134893391     
  0.746625853716272     
  0.447316553572780     
  0.406973906044519     
  6.449330838849486E-002
 -0.817441885132808     
 
  0.317996734667070     
 -0.392979160810011     
 -0.122846799795181     
 -0.117305247891355     
  0.126530652015101     
  4.680672331870814E-002
 -0.650376939272975     
 -0.457878822200816     
  0.241018031145429     
  7.287655454649133E-002
  7.610631583751765E-002
  0.151496612941034     
 -3.987483012353227E-002
 -0.332945882512988     
 -6.200038956418975E-002
  5.553891640901638E-002
  5.485798230780775E-002
  0.366309707394975     
 -0.170509076342262     
  7.305070947458750E-002
  0.122295596764843     
  0.130144437782166     
  0.122100418375768     
 -4.670853566570995E-002
 -0.170210434620002     
  3.492316677119579E-002
  6.395747012211753E-002
 -0.107265635426846     
  8.551083270293552E-002
 -2.536004214396549E-002
 
 -5.328444962806446E-002
 
  tansig  tansig 
