     48 -    30 -    30 -     1 
rmse=  31.9542meV
 -0.383186806171401     
  7.839896346433645E-002
 -3.975414444793147E-002
 -0.649201104027676     
 -2.013754711898795E-002
  0.315319617976636     
 -1.144963112570978E-002
 -0.962549017247704     
 -0.400419671925520     
  0.447378659345489     
   1.39565549103703     
  0.521101779599219     
  0.696432006837493     
 -0.912717038512941     
 -0.935425439769410     
  0.537401434993477     
 -0.487306968008611     
 -6.014921300652514E-002
  0.558865790987633     
  0.925736786943430     
  0.323852370255591     
 -0.284360014473498     
 -3.890505750045584E-002
  0.924085713516976     
 -0.952051279803701     
  0.296086861190538     
 -0.745462458133033     
 -0.853994067411687     
  -1.14146938765785     
  0.374888711333386     
  0.136348369193616     
 -0.561984186824359     
  6.249355925546524E-002
  0.125265919945932     
  3.853000348980513E-002
 -0.253156633670506     
 -0.757926927941659     
 -1.063769106435411E-003
  0.623660391389602     
  0.452977872639809     
 -0.297362864133531     
  -1.12140663168550     
 -0.148216852572640     
  0.839808480243927     
 -0.861852673590137     
   1.48996011833341     
 -0.834637852744721     
 -0.174917842676520     
  0.230227078331798     
  0.174106123102435     
  0.244966969418780     
  0.231176162342141     
 -2.833731798370893E-003
  -1.51426296495235     
 -0.322373383228622     
 -0.813356887138891     
 -0.315297458603197     
  0.854017226389085     
  0.721024353281753     
 -1.078367517736229E-002
  0.430566901909190     
  0.533246556208501     
  0.221300415018342     
  -1.22962335466687     
  4.584773282802661E-002
 -6.660905353087700E-002
  0.305283340949847     
  1.035935426645023E-002
 -0.738703961547983     
 -2.201645728152694E-002
 -6.131332263218620E-002
 -4.912417502866411E-002
  -1.52311513337602     
  0.816465912493418     
 -0.776347314020783     
  0.331123793403185     
  -1.03408925739247     
 -0.248694830174262     
  0.397483321547571     
 -0.469862876443860     
 -0.370284766665526     
 -0.111258201700002     
  0.655412066972942     
 -0.496820154747410     
   1.44200873507101     
  0.273210961808745     
   1.04045756562262     
  0.460498908766271     
 -0.211511157313205     
 -0.545338178156746     
  0.219289061540231     
  0.460885727632312     
  -1.08351986920287     
  1.236768905221033E-002
  0.106981209713673     
  0.872035474594753     
  5.065634269898521E-003
 -0.165047673478530     
  2.660957585253617E-002
  0.315323908488099     
 -0.373214928550892     
  0.439345936545603     
  2.158111013680684E-002
  0.258798425261448     
  0.271653604871349     
 -8.550655281670619E-002
  7.945178360732254E-003
 -0.609699755620669     
 -0.645315136476370     
 -0.145213649724935     
  -1.24250981199187     
 -0.387928318029443     
 -0.132008454196729     
 -3.788327646396811E-002
 -7.292517575222099E-002
  3.741771339475742E-002
 -0.345213321580703     
 -0.133484988412040     
 -0.537594528009917     
 -0.650565731032462     
  0.424951137983213     
  0.594626509990741     
  9.923842982992512E-002
  0.579980834558184     
  0.695598179343018     
  0.486098763211973     
  0.130440005526936     
 -2.483447294974137E-002
  6.642405216314272E-002
  9.625771262752310E-002
 -0.396132291897014     
  0.836286920332389     
 -3.587239345140064E-002
 -0.195234673710286     
 -8.120731373499519E-002
 -0.182367301294409     
  6.021873251835792E-002
 -0.367809300747925     
  0.368950340428412     
  0.706298912084522     
  0.379612072481120     
  0.215265894310020     
  0.477075994912839     
  0.528441428621782     
  0.282424090752471     
  7.429457949285062E-002
  0.441462314564241     
 -0.356269032637550     
 -8.003132140330579E-002
  0.686034068802939     
 -0.680258372083033     
   1.06108552639093     
 -0.925365263156364     
   1.55019139331812     
  0.552047568063027     
 -0.404320674710585     
 -0.171822406430212     
 -0.574958321020140     
  0.744273255935801     
 -0.649853168082940     
   1.28138325488652     
  0.240602704723689     
  6.581569930716721E-002
  9.623546781963803E-002
 -0.134773041782451     
 -0.525899980599301     
  0.429448518928574     
 -0.258880804572448     
  0.448957297757492     
 -0.791817040436087     
 -0.805515448180610     
 -0.298554017514839     
  0.920996228373333     
 -0.324004660290522     
 -0.300794232622734     
 -0.409693130380618     
  4.579088571240771E-003
  0.192429629583831     
 -0.154322959357169     
 -0.166440965781308     
  0.271744130780894     
 -0.535388989677478     
  6.914631163997408E-002
 -0.760784980367017     
 -9.963800609909934E-002
 -0.801455315267948     
 -0.326787515608920     
 -0.113314821209976     
  0.484222473399459     
  0.600122097346621     
  0.542648782930162     
  0.832332448083064     
  0.283967477137261     
  0.228204334200863     
  0.279905108787910     
  0.797138194404491     
  0.911132783737934     
 -0.893730642232262     
  0.870068928824621     
 -0.682968187730103     
 -0.401732129668229     
 -3.411302643354078E-002
   1.57549072153798     
  0.311502394886633     
  0.134022700689641     
 -0.343281973879280     
 -0.475721209819723     
  0.139010390048267     
  0.498657285731780     
  0.131730028348332     
  5.915759206523707E-002
 -0.322571527376821     
  -1.08667338355654     
   1.04060696241036     
 -0.308393138431727     
  0.353246995705186     
  5.413098344503754E-002
  -1.05328720972362     
 -0.272014548514813     
  -1.16577429585009     
  0.809047067700738     
 -0.365703056372260     
 -2.397771959706790E-002
  0.837605237550400     
 -3.203822133301562E-002
 -0.131387986631025     
  0.852936915659804     
  0.719346803905057     
 -0.718129106631797     
  0.223907530420807     
 -0.612721600846277     
  0.869849897421106     
 -0.252930953559944     
  0.257075934442545     
 -0.221180688853375     
 -0.123996171044743     
  0.422499076165108     
  0.486804966640198     
  9.236442956298857E-002
 -0.321111649066864     
 -0.176480300332136     
  5.187658414911467E-002
  0.362816676985348     
   1.33282796453401     
  0.154034802974376     
  0.165818784220780     
  0.151831798823712     
  0.924965593264664     
  0.738093925009101     
  0.974089129581072     
  0.176123120438866     
 -0.446410380369402     
  -2.21038002321320     
  0.458531561822715     
 -0.141275298247131     
  0.163128425585364     
 -3.328848313860722E-002
  6.363977900567916E-002
  0.329877652846755     
  0.357728274320868     
 -0.103360314465768     
 -3.514277256007638E-002
  0.334695645741555     
  0.246641636161353     
 -9.979433574708368E-002
 -0.532168677740697     
  0.732784182939973     
   1.33016756413519     
  0.259104591782155     
 -0.177723788160189     
  0.342385063700872     
  0.296756080039069     
 -0.922104989626693     
 -0.108758592809024     
  0.994393666306844     
 -9.037257663082852E-004
 -0.181071862358560     
  -1.48395400379331     
 -0.214973215631491     
  -1.29236568426501     
 -0.182100504546355     
  -1.24188346049301     
 -0.919784894766294     
   1.37961341779953     
   1.35850959641166     
  5.971767195519749E-004
 -0.771112450968652     
 -0.187244250971944     
  0.262857088600221     
  0.374304189125596     
  0.126356603610303     
 -0.786073440594737     
  0.171879089459971     
 -0.146181411935616     
  6.932054397475543E-002
 -0.237127148153475     
 -0.184863105829461     
 -0.445373305465191     
 -0.291970874093280     
  2.153029091930841E-002
 -0.210145838402065     
 -0.707281920868028     
 -0.290304308507755     
  3.169301986195711E-002
  0.220709031915834     
  8.565819477693797E-002
  0.280548388788047     
 -0.123468790092963     
  0.428415985181651     
 -0.199104634534098     
  0.312454352097527     
  0.415305846827431     
 -0.496385696770373     
  0.315878370768623     
 -0.227290876936791     
 -0.632870807509509     
  0.834003009032677     
  0.489011096430484     
 -2.719456050198667E-002
 -0.567411300361851     
  0.654164556895158     
 -0.209695465871367     
  0.218603693208931     
  0.256038505483147     
  0.147838440633937     
  0.498174809554443     
 -8.544396762606354E-002
  0.347459771566413     
  0.241985117462603     
  0.603208332318819     
 -1.098885494617281E-002
  0.150065748718188     
  0.405328417163354     
  0.333210489739612     
  0.269460470973112     
  0.326027219210157     
 -0.256659609493391     
 -6.666081085647846E-002
  1.049843842724550E-002
 -0.810450340306901     
 -0.701876236735816     
 -0.797821464954983     
  0.521171460297141     
  0.256936775942727     
  0.820352856197482     
 -3.295800213255923E-002
 -9.404981457910691E-002
  0.154520331316125     
  0.863197850355875     
  -1.12304761671699     
 -0.250683739405333     
 -4.197124523096599E-002
 -0.165691652835067     
 -1.631224864784502E-002
 -0.157145604090783     
 -0.447457368486182     
   1.00625423616479     
 -2.138085539196855E-002
  0.604921699126358     
  -1.57911961456234     
  0.714761403934247     
  -1.33350131575002     
  0.439242103563880     
 -0.258261670956417     
 -9.624050493282230E-003
  1.739084006982927E-003
 -0.179601723113024     
 -0.120467018468284     
  0.290334745105975     
  0.354880802460470     
  0.682861489079253     
 -0.535032779086077     
   1.06701103037460     
  0.934267233531979     
 -0.252506738105070     
 -0.670980185000398     
  0.738537376044374     
 -0.139351364929027     
 -3.053656889978126E-002
 -0.233377405857803     
 -0.492506518559453     
  0.808448509847405     
 -0.193248089443312     
 -0.413897877331798     
 -6.769252017866388E-002
  0.138400053491299     
  1.322808656844824E-003
 -0.115576097402706     
  0.374509510759298     
 -0.533284633929080     
 -0.548425196205008     
 -0.185450110075307     
 -0.111445587069559     
 -0.123375471212806     
  0.195810672471073     
 -0.355570439223799     
  0.192802921146697     
  0.511149043096516     
 -9.180935411072716E-002
  0.155127169011242     
 -5.685089349767179E-002
  9.706584211337020E-002
  0.185217354083464     
 -0.440867343442438     
  -1.42571373777617     
   1.92353721319376     
 -0.592234875522002     
 -0.514390146711606     
 -0.420053972230598     
  0.222847761217174     
 -0.281293067265511     
  0.857224853397820     
 -0.516747816785601     
 -0.501611237399357     
 -3.458935703187603E-002
  4.450840686407696E-003
 -0.195914271783658     
  0.533234372531549     
 -0.662795165515234     
 -1.530492698440559E-002
  0.677362788503289     
  3.506125522131488E-002
  0.250247438140393     
  0.401012768563520     
 -0.275844402719684     
 -7.413556297078626E-002
  0.593685144952053     
  0.549772960584665     
 -0.801791369128895     
  0.351553956711729     
 -0.501647479960921     
  6.258562731239710E-002
 -6.308553868437661E-002
 -2.646157886832865E-002
 -0.131445023076701     
  0.552152841221485     
 -0.835876530393838     
 -0.441480166735803     
  0.648628199269673     
  -1.10091332501521     
  0.144525541286052     
 -0.453541923612542     
 -0.348390542785878     
  0.307314488955405     
 -0.238700488759308     
 -0.501236632862346     
  0.145277706618400     
  0.190074699226969     
  5.594835776414511E-002
  0.156738357081415     
 -0.232045191477955     
  0.151527880909894     
 -0.336227532382662     
  0.503339404563744     
  0.523119426248404     
  0.666332683233145     
 -0.210093296972592     
  0.366600120415384     
 -0.303172837301740     
 -0.699390332161887     
  2.300969685877776E-002
  1.961326713649496E-002
  3.274831339545515E-002
 -0.359425775071387     
 -1.139976375412235E-002
 -5.577993788936163E-002
  0.289568900067587     
 -0.290063377022186     
  0.517329185570299     
 -0.346743555791584     
  2.368740862823682E-002
  0.859755933329949     
  0.302440578404523     
  0.851861903909923     
 -0.155266124644420     
  0.321988252552354     
  0.240590537564360     
  0.289886458068861     
  8.368662789474702E-003
 -0.244286514765904     
 -0.596025251628265     
 -0.316683176448390     
  3.505609411524860E-002
  0.165888896898968     
 -0.473144792068268     
 -0.706236445791571     
  0.580215817288890     
 -1.780736965509542E-002
 -0.431527130882202     
 -0.773094689962498     
 -0.849516377472645     
 -0.605271262870307     
 -0.336307592982309     
  0.358355693336342     
  0.508232857738091     
 -4.155179673729603E-002
 -0.941732302399245     
 -0.362759601781621     
 -0.120496184847117     
  3.066873317974200E-002
  0.106641777678074     
  0.771596075397069     
 -0.388081016433455     
  0.649016072547996     
   1.25003680717681     
 -0.275779130337410     
  0.254283681737503     
  0.805314519421304     
  0.456478498153439     
 -0.525493781535632     
  0.895281463572653     
  -1.31650334928520     
 -0.871273196542913     
 -0.311966190231338     
  0.949398187955107     
 -0.529038496431213     
  3.264128162731079E-002
 -0.629693094257200     
 -0.683666880918005     
  0.553758141268495     
 -0.511278183566701     
  0.872080786482071     
  2.134475797650682E-002
  0.796378816664665     
 -9.719614359636303E-003
 -7.134786154908794E-002
 -0.859453041191112     
  0.804939386436602     
 -9.219357426273540E-002
  9.654387213395807E-002
  0.132543667295503     
 -0.343306686595328     
 -0.189294973699598     
 -0.209393018827858     
 -0.159634588344022     
 -0.629836663428113     
 -5.787885562696693E-002
  1.287170022559172E-003
  0.925574721556730     
  0.327944370129411     
  0.159527390697197     
 -0.262531824294078     
  0.248141598115876     
  0.157065813236450     
 -0.404647415157034     
  0.462108885723812     
  0.201522732102462     
 -5.369110814201250E-002
  9.928093457910998E-002
  8.607382299782673E-002
  0.806889792125548     
  4.569920070385340E-002
 -0.392863525871117     
  0.317466232593516     
 -4.365645304422315E-003
  0.416571669402509     
 -0.617247302118263     
 -0.353392660118410     
 -6.998410314686239E-002
  0.150797123815621     
  0.526215545845169     
 -0.385656672433974     
  0.337622724447236     
 -0.520116125796267     
  0.489719442861580     
  0.264250413262906     
  0.502978470423685     
  0.382837576313375     
  0.890219130967251     
 -0.953977667422953     
  0.296419812988881     
 -0.412068085616407     
  3.620853767295536E-002
  0.149095899577300     
 -0.171328086860093     
 -0.317969344991301     
 -0.627392750891748     
 -0.219601626853196     
 -4.978708625333383E-002
 -0.469158567672159     
  0.637253853815558     
 -0.392900739636891     
 -0.562595368425686     
  0.672423341300172     
 -0.294872177529116     
  0.255185491854057     
 -0.382561567800516     
 -0.773700488095401     
 -0.666071646342623     
  0.403833256774214     
  0.275579847270629     
 -0.804434763233051     
 -4.822538140342798E-002
  0.159417973014462     
 -3.194414708180340E-002
 -4.602993992245772E-002
 -0.853263115568249     
  0.639820623313299     
 -0.387000558842481     
  0.456387004802632     
   1.28342932263308     
 -0.336501510787300     
 -0.455821419521186     
  0.504355806166851     
  0.137507458775474     
  0.108133866871797     
 -1.563578882480519E-002
  0.122832723696800     
 -0.471881205343470     
  0.831666586415188     
  8.769806472009646E-002
 -0.227854034730807     
  0.763748255693476     
   1.02488670225349     
 -5.456691976557423E-002
 -0.201059984939658     
 -0.467622102803946     
  0.129950891803245     
   1.05992206318476     
  0.467091734874535     
  0.275864232767367     
 -0.373721400598479     
  0.297338198825913     
  0.867946872021945     
 -9.651101208290402E-002
 -0.113296413367858     
 -0.229206499259372     
 -0.924501410313774     
 -0.440079332815932     
   1.51326468421393     
  -1.57609818449509     
  0.418773520656098     
   1.33453191221468     
  9.856975613739251E-003
  0.684028654792827     
 -0.428684105267080     
 -0.289538255144128     
  3.251579288548839E-002
  0.237285461525859     
 -0.129008981148225     
 -0.278003179237291     
 -0.111393702104579     
 -0.131365455454322     
 -4.268390829964388E-002
  0.325085822428358     
  0.678840447576812     
  0.763737485064785     
  0.439055600597541     
 -0.828958217757314     
   1.19053444106438     
 -0.800770032234656     
 -0.175021227858993     
 -0.683266490075050     
 -0.758502591989256     
 -1.704979974642246E-002
  0.802150793498031     
 -0.222467636932971     
 -0.692129548038734     
  0.526628016344667     
  0.164886775338745     
  3.607559679828316E-002
  -1.34063990288188     
  0.972736147110672     
  -1.23498354398653     
  0.752889902947824     
 -0.893278537346230     
  -1.13103703929390     
 -0.415248734102133     
  0.252531369070314     
 -3.532109517204247E-002
 -1.698576319087215E-002
 -7.093690475979800E-002
  0.235259338280591     
 -0.123152684914776     
 -0.175368222505127     
 -0.306516005670736     
 -0.280674177202374     
 -0.297008837431493     
 -8.369543573200752E-002
 -0.833568235247902     
  6.924503014442696E-004
  1.868428693866027E-002
 -0.143737969080951     
 -0.141247914957066     
   1.31654538151811     
  0.180003745990318     
  0.890210985839260     
  0.742434425294261     
  0.181488696693609     
 -4.101972999369460E-002
  0.196919960627443     
 -6.768698404202261E-002
 -0.247379659203913     
   1.31010874442492     
  -1.12002247607593     
   1.09106534711352     
 -0.713995258634254     
  0.534559855601617     
  8.154517183605622E-002
  0.102886549578173     
 -0.815403697959513     
  8.649432536230734E-003
 -0.669910054180282     
  0.368607698979471     
  0.470933599935684     
 -0.275594704016679     
 -0.297159910477874     
  -1.01113137831955     
  0.551746463764112     
 -0.632629314943830     
 -0.116149674568561     
  0.675409099646873     
 -0.301487375948934     
  0.177040769222539     
  0.278347342478761     
 -0.419837402605861     
  -1.17350345256926     
  0.226999443286523     
 -0.778876475179475     
 -0.465027851625777     
  0.377467557958223     
  4.787296730586453E-002
  5.679635630067774E-002
  0.263204784560470     
 -0.602589492494199     
 -0.431935221722820     
  0.214389763212946     
 -0.574126904861336     
 -0.134397226114603     
 -0.313474358632531     
  0.471169970476879     
 -0.144446467823312     
 -0.213027132097274     
 -0.333243399499403     
 -0.126947715431427     
 -0.310828797734077     
   1.01125356427425     
  0.194970103777125     
 -0.274765904932217     
 -0.291886744156502     
 -1.255798800302249E-002
 -0.216016300064592     
  0.478388165706397     
 -0.129567539119507     
 -0.689779971323088     
  0.365338031444862     
 -0.309495238663270     
  0.374348007430071     
  0.302614797877871     
  0.722342944972864     
 -0.675202383903217     
  0.413885339381748     
  0.687630409083679     
  0.126260279889776     
 -0.546552762465275     
 -0.120837937122718     
  0.707489434282554     
 -0.253945918044580     
  0.252097701538790     
  0.230467079331288     
  0.718030225273593     
 -0.197362255004392     
  0.433844544142452     
  0.174008884420454     
 -0.196538833378217     
  0.415510669081791     
  0.191719627706123     
  0.196766225648008     
  0.162628356497941     
 -0.274817424967164     
 -0.206949795936132     
  0.395628122188867     
  0.114587218634262     
 -1.182320934194472E-002
 -0.166449481584954     
 -0.502411513003547     
  0.115404887259989     
 -0.314685740861346     
 -0.322029255104345     
 -4.840011924134857E-002
 -6.091163276461102E-002
  0.309868690169632     
  0.569633576963235     
  0.416961456728443     
  0.926266139854241     
  0.221494358045779     
 -7.068521127033552E-002
 -0.940265492113456     
  0.155696158025635     
  0.258182023615744     
  0.944791289531890     
  0.555755064135837     
 -0.326182733841063     
 -0.334178118374771     
  0.363454083236607     
 -0.157237707842776     
 -6.608335541096585E-002
 -0.184528820465694     
  0.143596968664364     
 -0.253218836070784     
  0.755360183193712     
   1.07631932512583     
  -1.21983001384882     
  0.458857658119439     
  0.181584599541269     
 -0.358150797852670     
  0.258018555225619     
  0.273486912538791     
  0.523811630109610     
  0.539613998035073     
 -0.350129099110865     
  0.376598357887643     
 -0.110714810085300     
 -8.969641483689973E-002
 -0.735604475459843     
 -0.235397130897556     
  0.327953509616729     
 -7.387557592854005E-002
 -2.285331821570952E-002
 -0.311104538472660     
 -0.284989193016984     
  2.990257741490986E-002
 -0.420717018828664     
  0.608354440483825     
 -0.422167885217104     
  0.401206963858390     
  0.320909514757380     
  0.224981491557547     
 -0.456005417990933     
  0.520830525608310     
  1.924213539283357E-002
   1.12087235812636     
  0.493742548008241     
 -0.134098608064068     
 -0.577432151787359     
 -0.234465000151408     
 -0.777536349339659     
   1.11988436930889     
 -0.197687316335808     
 -0.308077316227078     
  0.749635205276053     
 -0.420013040453155     
 -0.568790923096803     
 -0.701852098932437     
  0.435320005366616     
  0.107916712530294     
 -0.135683073330023     
 -0.752019423447402     
  0.316843873679928     
  7.245842934335883E-002
 -0.289343960550051     
  0.982032506510409     
  8.730342398527385E-002
  0.533138606086856     
  2.742184291124110E-002
 -8.216565290934277E-002
 -0.552036723045289     
 -0.240184210400103     
  5.423142219529015E-002
  4.469492831568987E-002
  0.581333486843158     
 -0.761825977423764     
 -5.688014203782743E-002
 -0.531202164292782     
  0.204376623429032     
 -0.277623654393399     
 -0.319510715669730     
  0.757173480921565     
  0.266983930142013     
  0.225109478398795     
 -0.825670482631442     
  0.763951977936953     
  3.964287962462792E-002
  6.050945619161124E-002
 -0.631502370726176     
 -2.944986966697823E-002
  0.106578246870269     
   1.02906655537420     
 -0.630554908815664     
  0.390413923892448     
  9.524020113890398E-002
 -4.609171670084723E-002
 -0.639825642801520     
 -5.698610877001859E-002
 -0.639381207885012     
  0.812424455057650     
 -2.178586389085252E-002
 -0.145936842071760     
  0.488079208767793     
 -0.484681215011552     
  0.248573653870942     
 -0.169133184432977     
 -2.767050021603849E-002
 -0.404669211427541     
 -0.380208184861451     
  0.503954319007556     
 -0.110346502886451     
 -0.126417607169532     
  0.144427919925074     
  0.535909541015805     
  0.502031327628676     
  -1.27973516714260     
  0.438867524793787     
 -0.862257429362026     
 -0.129542624987184     
  3.572057644434166E-002
 -0.452598550620789     
  0.228615456888438     
 -0.359438011206563     
 -0.327672365791991     
  7.751866929568987E-002
 -0.231158483506177     
  0.274895886982722     
  0.182525021065793     
  4.097593979601605E-002
  3.544486952172836E-003
 -0.487407247509661     
 -0.202859604354018     
  0.290652892662812     
 -0.234966709209411     
  0.120421063017584     
 -0.168666328728543     
 -0.179356133121533     
 -1.251037369348087E-002
 -4.112583643213052E-004
  0.417750728569789     
  0.406817974192380     
  0.296961407522430     
 -0.675988921618720     
  6.406704833726411E-002
  5.239898714926666E-002
  0.234662462166180     
  0.585294058072162     
 -0.430447481494788     
  0.151469395483435     
  0.101055139926080     
 -0.158423318089553     
 -3.964050090317460E-002
  0.101298092924161     
  0.146762016168301     
  6.746224952517652E-002
  0.149295029707660     
 -0.558157919047056     
  0.507149113034875     
 -0.127749196415888     
 -3.402022196747177E-002
  0.140158229798938     
 -0.549115947587709     
  2.572296339936021E-002
 -8.356505662090166E-004
 -0.288827656486511     
 -9.763912598520931E-002
  0.329348656566539     
  0.127522058097722     
 -2.751376116944668E-002
 -0.109359676220176     
 -0.154629119589229     
 -0.405954842518341     
  0.179029305008688     
 -0.600953724561785     
  0.225744631090840     
 -5.183819925968163E-002
 -6.716016822149969E-002
  0.792841698959031     
  0.133182057531395     
 -0.117882476777105     
 -3.415365133120517E-002
 -6.266289945546956E-002
 -0.673148098635900     
  0.711739205872131     
  0.672443849633495     
  0.107386371092784     
 -0.388112567582640     
  9.400998012805653E-003
 -0.780743526844248     
  0.162722458423412     
 -0.360097583450896     
 -0.186688438847330     
 -0.225375212109913     
 -0.417986288734929     
 -0.781359426897976     
   1.04229427636127     
 -8.413655564100911E-002
 -0.464865150622867     
  0.127680128852445     
 -0.618053252426518     
 -0.991499831694212     
  0.476063990520737     
  0.208233401184553     
 -0.591710662080323     
  0.523726835812387     
  0.181742996411154     
 -0.473634279856585     
  -1.02314409494129     
 -0.849732466558772     
   1.24499425694163     
 -0.674460765177037     
 -0.494879588942022     
  0.182563688873398     
  2.833274127512515E-002
 -9.225286329675327E-002
  -1.19490056328910     
 -0.238691834085436     
 -0.331839960546186     
  0.156799307958227     
  0.526084814490467     
 -0.736717007008154     
  3.928996888523400E-003
 -0.631910760738434     
 -0.253845084894292     
 -0.272052680980098     
  0.837940999592620     
  0.323523850661939     
 -0.953516565476153     
  0.861520062648421     
 -0.121270036530405     
 -0.175324985275642     
   1.27319936531745     
 -0.809016723007061     
  -1.04020654917107     
 -0.503635972228818     
  0.715681028958666     
 -0.675135091240154     
 -0.434194707962147     
  -1.17306584653691     
 -0.132571000989923     
  0.162733758494185     
 -1.814955317632069E-002
 -0.705384154486108     
  0.461545888020084     
  0.226528371664189     
  8.024182371506944E-002
  0.877984807206385     
  -1.00397282495963     
   1.31020806147973     
 -7.781791998683575E-002
 -0.173262216442740     
  0.215820602837543     
  0.500032597273660     
 -0.446576287514246     
 -0.380127878382713     
  0.138472056050982     
  0.159489546940420     
  0.583321866335023     
 -0.651983940520258     
  0.729585939128437     
  0.112385250188150     
  3.938969720312065E-002
 -0.190001961099483     
 -0.399109684776582     
   1.54679404385113     
  0.959037555921943     
  0.372322674457229     
 -0.959350039155852     
  0.391919817787789     
  0.387731029047765     
  0.135035720613421     
  5.360699246245328E-002
 -8.030688236098603E-002
 -0.236696240102638     
 -0.289140047474129     
  0.292037026574770     
  0.562624793342259     
  0.511693863891010     
  0.329067632582574     
  0.510829209835827     
  0.881688247268643     
  4.512251280322865E-002
 -0.127448297372961     
  0.495774636904102     
  0.830775521023066     
 -0.167702220226657     
 -6.655666982215482E-002
 -1.413954283543832E-002
  5.123763976055788E-002
 -0.417248332210433     
  6.077452533444723E-002
 -0.778386269323819     
  0.976532540442384     
  0.330603008790640     
 -0.131649535623415     
  0.623796683447561     
 -0.315051565888592     
 -0.615315695272511     
 -0.667345625625648     
  0.639459878420302     
  -1.04715827774229     
  0.175900327254118     
 -0.109227533630273     
 -3.873140938649285E-002
  0.366277684668008     
 -0.117634998843166     
 -4.954580070119829E-002
 -0.987460704112140     
 -0.645008971211291     
 -0.285644924058284     
 -0.141232991760665     
  -1.08851647305155     
 -0.266218778423086     
  0.143715689825979     
 -0.327732104880615     
  0.381531085545533     
 -0.578154481866495     
   1.04136093100400     
  0.323442468033352     
  0.227052650688451     
  7.664615331933419E-002
 -2.722599155803241E-003
 -0.220194781743803     
 -2.438697170419669E-002
  0.218442634792593     
 -0.466648149125634     
  0.239684823328814     
  0.149981321594604     
 -0.346497964372555     
 -0.857388797016090     
 -0.834315570759671     
  0.109937000579696     
 -0.611876619568899     
 -0.603569273969636     
  0.434531043682396     
  0.181498969220975     
  2.836147936788369E-002
  0.680055760108922     
 -0.246175882234524     
  0.482940034550646     
 -0.527983645207756     
  0.334719842510764     
  0.321577448700831     
 -0.418199613090350     
  0.762184897956693     
 -0.313037415742143     
   1.10688328420926     
  0.676507017996499     
 -0.325632495649454     
  8.520526595070829E-002
  0.610184725962657     
  3.405456569720901E-002
 -0.504112716192723     
 -7.132983296935137E-002
 -6.427163445333603E-002
  0.207931193759317     
  0.385692147163621     
 -4.344238037118388E-002
  0.476575594944432     
 -0.343546816424177     
  0.841780168714298     
   1.67789944618482     
  0.331938666460285     
 -0.213280336045868     
   1.01385089984745     
  0.456481726659229     
  0.376286955655610     
  5.146084287186928E-002
  1.931901177617466E-002
 -0.159998339884584     
 -1.431148272037617E-002
 -0.721615476507208     
  0.240531943113961     
  0.642436268066339     
  0.879970056100909     
 -0.441538926289507     
 -0.112955338696944     
  -1.13716874569440     
 -0.689337167069477     
  0.387791820039774     
  0.297849863981207     
  0.128500454931615     
 -0.186287176621039     
  9.481900514319400E-002
  0.306755431603023     
 -0.466323610680698     
 -0.318130694701176     
 -7.607553144954309E-002
 -0.172257337503742     
  -1.21048768145892     
  0.348488245711214     
 -0.289217505911212     
  0.617542469362045     
  0.271968015765072     
   1.35077849993459     
   1.11848303080746     
  -1.24243263540442     
  0.603299481147180     
  0.353973038715616     
 -0.463847873654719     
  0.473227733229219     
  0.440753597025300     
  0.526133837700120     
  0.645376141328430     
 -0.491416805515123     
 -0.686240340053746     
 -5.682065575781331E-002
  0.247400306250848     
   1.05212007134985     
  0.422411820151289     
  0.350078232598766     
 -0.678541579051176     
  0.762154107484121     
  7.130798321983410E-002
  0.106387166669088     
  0.149797293367850     
 -3.877957605654625E-002
 -0.390921668779374     
  0.374654177585034     
  0.225081111260390     
 -0.872460310419496     
  0.800658701048317     
  0.787316851974824     
  0.350348276771558     
  0.545117664569286     
  0.709985250100697     
 -0.699372829135275     
 -0.801794829021990     
  0.986936867227150     
 -0.482675770786941     
 -0.355251127656823     
  0.133651816641040     
  6.104290562433543E-002
   1.23918996295071     
 -7.669268653482038E-002
  0.762633979777341     
   1.15960700081449     
 -0.782038592702530     
 -0.652862088085449     
  0.353233785435660     
  0.480521707358046     
  0.643860707346671     
 -0.322124002563715     
  -1.01671496156103     
   1.10066434331178     
 -0.485970994707300     
   1.12498317154312     
  0.927422272160564     
 -6.135755623854971E-002
 -0.406605817994942     
  0.421952058725103     
  -1.06648494054126     
  0.352869032670938     
 -0.604488579838010     
 -6.042630183143887E-002
 -0.908908651788567     
 -0.638544461062903     
 -0.146256860077293     
  0.865761288990039     
  0.252476375780519     
 -0.346447660155181     
 -0.143693121401265     
 -5.001890170659737E-002
 -4.707487814647433E-003
  9.387756901666502E-002
  0.242299437398268     
 -0.225710812371052     
 -0.309503247964115     
  0.154983233633481     
 -0.182289605098291     
 -0.568328694187981     
  0.109438697503610     
 -0.820660404332484     
 -0.855446219036860     
  6.927718327034545E-002
 -0.447228437603271     
 -0.147811443571045     
  0.808502042542562     
 -0.251607162722150     
  0.172126446293695     
 -0.153315177557938     
 -0.212079069613093     
  0.148878489057360     
  7.792415632428344E-002
  0.111632276044944     
 -0.406802665347709     
 -0.164911603026532     
  0.271759270973224     
 -0.869972059749756     
  0.677040108471218     
  0.873893477805164     
 -0.419746797975251     
 -0.278825655295887     
  0.323729180599211     
 -0.178976771036388     
 -0.126559668908030     
  9.835195705682206E-002
  0.556853583446550     
 -0.185378666967128     
  0.600152972133666     
 -0.197030862434930     
  0.460972329071411     
  7.443626450461779E-002
 -0.339429376965907     
  0.282736418166132     
  7.631564766439349E-002
  0.278006918849024     
  0.110641737502742     
 -0.107784718243587     
 -0.363626554878251     
  0.183582893602601     
 -0.137651991872004     
  0.210726287431736     
  0.813040454970302     
 -0.473063089138175     
 -0.762697172169043     
  0.747022233948456     
  -1.15821341171189     
 -0.347435760904472     
 -0.527956362821742     
 -0.397100012801198     
  0.243596399697533     
  0.525356355225220     
 -0.770456431600512     
  3.185563839792164E-002
 -0.672285602331146     
  5.638330652757874E-002
 -0.315153945531179     
 -8.031445036455626E-002
 -0.106594487956024     
  0.121286726218888     
  0.799169652270771     
  -1.41759593997811     
  0.815557190188635     
 -0.362824318687145     
 -0.352434100059102     
  0.416155940003680     
  6.509502185778158E-002
  0.124753214404809     
  5.673870837001917E-002
 -0.391790044347629     
  0.309666606631317     
 -0.715792664636633     
 -0.949963692147417     
  0.138480599675061     
 -7.199374375833148E-002
 -2.054611160635495E-002
  0.474462714658218     
 -0.193397391600107     
  0.764647744030689     
  0.859638655747950     
  0.224722089315646     
  0.284168435617517     
 -0.465722159393110     
 -0.305152437533447     
  0.581899983041917     
  0.411499285765928     
 -0.158653261025117     
 -0.325903053344381     
 -0.116465467814215     
 -6.219635222370438E-002
 -0.316910110277778     
  0.704818186385960     
  1.542399104971079E-002
  0.219945195620454     
  -2.09411658416685     
   1.11076021056065     
 -0.741008346446198     
  0.282739087579800     
 -4.692156034466612E-002
  0.887554686998893     
 -0.754252386686445     
  -1.04744740195051     
  -1.74883418465082     
 -0.750981453652893     
 -0.244129256174687     
 -1.427514640965785E-002
 -0.180091269617921     
  0.324051938523359     
 -0.367678481034578     
  0.513026446649960     
 -0.349076822586699     
  -1.72742913564088     
  0.211737986811578     
  0.850919386404184     
 -0.119301680572903     
  0.461403595516103     
  0.608167663007672     
 -2.444338474193734E-002
  0.187388623916408     
  -1.12048610874071     
 -0.715279495816543     
  0.716088272221585     
 -0.222457834147835     
 -0.922493160557389     
  0.175987448938369     
  0.966124904734597     
  0.801153286955806     
   1.15329987865236     
 -0.156227210798855     
  0.530408486913537     
  0.134454138917196     
 -0.988737556475197     
  0.831145631744768     
  0.764871352556020     
   1.29196594245790     
 -0.387082592070813     
 -0.201381035285761     
  0.103113357395742     
  0.514543329616066     
  0.446301790935555     
  5.336168405952820E-002
 -0.189752076214104     
 -0.632160528412134     
 -0.132909400273011     
 -0.184320035409587     
  8.541583750867766E-002
 -0.174203754708704     
 -0.547508216740751     
  0.726529275653415     
 -0.888028199748130     
  0.477850964863740     
 -0.190334260502178     
 -0.325961934182726     
 -0.350309958565992     
  0.434718272568977     
  0.253469277007544     
  0.403877831672096     
  0.988174312977419     
  0.670153037875291     
  9.114786884000070E-002
 -0.303169023546302     
  0.821545411698430     
 -8.067680492414801E-002
 -2.542105034490145E-002
  0.865150713728334     
 -0.999011228793134     
   1.33054162978493     
  5.886941103715488E-002
 -3.311007757009059E-003
 -0.619357019450743     
 -0.369876997905396     
 -0.425731580884495     
 -0.556844772701152     
  0.908068029218071     
 -0.274038411524971     
   1.29115961161700     
 -9.331865052419432E-002
  0.715732853313240     
  0.533300350771300     
 -0.123231369909165     
 -0.333024271795841     
  0.471608794093474     
  -1.04270405068288     
 
 -1.698914360606627E-002
 -0.758248132308534     
 -0.256855902913181     
 -0.844407320863511     
  0.387245329104969     
  0.803197441743931     
 -0.576164493407727     
 -0.321376827549019     
  0.222067357083927     
 -0.587288306148046     
   2.68608896878675     
 -7.879073459811500E-002
  0.237641898245918     
 -6.678144679638265E-002
 -0.284091568102075     
  0.245172227562738     
 -0.602231465922776     
 -0.131662644142662     
  0.649136762679478     
  0.614776226212445     
  0.973318318608436     
  -3.27342927063308     
 -0.304329306221068     
  -1.60737686225430     
  0.607752755680664     
  0.424321960734729     
  0.588089872615102     
  0.297943223650519     
  -1.26835317985387     
 -0.818434943636829     
 
  0.977208047773458     
   1.90143659526689     
  0.414788462812928     
  0.228272898075805     
 -0.583793781267558     
 -0.424303167256956     
  0.504355941855028     
 -0.354279963189131     
 -5.427739768974171E-002
 -0.646667385175904     
  0.358133589788207     
  -1.23198171926998     
  0.298796939106847     
 -0.405985074421752     
 -0.884213790950879     
  -1.26092199973403     
  0.152003937529934     
   1.44600466934006     
  0.762089452611316     
  0.693877134504413     
   2.16945977387242     
 -0.282926185852570     
 -0.991440581246484     
 -0.310486415729146     
  1.428875850051191E-002
  0.348860176709121     
 -0.803652677667548     
  2.144003576073093E-002
  0.717120273910816     
 -0.504853783439054     
 -0.225643999347573     
  0.220967858948859     
   1.59817337929422     
  0.133886171402184     
  0.421150621271441     
 -0.334364227372480     
  -1.60799725572405     
  0.409963257204403     
 -0.853122693921837     
  0.966271960310807     
 -0.271636337801933     
 -0.270269481789269     
  0.467744200370935     
 -0.327198512005835     
   1.57068846787960     
 -0.187679952287343     
  8.611573877671558E-002
 -0.542402242956433     
 -0.445503746253604     
  -2.16776357382776     
 -0.459136191838774     
 -0.386708142735500     
  0.175041330330726     
 -0.675399364076269     
  0.402990445623986     
 -6.044694813859584E-002
 -0.303172254739894     
  0.322493194514578     
 -0.484073777878898     
  0.844407716137628     
  0.590931381077689     
  0.611384609152804     
  0.931428462205356     
 -0.256688583870879     
 -0.772199686815050     
 -0.718687138740116     
 -0.988159893398862     
  0.569213789769772     
 -0.585703801334228     
   1.10208397832542     
 -0.151833996970627     
 -0.613185930732155     
  0.775903856776120     
 -7.127214557693912E-002
 -0.893116091169010     
 -3.600201121015310E-002
  0.409249491842946     
  0.474444383394939     
   1.01785745082671     
  0.711739852787344     
  0.489926429975446     
 -0.106723691178624     
  0.315263051616732     
 -0.293708239212375     
  0.278066760016174     
  0.158253326341937     
 -4.728185792791616E-002
 -0.109193938107715     
  0.286243352732363     
 -0.235082627958806     
 -0.396434688536772     
 -0.908179405779935     
  0.531838961699815     
  0.348271421659149     
 -0.179913975969563     
 -0.234389259544929     
 -0.228811500872980     
  6.721240431003987E-002
  0.183425066042223     
  0.662211963184821     
  5.860699725353391E-002
  0.390639735361580     
  -1.34598517884305     
 -2.954191936038979E-002
  0.817319586639548     
 -0.107617552287319     
 -0.512640238248411     
 -0.751202334439585     
 -6.931311588380488E-002
  -1.80269944314719     
   1.12061133312405     
  8.340341814982025E-002
 -0.665485914038268     
  0.438725924376294     
 -0.771750264665004     
 -6.318268465092286E-002
  0.679218332901909     
  1.485703105746109E-002
 -0.809675387527453     
  0.259403971506505     
  0.930886536485023     
 -0.393077269482103     
  0.825795185456404     
  -1.46746327713763     
   1.46496325553895     
  0.891967251891026     
 -0.282552577472458     
 -0.274058148642183     
   1.78196240122012     
 -0.478449297851214     
  -1.16781198163288     
  0.404987945828883     
   2.93723998537387     
  6.982682589198254E-002
  0.939408138668506     
  -1.11371460373456     
  0.644816871974455     
 -0.561610982718376     
  0.399615269420742     
  -1.01985956976984     
   1.47660379355392     
 -7.795548213543242E-002
  1.274597864534132E-002
 -0.438027936049542     
   1.56697184550063     
 -0.296899061389903     
  -1.17630687714252     
  -1.97278394256848     
 -0.403549774606824     
  -1.18411969162507     
  3.812985612081582E-002
  0.366519070367610     
   1.10586807016969     
 -0.714999663447141     
   1.01153766917592     
  0.777864716781073     
  0.288774478538276     
  0.200128601993269     
  0.426526252376108     
   1.59277341160231     
 -0.789250185786927     
  0.401088367335397     
   1.12089266062006     
 -0.994226789147137     
  0.382253834868620     
  -1.00853222134565     
  -1.12998692206756     
  1.568763978766864E-002
   1.35457457651456     
 -0.372343171521540     
 -0.217540484970233     
 -0.663498657857640     
  0.123696746465142     
 -0.140315928338501     
 -6.489521010422292E-002
  0.337431824582441     
 -0.182392288201309     
 -0.992041105701061     
   1.29891475724579     
 -8.180930999488308E-003
  8.962405923890845E-002
  0.161019175899781     
  0.533912838536502     
 -0.757946975840607     
  0.368469154959422     
 -0.811150933098690     
  0.145265403921844     
 -0.192097862814962     
 -0.111542278116092     
 -5.418674156471433E-002
 -0.616368668113220     
  -1.55326399703265     
 -0.616189514592773     
  0.226679998036306     
 -0.762901439718675     
 -1.272684509775957E-002
  0.718121519400784     
 -0.129074639659052     
  0.373115561971424     
 -5.595103833300079E-002
  8.656938747852999E-002
  0.625592244518420     
   1.29520131567451     
 -0.207025072596261     
  0.258655202427952     
  0.454277883182243     
  0.114161224138209     
   2.73232923092348     
 -0.481436756668291     
  0.269848733229477     
 -0.726022952250895     
  0.796937793207580     
  -1.35595070072486     
  9.837552327232975E-002
 -0.148520518341350     
  0.135315196098035     
  0.170887237602740     
 -0.803626605181520     
  0.361303596099982     
 -0.280470776819312     
   1.92080729086163     
  0.139551855969572     
  -1.11840608612835     
  0.689960582178876     
   1.68542198267200     
 -2.794180514699195E-002
 -0.695758882887511     
   1.61075884952945     
 -0.505834407500088     
  0.168365994029016     
   1.34492618669691     
   1.33521273230843     
  0.401626059402860     
 -0.623661762127946     
 -0.250395795067772     
 -0.648877210789276     
 -0.858283613762696     
  -1.10305038198693     
  0.170047358011486     
  0.929788367491482     
  1.997964981047417E-002
 -0.277079389396571     
 -0.227160607248434     
 -0.350660621804202     
  0.610868781115773     
  0.379421515356906     
  0.864448425812307     
 -0.167054943271320     
   1.17477590246137     
 -0.343587220320196     
 -0.199302260326471     
 -0.504400161862974     
  -1.55568629744268     
 -0.196084075833745     
  -1.15424131515086     
  0.284824568473233     
 -0.728462552373600     
 -0.157653712834652     
 -0.503449343142304     
 -0.221173950984118     
  -1.04984513026991     
  0.541709952939911     
  0.529635652718160     
 -0.955966962453630     
  0.456585774663983     
 -9.574431234749539E-002
  0.143584454876926     
 -0.274934907741504     
  1.631516788286851E-002
 -0.193489317161220     
 -0.145581478879459     
 -0.515442179973294     
 -0.874738212006570     
 -0.226054061465426     
 -0.483938824342894     
  0.184756259543191     
 -0.104435145481355     
  2.531622118196684E-002
  0.758145562408742     
 -0.185312334512765     
 -0.372226872851392     
  0.493466627268518     
  0.697213645718822     
 -0.388673065578199     
 -0.925541491712824     
 -0.888046989199734     
 -0.399392799557080     
 -0.689777683859334     
  0.213107996113968     
 -0.899643066014012     
 -8.632163465896514E-002
 -5.604460208966952E-002
 -0.234776577933827     
 -0.243132452783284     
  0.201868852936643     
 -0.864449693598321     
 -0.531646741382178     
 -0.402023681488117     
 -1.962123082001770E-002
  0.582042367101486     
 -0.688786708040030     
 -0.312244203890770     
 -0.262164322644379     
 -0.419013841841443     
  0.952548753372810     
  0.161664893193716     
   1.42045236034013     
  0.757681673368938     
  0.102791759903100     
 -0.683979040688237     
 -0.823707023126929     
   1.26223786240180     
 -1.073047212977082E-002
 -0.579377122699090     
   1.17736425792326     
 -0.780925463443210     
 -0.217569671303971     
 -0.467055532243985     
  0.334721307730681     
   1.35957651416878     
   1.22773386147538     
 -0.173575913003368     
  7.927126961870827E-002
  0.757662798143696     
 -0.586323453234425     
 -0.137520307870409     
 -0.742595425405761     
  -2.43732928794044     
 -6.244569461829774E-002
 -0.651919118165735     
  0.966896386309255     
 -0.547572684260693     
  -1.45128557744012     
  0.773133842157506     
 -0.157594760059641     
  0.463475018010923     
  -1.50761887606565     
 -0.202181908468169     
  0.938488447997051     
  0.627952630463755     
   1.03687078937321     
   1.78231021024639     
   1.14007078978880     
 -0.513582646135592     
  0.210288376942189     
  0.604986670617733     
 -2.721848159641819E-003
 -0.219908103705171     
  1.579857351072024E-002
  0.773627629596880     
 -0.419384338524540     
  0.168197872490085     
 -0.714524560623139     
  0.231852661427579     
  0.574471339595285     
 -0.814304763601581     
 -0.850776639389731     
  0.557076280562437     
  0.143026253318226     
  0.120662718738921     
  -1.33403022291907     
 -0.500832465269575     
  -1.33170891782301     
  0.290954548646660     
  0.197896530742334     
 -0.726202690909261     
 -0.363675618285240     
  0.538735185439071     
  -1.28054883679511     
  9.157228008589519E-002
 -0.933042593549806     
  0.878783595011090     
  -1.80354455403997     
  -1.03286428928861     
   1.79397887971123     
 -0.557913757762942     
  -1.81592353441879     
 -0.545883879029463     
  0.885741088826472     
 -0.750847061620989     
   1.25722512103980     
  0.600151913869814     
   1.67166504134332     
   1.51960593531624     
 -0.455548442111389     
   1.79377668910528     
   1.21257356519976     
 -0.255664778500867     
 -0.288933653716118     
  0.877243381558106     
  0.190543244746030     
  0.188404036322257     
  6.036741944632783E-002
 -0.125015440635477     
  0.568693529350979     
  2.205105895511653E-002
   1.04716873646567     
 -0.368456258432252     
 -9.140199973006014E-002
 -0.426568981106484     
 -0.113997004514623     
  0.257983784729619     
  0.167249976485994     
  0.288512911084032     
 -0.505866222052381     
 -0.303259396101719     
 -4.255411171979589E-002
 -0.155611611510465     
 -0.221538074731454     
   1.05990726556139     
 -0.234984898566632     
  0.589693488224752     
  0.950898165081796     
 -0.583969432669818     
  0.339165319010610     
  0.566280481494148     
 -0.344035257150567     
   1.74630863649593     
 -8.915418119976479E-002
  0.132181310630922     
  0.675975963852380     
 -0.267876098725905     
   1.02004906930494     
  0.997271606194493     
   1.32489689150491     
  -1.10455748570276     
  -1.29788575198672     
  0.632629830428295     
 -0.191676773555068     
   1.05198617067856     
 -0.317359766846234     
 -0.101827228213950     
   1.07833826745228     
 -0.139213178451668     
  -1.16573697582989     
   1.42478102914877     
  0.965424170012574     
  0.250825153467730     
 -0.918922093930093     
  0.352524980884197     
 -0.640392882964217     
  2.446871091874776E-002
  -1.14351468852248     
  -1.12620921804914     
  0.440673254555523     
  0.762172372941213     
  0.439243373347618     
  -1.18498326285844     
 -0.107340986745746     
 -3.641456415537821E-002
 -0.340497835769346     
  7.296121729235333E-002
 -0.594377884066694     
 -3.526412510997971E-002
  0.636846974161275     
   1.13561148620249     
  0.631880001541322     
   1.60341328997939     
  -1.20162619605676     
  0.170619122640353     
   1.03728300515396     
  0.553372175000346     
  0.320405287315852     
  -1.53514261995313     
 -0.713339313907236     
  0.746506340682559     
  3.000323589844173E-002
  -1.48327690966502     
  -1.76891169644989     
  -1.05224857881978     
  0.226647537253305     
  0.474060867074765     
  0.261045849584261     
 -0.936307677135972     
   1.48188793608251     
 -0.220712647303688     
   1.57434246156615     
  -2.80982264661875     
   1.95258505514637     
  0.924674678505739     
  0.624026258913322     
   1.34856417519289     
  0.653643963470063     
  0.243544890415347     
  0.178232661309836     
  0.574397371821270     
  0.193161079110529     
  0.553010000835177     
  0.215264488948844     
  1.484297768283555E-002
  0.169384995358439     
 -6.128424020165257E-002
   1.58688041887954     
 -6.310012905711752E-002
   1.01188679684830     
 -0.901758703267160     
  0.487319493881403     
 -0.486926309679249     
 -0.609881415351142     
  0.509213319828336     
   1.25772556796510     
 -0.354407291948105     
  0.550339688706135     
  0.333886013612734     
  0.627929793700652     
  0.369281180513061     
   1.10363550641332     
 -0.425566866306502     
  0.559442614641134     
  0.539093755553854     
 -0.114075222207470     
  2.530016861255212E-002
  0.782503015259466     
  3.063754747047878E-002
  0.619881306620193     
  0.380183333250098     
  1.280414528359432E-002
 -0.164825386944646     
  0.325024007022777     
   1.18369258894196     
 -0.472714060590574     
   1.10861699668507     
 -0.374576882409690     
 -0.379650370678568     
 -0.217618104664065     
  -1.53173205836005     
 -1.262898677240424E-003
  -1.36924051205891     
  4.006878470636190E-002
   1.70464713147835     
  0.964003792480482     
  5.752069328575731E-003
   1.26480964554815     
 -0.963237587142173     
   1.27390294135141     
 -4.820904050805289E-002
 -0.148711433207352     
  0.343333510974498     
 -0.392802626721752     
  0.200164372265802     
 -0.243634268115845     
  -1.24391277240115     
  0.304224316648349     
 -0.177974492256193     
   1.33842867304406     
  0.223398874320362     
  -2.47988516085809     
  0.197761575307586     
 -0.297864440565434     
  4.742181199007973E-002
  -1.22050094184110     
 -0.493464456382158     
 -8.938670556194356E-002
  0.324071076564678     
 -0.634415258741093     
 -0.262506032224445     
 -0.417088641066513     
   2.38104234391611     
 -0.694155803774877     
  0.567922806728533     
  -1.02745200926119     
 -0.802650800109680     
 -0.729322599315150     
 -0.130612888530534     
 -0.411907658488014     
   1.02026104484676     
  -2.63339587731120     
   1.00462543277683     
   1.39723531674319     
 -0.577652532231367     
 -0.517141479866183     
  0.758292063664134     
 -0.989263049813087     
  -1.20608396175515     
  -1.77800512788266     
  0.557092178390916     
  -1.49134654090337     
  -1.28766761414608     
 -0.922205456329082     
  0.273742615719861     
 -0.397729070508284     
  -2.12490763326266     
  0.460610424812038     
  7.633491875059040E-002
  -1.79324490244638     
  0.984358024948848     
  0.578040517130311     
   1.34315791359705     
 -0.958037988365476     
  -2.86551305975677     
 -0.254016946545785     
  0.189572853785293     
  0.483353814095836     
  -1.35804709698016     
  0.943808325526231     
   2.37010564442395     
 -0.150197710190637     
 -0.767131480036958     
   1.83333946224530     
 -6.427144504320367E-002
  0.893671146876905     
  0.121112394242633     
 -0.781028720570412     
  -1.33625796121015     
  -1.10393495919198     
  -2.20521708259611     
 -0.826250429879370     
 -8.033986221853311E-002
  -2.96924314897069     
 -0.193626981488177     
  0.313260137839505     
 -0.326423915254839     
   1.61335106080413     
 -0.770284411039884     
 -0.499112144222406     
  -1.75553207167543     
  0.314814659964948     
  -1.25191501801057     
  0.331267568108961     
 -0.911477804849873     
  -1.19045718162916     
  0.163473785608327     
 -0.184956869252924     
 -0.589253085312555     
  0.596328751061885     
   1.14576068162287     
   1.66304906535158     
  -1.64844768329160     
  0.131917173844023     
   1.90779297422182     
  -1.63740792108631     
   1.83925778217235     
  0.896354815207544     
   1.45327493644291     
 -0.235745594880960     
   1.42075128535169     
  0.918649938771979     
 -0.284776481141419     
  -2.17294438376091     
  0.540484192012731     
  0.500753140875428     
   1.84528425397763     
  0.121823370771523     
  0.597336288313337     
   1.23484059066266     
 -0.727418125466490     
  -2.58952690095893     
  0.588280129835125     
 -0.637481822335478     
  0.969781544649559     
  -1.02797205805166     
   1.33343636078179     
  0.125417329248248     
  4.519316316226065E-002
  -1.92561386411392     
  9.858077118207489E-003
  -2.16719487181533     
   1.22549495337880     
 -0.496591530799883     
   1.50144884500104     
  0.945756704998106     
   2.01005066223298     
  -1.36110753638918     
  -1.41284762484013     
  0.396024154751446     
 -0.261955329227130     
 -8.435077865473569E-003
  0.337463901905309     
  0.197288065606844     
   1.28786581059030     
  0.517141915001569     
  0.756227063280100     
   1.11267302185447     
 -0.769730430238637     
 -0.626525953827762     
  0.491120888662903     
  -1.39805869608863     
  0.868985885587433     
  0.508504217880949     
   1.67297802665348     
  0.262850133295505     
  0.600494698969896     
   1.28556695168192     
  0.956644941119305     
 -0.222510788341214     
  0.987495400929252     
   2.32123719196719     
   1.85796856971559     
 -0.429564712843668     
 -0.155428775274089     
 -0.440983227253427     
   1.38555097641986     
  0.497224279985208     
 -0.622764920504213     
 -0.701282649382973     
  0.131093770615700     
 -0.132037366797204     
  0.395460804708566     
  0.380131625427599     
  7.519592599891063E-002
 -0.449373543283794     
 -3.558384020669177E-003
  0.143822091080254     
  0.357069707985363     
  0.142369132812776     
 -0.275214743404804     
 -1.740471205075501E-002
   1.33953474973937     
 -8.731422568078438E-002
  0.558407352834393     
  -1.27286014088330     
 -0.459833884094443     
 -0.276127380932670     
  0.421160850371796     
  -1.05513586185782     
 -0.771005977549273     
  0.453069034300027     
 -0.163782057435710     
  0.612945449337268     
 -0.206114565534685     
 -0.523977970249436     
 -0.486137643757883     
   1.14036496551095     
  0.164199971800448     
 -0.214633862397172     
  0.513727286873912     
 -0.129064233091229     
 -0.458107550391882     
   1.42281419989761     
  0.649274298572737     
 -0.346447289815458     
  0.807777223483465     
 -0.779484993846603     
  0.281098212128636     
  -2.04415535136006     
  0.698424838978615     
  0.858961359219557     
  0.694291946384888     
   1.20888520042425     
  9.997636169332350E-002
 -0.416939432933038     
 -0.882516040479553     
  -2.03656286142586     
 -0.219404642778659     
  -1.23445717021737     
 -0.681153467729165     
  -1.92453595579363     
  0.949159244150808     
  0.616911947067501     
  -1.74662513920771     
  0.308096720046384     
 -9.923605276098446E-002
   1.22875956234792     
 -0.660715833528988     
 -0.607373521414705     
 -0.253573443925611     
 -0.901831847664962     
 -0.676844421191781     
  -1.19544635415017     
 -0.200257992667888     
  0.446821159432890     
 -0.560443266996600     
 -0.350662344938786     
  0.576067758551415     
 -0.143134022806451     
  0.762826010274113     
  0.509336902742983     
   1.42058926570878     
 -1.040457151034659E-002
 -7.034110419458167E-002
 -0.554733244412457     
 -0.985280418523301     
  -1.26927363519651     
  -1.28632206590123     
  0.297554646792237     
 -0.471201818886938     
  3.647486133066970E-002
   1.74002809588536     
  0.296991180977183     
   1.23071539637760     
  0.197040218500559     
 -0.204516696883417     
  -1.67022541732041     
  0.218252527585387     
 -0.986264514601716     
  0.228857240084096     
  0.775167897639771     
 -0.115276383762497     
 -0.438184424590267     
  0.454038005822840     
  0.738516911848053     
  0.896333420127418     
 -0.366696555801375     
 -0.383281880743335     
  0.467933622765720     
 -0.537813202407510     
 -0.647792418250439     
 -0.802065668776072     
 -6.979014235618983E-002
   1.15043547966132     
  0.856994419704087     
  0.407548333814983     
 -0.595187853726550     
  0.802432277603618     
  0.563095009581326     
 -0.196386072435025     
 -0.282409664613638     
 -0.249455180857908     
 -0.165870999281984     
 -0.861546155616537     
 -0.347056160753972     
 -0.811446734929019     
  0.137736014028206     
  0.757484807571037     
 -0.445777392523061     
 -0.135638038020991     
 -0.308887496116974     
  0.109668732630728     
  3.594372471917303E-002
  0.424383233238194     
  2.142400486394899E-002
 -0.191586847936725     
 -0.109712507823806     
  9.705660339479404E-002
 -0.136222936450407     
  0.669602506135202     
 -0.222888383202096     
  0.241095913358976     
  0.126495978883752     
  0.471655234915095     
  -1.49668084942485     
  0.492069983572136     
  5.328216261463662E-003
 -0.361938727820229     
 -0.581263433499370     
  0.456017570162410     
 -0.128370975088643     
 -5.496058831600829E-002
  0.359220339089543     
  0.236521973713872     
  0.231450849455312     
  0.979619455638262     
  -1.33689725499263     
 -0.736005316693084     
  0.655769579538504     
  0.896992287104098     
  -1.55334873684282     
  0.322804074975610     
 -0.379986363886378     
   1.05908541826087     
 -0.120253693016096     
  0.410052266467036     
   2.28667229702510     
  4.032254922561055E-002
  0.771139840041159     
  -1.06696997627219     
 -0.164735904602647     
  0.622952918853895     
  -1.02895833548478     
  0.339994000233375     
 -0.809375405528603     
 -0.407513006464695     
  0.652596963578975     
   1.82889708076269     
  0.926241639808132     
  0.112222373431210     
   1.75454624419992     
  0.395823457977280     
  0.129880813121287     
  0.391156151520348     
  -1.32893203676133     
 -0.995044259040080     
 -0.764718656686755     
 -0.259778538555461     
 -0.553073023355384     
 -0.919587745261336     
   1.41202799445752     
 -0.596437468717578     
 -0.481135210343991     
 -7.197190110529188E-002
  0.631407020255853     
 -0.841104364918178     
  0.430057770970060     
 -0.475264210270521     
   1.48767901526141     
   1.28132388329651     
 -0.981539808441746     
   1.64940216561864     
   2.74755473662426     
  -1.99139965563129     
  -1.31766862049907     
  0.559398045628467     
   1.12825721221190     
  0.442816637205425     
 -0.331908182670048     
   3.05707909495083     
  -1.26351159384852     
   1.30223997994759     
 -0.731671551208062     
  0.840140128450868     
 
 -0.436259020781526     
   1.00543967748621     
  0.711999058618640     
   1.17909993612498     
 -0.601231751900918     
 -0.771063722467292     
   1.26382775100472     
 -0.834770170638322     
 -0.685299465701507     
 -0.830178936464749     
  0.474857365866284     
 -7.722849041488189E-002
   1.99186152601933     
 -0.676378090045406     
  0.523332347879910     
 -0.690882462541585     
 -0.437028435856714     
  0.587125662213761     
  6.404006147407874E-002
 -0.617457232918632     
 -0.194167182675455     
  0.172577060605666     
 -0.241117260502375     
 -0.149676988500775     
  7.555972637888785E-003
   3.69077842299768     
  2.649990321730002E-002
  0.513646064199616     
 -0.609266253560398     
  8.325700893209839E-002
 
 -2.280421154136479E-002
  6.857610492820169E-002
 -6.408291342791850E-002
 -3.127808087338592E-002
  2.364840138479650E-002
 -5.392209312278703E-002
  5.233037879100821E-002
 -1.597362269940190E-002
 -4.503802472129992E-002
 -5.388806103343260E-002
 -4.067602679334083E-002
  1.386015464036774E-002
  1.359156925518624E-002
 -9.530761310560669E-002
  5.931198735739336E-002
 -1.395038936006186E-002
 -3.231310840082253E-002
 -3.869611955793449E-002
  8.424381709300805E-003
  7.413344495279875E-003
 -1.902232103877522E-002
  7.660691895820698E-003
 -9.066413141979379E-003
 -4.544149776742700E-002
 -1.277321991900469E-002
 -2.994843903620652E-002
 -0.105212238072992     
 -8.003588471137116E-002
 -2.035320789699074E-002
  1.996399447281261E-002
 
 -5.328444962806446E-002
 
  tansig  tansig 
