 0.621223922377661850E+02
 0.637750919072236684E+02
 0.673572236903755055E+02
 0.583481110909746334E+02
 0.500146937667562455E+02
 0.491576989188142832E+02
 0.823098865116197942E+01
 0.695246120553588920E+01
 0.927746752010434150E+01
 0.911967792035497027E+01
 0.797970165913112872E+01
 0.513648701022870569E+01
 0.156712392478846452E+01
 0.240619555585453160E+01
 0.291639416540446339E+01
 0.263611715361401844E+01
 0.281847634352930188E+01
 0.181426505804830640E+01
 0.905027186663727612E+00
 0.889458248822991515E+00
 0.142006627351678238E+01
 0.420841769057130577E+01
 0.323118875661295801E+01
 0.913637920629191913E+00
 0.508139566493702843E+00
 0.227965423759597663E+00
 0.574276522763544128E+00
-0.340380403214430804E+00
 0.165524659208671232E+01
 0.192343752114703420E+00
 0.143566538914154940E+00
 0.958765189313315003E+00
 0.321775204334629972E+00
 0.117357585475254389E+01
 0.899217328334673160E+00
 0.840908914530065776E-01
 0.463271317997199714E-01
 0.508766010646148348E+00
 0.134135397883681645E+00
 0.445793564687613830E+00
 0.877087007553157827E+00
 0.206248329080440912E+00
 0.184373917602160764E+00
 0.456455245647926847E-01
 0.132862284089340726E+00
 0.682163732961052149E+00
 0.846653058271570114E+00
 0.251931165808581270E+00
 0.293676604973733268E+00
 0.369334094753944298E+00
 0.791156528856319485E+00
 0.298256572426059463E+00
 0.626480001889388016E+00
 0.954748309769696385E-03
 0.140030519013139361E-02
 0.571384254574231587E+00
-0.551276291637874602E-01
 0.720715812555790203E+00
 0.145608111419192099E+01
 0.353575567468042751E+00
 0.630465658281470387E+00
-0.531273887448036830E+00
 0.170693822632410452E+00
 0.244779732220785373E+01
 0.180105538325294390E+01
 0.138344940733759025E+01
 0.211162112872567231E+01
 0.315024599094876168E+01
 0.453312795014946479E+00
 0.146367530785545719E+01
 0.104521663459450709E+01
-0.447483167403863458E+00
-0.836699055799780322E+00
 0.187488974091032579E+01
 0.379286312269375570E+01
 0.565456457838344195E+00
 0.785103027171503864E+01
 0.178866206228102703E+00
 0.365690650490691105E+00
 0.347899215426893171E+01
 0.325172556500070309E+01
 0.678493511368197932E+01
 0.160744124585541996E+02
-0.947755049680015116E+00
-0.259534671166149478E+01
-0.765539230958348682E+01
-0.132129563353534980E+02
-0.826457324577296482E+00
 0.272925444495677709E+02
-0.554141167083819486E+01
-0.210081018496667333E+02
 0.175276985344901615E+01
 0.909326507259156358E+01
-0.413280634303552716E+02
 0.144029710545600580E+03
 0.490520039051255594E+02
 0.373570916602030749E+02
 0.794876117432977765E+02
 0.557102396917333422E+02
 0.394648046850456558E+01
 0.347472705421098524E+02
 0.146782493721654834E+02
 0.249901998846433537E+01
 0.343020509603244683E+01
 0.888836376274758244E+01
 0.867848974299263709E+01
 0.607308115119145064E+01
 0.762436208308385677E+01
 0.232616576423868304E+01
 0.109339937216060590E+01
 0.286100056017078597E+01
 0.222642677371461994E+01
 0.223114944641901047E+01
 0.328709885866680773E+01
 0.138338438492242877E+01
 0.815783095298479477E+00
 0.227084764441199605E+01
-0.357125675514510278E-02
 0.244206303988849904E+00
 0.639443783810288768E+00
 0.344356268630858331E+00
 0.488386561980466150E-01
 0.545139760274939045E+00
 0.908777691102174212E+00
 0.123773769573987136E+01
 0.940417656169457439E-01
 0.672496568300055136E-01
 0.222551823339575572E+00
 0.251884392079920083E+00
 0.817909253834159244E+00
 0.533257771679837789E+00
-0.213443550207817218E+00
-0.149766670910901067E+00
 0.190730165016743863E+00
-0.232142297483890481E-01
 0.707375870896231551E+00
-0.286949493183747628E+00
 0.406714677773831260E-01
 0.409110834373419760E-01
 0.587600796881909970E-01
 0.175745846266389866E+00
 0.260802119711060543E+00
 0.352040035606364932E+00
 0.208861429306772158E-01
 0.246972047728418395E-01
 0.256064871459824484E+00
 0.171428722905407172E+00
 0.795787616779917051E+00
 0.315046843825561029E+00
 0.505066614702999184E-01
 0.671339075310377204E-01
 0.440109003016304554E-02
 0.463076175617678387E+00
 0.940735432498292723E+00
 0.457869582567703270E+00
-0.310664288480668287E-01
-0.455722010701221092E-01
 0.261579760969990804E+00
 0.308710054722706684E+00
-0.605114310809680214E-01
 0.902595910403601764E+00
 0.190479449544274620E+00
 0.283546694176001979E+00
 0.767988708738686854E+00
-0.613376407493519071E+00
 0.110119832023884823E+01
 0.106985146193180380E+01
 0.100160126703798058E+01
 0.180804236024278819E+01
-0.822978878629080229E-01
-0.298332728109574175E+00
 0.469169416673962925E+01
-0.125788541217334765E+00
 0.562573770098740322E+00
 0.112460023953773414E+01
 0.193777839505016702E+01
 0.269831161891628124E+01
 0.259240068903360221E+01
 0.381216110096098415E+01
 0.951709585136690350E+00
 0.229133484837284573E+01
 0.259405643191298063E+01
 0.478115283260441437E+01
 0.238088662635115744E+01
 0.118119540777510021E+02
 0.174346028724636537E+01
 0.492112107476526806E+01
 0.490743726210569609E+01
 0.137358635683398003E+02
 0.315483819711225131E+02
 0.331719324565989666E+02
 0.118507583168942983E+02
 0.137125233616286266E+02
 0.845385103898494883E+01
 0.322514319095155457E+02
 0.594664582705539715E+02
 0.207613131488056943E+02
 0.736433573471114755E+01
 0.144868832448629492E+01
 0.294411303398730251E+01
 0.287082044569349781E+01
 0.131839754338436652E+02
 0.399123983980655295E+01
 0.158021292527430468E+01
 0.449761661269190871E+00
 0.227330046279237052E+01
 0.841643534029699936E+00
 0.303257838249144118E+01
 0.313517398465898500E+01
 0.178733526754539862E+01
 0.677885022654310276E+00
 0.276462574401642125E+00
 0.933057098770723181E+00
 0.375224409420058413E+00
-0.118209141005165241E+01
 0.438067980517030720E+00
 0.233554566914266792E+00
 0.161678018484366609E+00
 0.612136086599626272E-02
 0.180540654327460248E+00
 0.552685119006953940E+00
-0.110378601215237793E+00
-0.653028140895226955E-01
 0.135823601411891287E+00
-0.197029278234754301E+00
 0.402761155889052092E+00
 0.122097376552980946E+00
 0.597592877405085376E-01
 0.409316874937755357E-01
 0.182044219266669430E-01
-0.117975375223989421E-01
-0.204172293236975555E+00
 0.221961246188248584E+00
 0.422222762044234326E-01
 0.359568643305074390E-01
 0.606252943439761147E-01
 0.670851793641462357E-01
 0.183897245269511761E+00
 0.155932594815050368E+00
-0.769944318419456958E-02
-0.746443909138891533E-02
-0.468367758198727432E-01
 0.329142879358271939E-01
 0.532897245139812153E-01
 0.122347585145453353E+00
 0.159982936960991508E-01
 0.191992397348708169E-01
 0.324172515767719716E-01
-0.369624391554211271E-01
 0.218567799999192069E+00
 0.186604320151680908E+00
 0.464065612464519828E-01
 0.652360443229081099E-01
 0.141418853556374041E+00
 0.160812795410723408E+00
 0.419364166711487185E+00
 0.303262104230611861E-01
 0.387362333574890194E-01
 0.523350241993440699E-01
 0.940936185097911160E-01
 0.196400285764381344E+00
-0.908860024149341361E-01
 0.289674106012372035E+00
 0.395954881697418819E-02
 0.628430563409646849E-02
 0.161768902261365616E+00
 0.250157123409926740E+00
 0.139037539408616156E-01
 0.674005159830371015E+00
 0.592894468714724801E-01
 0.108031862496832012E+00
 0.206021349806303961E+00
 0.248613704608407343E+00
 0.422401473956163176E+00
 0.125906230552987686E+01
-0.133923730553512671E+00
-0.354619559683293839E+00
 0.414997869091776050E+00
 0.105062388283538288E+01
 0.145660486395882183E+01
 0.258047990584822307E+01
 0.471315452093110723E-01
 0.132017002885747442E+00
-0.904675131348692124E-01
 0.298969272352864857E+00
-0.585396215109279527E+01
 0.832711696553357150E+01
 0.000000000000000000E+00
