 0.257335159368499999E+01
 0.315677914014443406E+01
 0.273086655356057761E+01
 0.249418704367576760E+01
 0.276435758284839128E+01
 0.285590736617859342E+01
 0.141837562958566710E+01
 0.118418148710109428E+01
 0.116100609816412836E+01
 0.146488614342013101E+01
 0.123064011956023411E+01
 0.436786588619218097E+00
 0.275820776646622468E+00
 0.928830834658136428E+00
 0.568448341259817691E+00
 0.464421964733952863E+00
 0.195394125890732906E+01
 0.318334149319430881E+00
 0.224711801499615227E+00
 0.120182741078765520E+01
-0.210222927514319390E-01
 0.108744905673908265E+01
 0.350553577436059860E+00
 0.135312019384117022E+00
 0.122025808469330851E+00
 0.571388076039276660E+00
 0.110130202614437248E+00
 0.277611053646127648E+00
 0.118511551335377940E+01
 0.126444141459040010E+00
 0.125365657303848077E+00
 0.693247588699590800E+00
-0.261639078818551377E-01
 0.130975847535376899E+01
 0.249695674326191552E+00
 0.256961857677001082E+00
 0.266568234502335355E+00
 0.455271659214604718E+00
 0.366661589725257475E+00
 0.927912808575938608E+00
 0.876191737169234930E+00
-0.515640027309593740E-01
-0.562863605754326604E-01
 0.694619198451022712E+00
 0.512883054980541653E+00
 0.970444068153185735E+00
 0.116008136130645290E+01
 0.686152325497784932E+00
 0.988569774675893576E+00
 0.478579319053565211E+00
 0.171419173175693529E+01
-0.137277042948394462E+00
 0.131055902856473705E+01
 0.528499804523335781E+00
 0.738179252196407121E+00
 0.285687410067515835E+01
 0.173484634437663421E+01
 0.325712465842492804E+00
 0.457241554895958857E+00
 0.436625683158222311E+00
 0.570714824619776850E+00
 0.337780943105695375E+01
 0.225433815466187548E+01
 0.209653577083045661E+01
 0.145129523381427195E+01
 0.192083607021820635E+01
 0.305017462987227406E+01
 0.108200451381653617E+01
-0.283413465075960214E+00
 0.368666098296768352E+01
 0.414553203310340646E+01
 0.250987959908406522E+01
 0.469752766147393963E+01
 0.115496227882045255E+01
 0.128092457896204799E+02
 0.206918314764832889E+01
 0.659516707806074454E+01
 0.214303482726483097E+01
 0.492544052539572785E+01
 0.169539042437529837E+02
 0.194807390685505055E+02
-0.557879187459695824E+01
 0.149296775937519204E+02
 0.102714617389901548E+02
 0.298430730007261573E+02
-0.190199423585227230E+02
 0.374908989981855756E+01
 0.609300938821187970E+02
 0.503651614164348871E+02
 0.154554893133297568E+02
 0.557326815629604368E+02
 0.262902360188508339E+03
 0.201055041570385782E+03
 0.174039325768257896E+03
 0.732443474877966025E+02
 0.110134794022610009E+03
 0.319612814750530871E+01
 0.360753342943267885E+01
 0.306285182214516505E+01
 0.313842420172847358E+01
 0.330611330427029948E+01
 0.357780261923556964E+01
 0.161083644672047988E+01
 0.386324583554325529E+00
 0.153247595892214594E+01
 0.148428769228534940E+01
 0.817625933891315104E+00
 0.216850625623390991E+01
 0.118304579579607561E+01
 0.193754107010886578E+01
 0.797884791324064202E+00
 0.846363292346220680E-01
 0.247185231303298919E+00
 0.532159217293215581E+00
 0.360025442288313735E+00
 0.624625268056332450E+00
 0.483904109941935279E+00
 0.125840667728742495E+01
 0.805591068539384114E+00
 0.403118768620393086E+00
 0.328366785223702495E+00
 0.119067031119305430E+00
 0.650974630631403484E+00
 0.303840628828814574E+00
 0.821315357900098131E+00
-0.324977615908106504E-01
-0.258719611333658589E-01
 0.291392358048218503E+00
-0.470202463834897277E-01
-0.390381801174069343E+00
 0.843742625778796773E+00
 0.192354435747254665E+00
 0.179177288946060193E+00
 0.357564860991897826E+00
 0.367043685579736101E+00
 0.314445923292281548E+00
 0.389318708779348766E+00
-0.123065117971617580E+00
-0.143109938994079422E+00
 0.302152712095154652E+00
 0.569590129806693324E+00
 0.443566702733459828E+00
 0.107596715454750996E+00
-0.164035932533270895E+00
-0.191046253353055473E+00
 0.655271965944572932E+00
-0.573081857602643838E-01
 0.581020756193793453E+00
 0.638494319687193723E+00
 0.162928126959977104E+00
 0.206780381276296221E+00
 0.224174451789109552E+00
 0.862166636585030788E+00
 0.407417590939825880E-01
 0.901712028679657385E+00
 0.206343926583100967E+00
 0.247861663711442221E+00
 0.130596192362217511E+01
 0.101012881092118212E+01
 0.601885034872845615E+00
 0.867428783056172104E+00
 0.317852270878609455E+00
 0.460995955960124826E+00
 0.206645097555611335E+01
 0.217502120019939316E+01
 0.170560515066425222E+01
 0.588119023833849064E+00
 0.127607174083780528E+01
 0.223801198808628277E+01
 0.127124301705544163E+01
 0.143435382323418836E+01
 0.890146561362714639E+00
 0.186049571041029238E+01
 0.496412616790514238E+00
 0.102931083555311886E+01
 0.263128856663259469E+01
 0.760619465210923362E+01
-0.437721922725333634E+01
 0.445297785362411513E+01
 0.243131333371418679E+01
 0.626890017425288626E+01
 0.534327001740022034E+01
 0.247197120077712018E+01
 0.168969062422490381E+02
 0.140263597015109482E+02
 0.222687575033386542E+01
 0.774277077260413993E+01
 0.535156990837616604E+02
 0.497356909348876002E+02
 0.466572135487136350E+02
 0.145417747346528703E+02
 0.313422956889265336E+02
 0.335477194642093579E+01
 0.415113396635401610E+01
 0.278236731532406623E+01
 0.472251362615288528E+01
 0.274775813151609460E+01
 0.517748449318180803E+01
 0.204844597602575051E+01
 0.285014508157028956E+01
 0.838057023143429669E+00
 0.538700256215350892E+00
 0.190123900781604627E+00
 0.822303720551830986E+00
 0.405681055505198673E+00
 0.126773154117042863E+01
 0.767681742932855182E+00
 0.886619952887147345E+00
 0.131669721211601032E+00
 0.347837996456929976E+00
 0.210773976430241206E+00
 0.650248152402199797E+00
 0.280576135726083031E+00
-0.221265610392792321E-01
-0.116613517438861655E+00
 0.157015502054804468E+00
 0.107597610131378085E+00
 0.190654432047848960E+00
 0.179627376673184042E+00
 0.302790474797351217E+00
 0.475663109802046402E+00
 0.110274377579032093E+00
 0.778862830937231826E-01
 0.136557614126677107E+00
 0.215653842044768951E+00
 0.292280552209726541E+00
 0.223170484483787179E+00
 0.143644445235426271E+00
 0.124040610312104463E+00
 0.153429193142739562E+00
 0.779750346391649696E-01
 0.107912339969352095E+00
 0.303847069363299749E+00
-0.399995302163023148E-01
-0.374679169760246331E-01
 0.255405485972463098E+00
-0.154794677056423174E-01
 0.229036571708307601E+00
 0.125469326607016041E+00
 0.160031251254003276E+00
 0.160687155086574829E+00
 0.189143157303492015E+00
 0.183481520555981104E+00
 0.204499311875263268E+00
 0.242635523382539658E+00
 0.727323039638728547E-01
 0.848076633499800087E-01
 0.360073327661117326E+00
 0.269662212862505524E+00
 0.184572353064197114E+00
 0.122689225294247885E-01
 0.836887972513063599E-01
 0.101675560396450398E+00
 0.378350262272174775E+00
 0.316473395246500477E+00
 0.385311144761322222E+00
 0.157399664357388197E+00
 0.589723541095325959E-01
 0.863558339552036036E-01
 0.525321259715524680E+00
 0.303865343759672835E+00
 0.534044271370136214E+00
-0.325033674349827495E-01
 0.303612714664817263E+00
 0.431077736587120841E+00
 0.472566142031001835E+00
 0.204155458178455818E+00
-0.731479041299782085E-01
 0.607863777010665740E+00
 0.255468801723526373E+00
 0.517711429979685112E+00
 0.831173504165949817E+00
 0.162989968766390492E+01
 0.104714625504709002E+01
 0.143004910703612564E+01
 0.450534102526043090E+00
 0.109551403504492173E+01
 0.325786394777478749E+01
 0.526132837020406896E+01
 0.160941876402238515E+01
 0.235883739060262076E+01
 0.250297477330407458E+01
 0.822609264899364234E+01
 0.455755162004826264E+01
 0.789327685409596036E+01
 0.122674758240107309E+02
 0.640204957625069060E+01
-0.116747164007091619E+00
