 0.262827474907028069E+01
 0.301864072037514442E+01
 0.253074696039426206E+01
 0.270505324669721814E+01
 0.254144799481765871E+01
 0.208614194414669640E+01
 0.103607453395570048E+01
 0.192936863970921779E+01
 0.124153642970983125E+01
 0.148613977765199845E+01
 0.140870086956561336E+01
 0.127036982299974643E+01
 0.802209592368435254E+00
 0.985072795672980783E+00
 0.123037509960103297E+01
 0.575368545370590123E+00
 0.143015062508185631E+01
 0.492923259383685641E+00
 0.347954103742802723E+00
 0.845669652205185529E+00
 0.660122541313759137E+00
 0.262906166667021823E+00
 0.124665597510777815E+01
 0.223265116167273292E+00
 0.201342840254060379E+00
 0.103282337958574866E+01
 0.366154337560855636E+00
 0.454601744225651694E+00
-0.433068877923000417E+00
 0.204920855931453205E+00
 0.203173017766392516E+00
 0.703172069186995485E+00
-0.441513212424565933E-02
 0.131050031213302387E+01
 0.826661990977734296E+00
 0.103608456633703314E+00
 0.107481801439475028E+00
 0.118863321755409479E+01
 0.353672988717952996E+00
 0.355597806137446015E+00
 0.620547445650871055E+00
-0.184781029740710534E+00
-0.201703729668774479E+00
 0.132716322868460823E+01
-0.151748688022560196E+00
 0.106382581997475167E+01
 0.380690385628906836E+00
 0.908218839362799069E-01
 0.130851074902927245E+00
 0.884351981874416437E+00
 0.100754679192112651E+01
 0.206347266194734535E+01
 0.148151132993226553E+01
 0.227826419397637370E+00
 0.318215322810222856E+00
 0.186846033004486811E+01
 0.236646927103604954E+01
 0.142152122181078733E+01
 0.108523559635506350E+01
 0.143380218806235749E+01
 0.187412741820533690E+01
 0.167051474949588918E+01
 0.299089799050612060E+00
 0.351333593909516750E+01
 0.122875779157817089E+01
 0.109176190709741827E+01
 0.173365365349018097E+01
 0.405826443430601902E+01
 0.254320263072765052E+01
 0.614374908581802104E+00
 0.498047239135111042E+01
 0.366129296831772733E+01
 0.685252989892783138E+01
 0.829157555296611193E+01
 0.465878927496494821E+01
-0.110077575111784665E+01
 0.805940445780381154E+01
 0.379775023469179773E+01
 0.872855292564525875E+01
 0.353445055104383021E+01
 0.450657143794887727E+01
-0.347644265057839241E+00
 0.260635353340606848E+02
 0.469424930743665669E+01
 0.136388401500499068E+02
 0.243020133088489985E+02
 0.704810325366064205E+02
-0.157604268996562968E+02
 0.404055956018848619E+02
 0.307573867335116766E+02
 0.110911508899896603E+03
 0.100550071887547276E+03
 0.156158729475643383E+03
 0.265013453087393088E+03
 0.131738323929722327E+03
 0.111780032369830110E+03
 0.324387320970450554E+01
 0.388532452412593665E+01
 0.322681701767145057E+01
 0.363202485874328973E+01
 0.314609932547370841E+01
 0.316804091114566200E+01
 0.142634916105722298E+01
 0.897540644271550003E+00
 0.126685016212530677E+01
 0.157874250238021285E+01
 0.143088647414178216E+01
 0.144373516881448172E+01
 0.787641177791775338E+00
 0.190032016408420912E+01
 0.714075950153091110E+00
 0.733488993061866879E+00
 0.104243205309270315E+01
 0.222875383537446792E+00
 0.150783460899888505E+00
 0.781821206350720721E+00
 0.335478763911381761E+00
 0.111514204655773819E+01
 0.726402600511318441E+00
 0.417954318507788136E+00
 0.340451317631413730E+00
 0.422435198580377258E+00
 0.232882213971564583E+00
 0.686618053031359699E+00
 0.640540322393375217E+00
-0.187792649615120100E+00
-0.149504577981396436E+00
 0.250111203821908268E+00
 0.144724609079396362E-01
-0.394681836462791924E+00
 0.838754038927142620E+00
 0.224813796759934549E-01
 0.209413037264416443E-01
 0.485160669935683908E+00
 0.194524695942518228E+00
 0.907757600727695652E-01
 0.615259721468384924E+00
-0.528428141502916629E-01
-0.614498408157201220E-01
 0.393102418019691979E+00
 0.304472944609688989E+00
 0.699908760094677396E+00
 0.465719779137525047E+00
 0.228592370048475609E-01
 0.266232618478263496E-01
 0.535911131993047352E-01
 0.630396780704560511E+00
 0.639280398233372682E+00
 0.753077922074726236E+00
 0.557710059322522184E-01
 0.707818231634528422E-01
 0.534725430666406210E+00
 0.734825168207793089E+00
-0.103667889839878208E+00
 0.961482304647084174E+00
-0.302037974392031949E+00
-0.362809974960388137E+00
 0.201827773832929130E+00
 0.141367564341898788E+00
-0.916312769930546112E+00
 0.104745983555025735E+01
 0.900382696021267692E-01
 0.130586696937835839E+00
 0.132677678964900458E+01
 0.230961553823915672E+00
 0.142538771934286679E+01
-0.141646484179179466E+01
 0.151780039575467374E+01
 0.266196278195993719E+01
 0.152094920434066228E+01
-0.220975887437041552E+00
 0.153072021830890881E+01
 0.287843169393309051E+01
 0.104952733025771883E+01
 0.217619338571180609E+01
 0.199203471343210903E+01
-0.274088026390736594E+01
 0.640803393859695980E+01
 0.640043631028240867E+01
 0.350135548349007797E+01
 0.902789767826467404E+01
 0.827792900389779085E+01
 0.118856047647721663E+02
 0.191320638156128595E+02
 0.111777905133167348E+02
 0.879582193346363184E+01
 0.305827718395344270E+02
-0.534242935941288177E+01
 0.830887879721313283E+01
 0.549095140609460870E+02
 0.343904726414550055E+02
 0.322243950969353534E+02
 0.344918884482917942E+01
 0.336948112915229769E+01
 0.254693317539900033E+01
 0.450718528485595016E+01
 0.305043603676569841E+01
 0.391125442176550209E+01
 0.154746834916249454E+01
 0.273083716794997322E+01
 0.789783030179034840E+00
 0.105234840707373922E+01
 0.907161039373740485E+00
 0.146417704482278954E+01
 0.722347320271855553E+00
 0.131217134325624074E+01
 0.629040006395164775E+00
 0.124982107916620633E+01
 0.653313956795485429E+00
 0.304794088045104550E+00
 0.184691329251174541E+00
 0.597798423994267525E+00
 0.107287677078829177E+00
 0.303739313931996657E+00
 0.644008764431485248E+00
 0.179824966557560084E+00
 0.123228193333388150E+00
 0.251939757709013390E+00
 0.194667274535571838E+00
 0.636045436540905063E+00
 0.361260070428225832E+00
 0.630399893027979996E-01
 0.445248530153263752E-01
 0.223484488315487256E+00
 0.131471304345581880E+00
-0.129193296878071406E+00
 0.345932380868543055E+00
 0.874513575743896820E-01
 0.755164583522238975E-01
 0.211089175182538502E+00
 0.178870976124334780E+00
 0.121226289446962662E+00
 0.160993207386883386E+00
 0.909611865997879410E-01
 0.852041553771177573E-01
-0.704356174297768450E-01
 0.290261985789606991E+00
 0.191310144435370921E+00
 0.214063685531500514E+00
 0.319632483276141924E-01
 0.320942528465143276E-01
 0.176335957714761099E+00
 0.202988602124218237E+00
 0.259111779950012722E+00
 0.195695086898748510E+00
 0.150425800872725102E-01
 0.175400200245298260E-01
 0.135662497815967453E+00
 0.380455651861962840E+00
-0.492395587280513719E-01
 0.261015906690775568E+00
 0.804113244496154345E-01
 0.976936787738076767E-01
 0.282091264945761089E+00
 0.101961063428387427E+00
-0.128149321731428761E+00
 0.398447248504751439E+00
 0.242021004671122281E-01
 0.354402092448817818E-01
 0.951888973419719731E-01
 0.273067628886609071E+00
 0.211583103558709601E+00
 0.536882227067316142E+00
 0.360765331680771240E+00
 0.512224604268426753E+00
 0.695402416583095873E+00
 0.661421228995860283E-01
 0.350586842831356382E+00
 0.701380963236742372E+00
 0.355550909801503612E+00
 0.720529351146062202E+00
 0.712665672287767560E+00
-0.502936050858655781E+00
 0.582459541345352938E+00
 0.167763670219179239E+01
 0.709877651875275961E+00
 0.172613111068355574E+01
 0.991063482052344624E+00
 0.353939951048356294E+01
 0.220123048415451050E+01
 0.340689771646751671E+01
 0.116631448264810467E+01
 0.383312332767200514E+01
 0.491630440478624653E+01
 0.861201822462889055E+01
 0.124378867209543458E+02
 0.484579431119469373E+01
-0.401443503364309728E+00
