 0.166628295429168212E+02
 0.305289187927031058E+02
 0.157123497734524893E+02
 0.170248368527221885E+02
 0.170603934563184190E+02
 0.221763172923619472E+02
 0.635149206183689419E+01
 0.985368348462406907E+01
 0.345970556046435229E+01
 0.487606281505436545E+01
 0.422552019977162363E+01
 0.682684508578630922E+01
 0.283966735724553931E+01
 0.190663474799504651E+01
 0.858377799177807876E+00
 0.202822771482207465E+01
 0.637048325547259875E+01
 0.113244160786237780E+01
 0.658424621085333839E+00
 0.297253401700153574E+01
 0.143996465282438013E+01
 0.117925291276368260E+01
-0.409030534351612796E+00
 0.114258404608407402E+00
 0.848258239222858118E-01
 0.137104214001086411E+01
 0.917351278842907375E-01
 0.875481329192078439E+00
 0.190940144039200366E+01
 0.162372730964107148E+00
 0.124212282475031036E+00
 0.121666807815011574E+00
-0.427889946003641164E-01
 0.669727814008748257E+00
 0.136629995860100895E+01
-0.453673481628407219E-01
-0.320946200940665852E-01
 0.728811823278751714E+00
-0.412549422092175044E+00
 0.473791407862058034E+00
 0.747345357349628148E+00
 0.387558475219994467E-01
 0.474909054659690827E-01
 0.566385823491602935E+00
-0.664675166653895533E-01
 0.580577755359188319E+00
 0.123748957985915875E+01
 0.363858672364076596E-01
 0.520014381203827078E-01
 0.126392959929560411E+01
 0.380341505219497722E+00
 0.829741889157792567E+00
 0.118957912701610891E+01
 0.386162274388905047E+00
 0.528374773171339851E+00
 0.270708839238335308E+01
 0.100039981166665681E+00
 0.113531204768329874E+01
-0.666952998965305799E+00
 0.183847640892252279E+00
 0.278332017788455011E+00
 0.384569458230561390E+01
 0.236656555886948450E+00
 0.171878024388917683E+01
 0.197329998056452860E+01
-0.118625764091803074E+00
-0.197083572101033694E+00
 0.384955830115051256E+01
 0.573748093956656113E+01
 0.285556306183381325E+01
 0.256378077447825570E+01
 0.121028791556683180E+01
 0.223001366838051140E+01
 0.143750991437178506E+02
-0.256263032855754469E+01
 0.526151222110609584E+01
-0.760719134068587460E-01
 0.302224205432460913E+01
 0.599774978067108222E+01
 0.141307914630653286E+02
 0.373993988272773281E+01
 0.104416632430156273E+02
 0.158084803385934194E+02
 0.258828091302702612E+01
 0.778646347483892232E+01
 0.145325870253900309E+02
 0.183963172111997579E+02
 0.314122122715125691E+02
 0.540630424588444569E+02
 0.764571908504971365E+01
 0.285798809215918652E+02
 0.126601783691273695E+03
 0.364310665516175163E+03
 0.117419601245754976E+03
 0.790841575689950673E+02
 0.119339941284272513E+03
 0.155486202944984129E+02
 0.952241779199094807E+00
 0.176179274234871563E+02
 0.152984220978686078E+02
 0.141040716683339173E+02
 0.148976422805404152E+02
 0.392652855349335406E+01
 0.403393713291934031E+01
 0.490788984689545327E+01
 0.403216093254829744E+01
 0.472600435150427867E+01
 0.381524351351948443E+01
 0.144802668559099956E+01
 0.213423149410119928E+01
-0.620075802671747001E+00
 0.153035490663644813E+01
 0.294552296405389935E+01
 0.549606589195326678E-01
 0.287873747110447380E-01
 0.851954996566678169E+00
 0.550508031532055742E+00
 0.801571542341398158E+00
 0.203505745649501124E+01
 0.220054721011077564E+00
 0.148519136864147250E+00
 0.128310068802540411E+01
 0.125992917753325273E+00
 0.540995953444756150E+00
 0.599882134086680702E-01
 0.197068949264012777E+00
 0.156556469348290456E+00
 0.677924828181985295E+00
 0.143167289719699442E+00
 0.429780626117590714E+00
 0.546261046245945736E+00
-0.596448226460944697E-01
-0.540812917018004616E-01
 0.831538892362981147E-01
-0.186118589179123356E+00
 0.389691684503144675E+00
 0.671467514165170809E+00
 0.271798609791308009E-01
 0.289267939799854878E-01
 0.529929130527551862E+00
 0.455043741631263543E+00
 0.414738363893444040E+00
 0.455001677077167987E+00
 0.971443467368549446E-01
 0.107556334893526853E+00
 0.681342939262866043E+00
 0.157543491336147007E+00
 0.459190265399079978E+00
 0.549417583116027841E+00
 0.420991853682101569E+00
 0.553851665918569158E+00
 0.167218789368695081E+00
-0.356408972480116604E+00
 0.604105023031905053E+00
 0.664513412767751555E+00
 0.246667778691864570E+00
 0.317739731777550383E+00
 0.149768313124050745E+01
 0.645962212453012552E+00
 0.778164740452009007E+00
 0.267355174017971764E+00
 0.109098110784564883E+00
 0.156513308078059687E+00
 0.125979183443977316E+01
 0.147447713345942120E-01
 0.111636339879755142E+01
 0.125617602507530490E+01
 0.493387648955429414E+00
 0.755076653006377718E+00
 0.409176261723746038E+01
-0.210788559065674130E+01
 0.170847393623958910E+01
-0.860026888879070195E-01
 0.121246201270959850E+00
 0.249438666431347961E+00
 0.498196361732842430E+01
 0.112924954148598891E-01
 0.351482731682407001E+01
 0.339761479755605089E+01
 0.207541252576154944E+01
 0.549719802768931842E+01
 0.628219215887226179E+00
 0.598629533205327036E+01
 0.930981265357061183E+01
 0.127245273262642709E+02
 0.147348484955905934E+01
 0.524155635852969315E+01
 0.343937302014674771E+02
 0.343431863024896202E+02
 0.331173460830941195E+02
 0.469165266941238670E+02
 0.337926079434554865E+02
 0.103333531720859320E+02
 0.107842409586014902E+02
 0.868109057019861829E+01
 0.101268666144805088E+02
 0.863934423786348837E+01
 0.501053793650143398E+01
 0.130668372732977733E+01
 0.531158922963078428E+01
 0.309988290227205088E+01
 0.264095631680227072E+01
 0.263562500064185512E+01
-0.350406209073596375E+00
-0.129827541329695290E+00
 0.116491146661577982E+01
 0.361690303011825309E+00
 0.978489697074840681E+00
 0.293028610372382614E+01
 0.994505194399804698E-01
 0.496326190951503141E-01
 0.543100691365865584E+00
 0.680006629963473969E-01
 0.488333361121900678E+00
 0.136964597146777134E+01
-0.637220385585650501E-01
-0.391982219041238991E-01
 0.440515115150558301E+00
-0.449104516316213898E+00
 0.300395277449422238E+00
 0.407606006467624626E+00
 0.241281566410259690E+00
 0.168039885286357216E+00
-0.722878656658129670E-01
 0.325311002967580976E+00
 0.209209467238513164E+00
 0.260307282268297191E+00
 0.151302297239883088E+00
 0.122743838474666120E+00
-0.393682238022304634E-01
 0.378954138006315444E+00
 0.169720972665615394E+00
-0.288711162684410355E-01
-0.157314160981481370E-01
-0.154831333292022085E-01
 0.228539285588329616E+00
-0.626224750354679727E-01
 0.167042333134456128E+00
 0.299172964965806032E+00
 0.160768233719462035E-02
 0.166351189042258062E-02
 0.207965510744293064E+00
 0.798225385405134241E-01
 0.172843167424472866E+00
 0.270442504770267045E+00
 0.395578682493457068E-01
 0.427030215927225523E-01
 0.242116617371135046E+00
-0.300185460578513801E-01
 0.186585522358220263E+00
 0.226778089301223285E+00
 0.678151442115339648E-01
 0.877270239051204520E-01
 0.451276297604220000E+00
 0.295383918033816695E+00
 0.241370755316996199E+00
 0.301430909012031754E-01
 0.861198288434767700E-01
 0.120852750260645986E+00
 0.619462378254509227E+00
 0.973084384794078022E-01
 0.338717807551216055E+00
 0.238982202816940492E+00
 0.175901464722192730E+00
 0.261350256665245140E+00
 0.896757402004557558E+00
-0.122926148911326236E+00
 0.503258947163449766E+00
 0.348966768627865742E+00
 0.169448254321132613E+00
 0.318599959227290230E+00
 0.119009356615534911E+01
 0.777655213512334020E+00
 0.946237426224388445E+00
 0.132415182456249481E+01
 0.349467684848032811E+00
 0.855434309268670146E+00
 0.253490496971618295E+01
 0.367626309636574256E+01
 0.231621976566563914E+01
 0.262948297279587262E+01
 0.518408394070867473E+00
 0.164398138893779855E+01
 0.402679226947951641E+01
 0.122933895998351894E+01
 0.734521707401914270E+01
 0.117837019527138942E+02
 0.413717743812342320E+01
