-0.371779213276224943E-01
 0.412980810237578133E+01
 0.227702500320946166E+01
 0.460349963481772750E+01
 0.217401104737489748E+01
 0.896653222941018790E+00
 0.409539281042162473E+00
 0.159681123989480556E+01
-0.256966503836846605E+00
-0.190585132109586453E+01
 0.143405784905891243E+01
-0.215886098631352871E-01
-0.114698642770407026E-01
 0.142412416012218457E+01
 0.381778310144751776E+00
 0.942898416741636269E-01
 0.359482356181281271E+00
 0.407971987354769500E-01
 0.288137789083591569E-01
 0.468986718964465032E+00
 0.404311078763447296E+00
 0.574780342240443720E+00
 0.108203102336386436E+01
 0.760298516459492618E-01
 0.691701134890064101E-01
 0.368227855642943913E+00
 0.338087365235878123E+00
-0.598238946968109642E+00
 0.121680099362333127E+01
 0.316094048347783374E-01
 0.349247473785095700E-01
 0.814578498216995683E+00
 0.233362418066881128E+00
-0.830106882987836636E-01
 0.687186267415310303E+00
 0.156018811568177596E+00
 0.197395797295461251E+00
 0.925835151576368642E+00
 0.325687670463268075E+00
 0.111095649141269792E+01
 0.683058927342997779E+00
 0.123498422836486682E+00
 0.164676718583857407E+00
 0.466996054973689623E+00
 0.368473539563970998E+00
 0.442274713311118506E+00
 0.124708363649678877E+01
 0.173731900327461691E+00
 0.231295771072996370E+00
 0.174122440748430796E+01
 0.562625679883722585E+00
 0.198754753413806967E+00
 0.581802827186827298E+00
 0.197844836803803298E+00
 0.255263739773510412E+00
 0.115135906346656380E+01
 0.154174894565252796E+01
 0.309876173015816248E+01
-0.800225221352868638E-01
 0.717022831725921073E+00
 0.117904799231410662E+01
 0.251172885006043645E+01
 0.495638941112214493E+01
-0.187410498820631011E+01
 0.686390372570279683E-01
 0.248076354097476814E+01
 0.370522057926149273E+01
 0.178457793437119872E+01
 0.448625311878886723E+01
 0.139515843893135671E+01
 0.207325628760095615E+01
 0.342887343808506051E+01
 0.667484349602023297E+01
 0.648461080570169113E+01
 0.612049133615062324E+01
 0.172750652086656942E+02
 0.933391842729739518E+00
-0.374760579663840243E+01
-0.882197753718953237E+01
 0.434232414477778850E+01
 0.459208158606075543E+02
 0.106798798057867721E+02
 0.928111489013045343E+01
 0.839155454195426742E+01
 0.240487431500955644E+02
 0.468940023150195913E+02
 0.246944917815406697E+02
 0.104100701537512322E+03
 0.145763842314911933E+02
 0.751045624759220800E+02
 0.262594007455459064E+03
 0.108602895371901823E+03
 0.287600397357414693E+03
 0.256556710036384573E+03
 0.738941357928844269E+02
 0.925292508154287390E+02
 0.283481148267617522E+01
-0.610337867427903080E+00
 0.494828753821537415E+01
 0.178163405110804085E+01
 0.376338997735094027E+01
 0.931026723816954282E+00
 0.416138904008038157E+00
 0.175827695851217247E+01
 0.205200218830377290E+01
-0.153206174975422704E+01
 0.206874804790189293E+01
 0.149644090278408570E+01
 0.727883881629365903E+00
 0.102119400568821428E+01
 0.907541483783497083E+00
 0.130651645331315847E+00
-0.178804615165528880E+01
 0.776839710186483456E+00
 0.472776528391220752E+00
 0.657194127790268423E+00
 0.543419331486656665E+00
 0.305607819220704438E-02
 0.946044932762952318E+00
 0.247248512585349356E+00
 0.171982622796674672E+00
 0.604647237565294704E+00
 0.182673708987809713E+00
 0.435503476223655261E+00
-0.236692189392979091E-01
 0.216260563896958691E+00
 0.178682518884732883E+00
 0.337206661300514687E+00
 0.358696562975872268E+00
 0.184117941193315093E+00
 0.478536614732861021E+00
 0.985922778790046181E-02
 0.986487339597813019E-02
 0.314800479701517255E+00
 0.445079886459245677E+00
 0.798812206830817106E+00
-0.474681524561014062E-01
 0.717449168409919347E-01
 0.820294854000104962E-01
 0.422397731624448713E+00
 0.545762424955952619E+00
-0.193814017031064656E+00
 0.931952937778592477E-01
 0.456309525370509339E-01
 0.589387049823481002E-01
 0.488503301588532834E+00
 0.330970357903253187E+00
 0.896888313759060751E+00
 0.646517143216359114E+00
 0.278810315209809152E-01
 0.335850787023299416E-01
-0.171145846381569912E-01
 0.708408207296746917E+00
 0.119345112073809867E+01
 0.428593615539521466E+00
 0.479344276723104756E+00
 0.634613413146701610E+00
 0.613588797772467998E+00
 0.636033049991343580E+00
-0.834568624595039138E-01
 0.661783655549457728E+00
 0.956472604387521019E+00
 0.126401279031435032E+01
 0.167770621486332927E+01
 0.659856728824515959E+00
 0.208513438064719692E+01
 0.324369076252398691E+00
 0.108336106881871119E+01
 0.195830865977546997E+01
 0.373657784688410510E+01
 0.526290756263942594E+01
 0.103682083491611299E+01
-0.893160675416867639E-01
 0.314704366481621922E+00
 0.680200182076315496E+00
 0.509238968381915935E+01
 0.851312891034937103E+01
 0.562342623282706455E+01
 0.296691133957656206E+01
 0.819234012283463042E+00
 0.217182124483656258E+01
 0.103673147449069294E+02
 0.144974751938310682E+02
 0.634492252296583725E+01
 0.110632295304229018E+02
 0.899400734982380712E+01
 0.327961985882479752E+02
 0.332544806679245681E+02
 0.827155260320185732E+02
 0.583630709345017635E+02
 0.746816552146918067E+01
 0.320647384736645868E+01
 0.280872918873413813E+00
 0.472013630917745086E+01
 0.317857102805733593E+00
 0.565885097065571596E+01
 0.324545357102568444E+01
 0.112763221159473057E+00
 0.387175376014358280E-01
 0.183069953406210728E+01
 0.135604921732564399E+01
 0.107642239513689431E+01
 0.120539364328472698E+01
 0.133815617865154335E+00
 0.596855724032754886E-01
 0.849011515766870728E+00
 0.338627311415710619E+00
 0.677932783770642255E+00
-0.257278594165986016E-01
 0.873206781981468033E-01
 0.530894586847538361E-01
 0.463423967875331522E+00
 0.550874679758328600E-01
-0.514147492396357264E+00
 0.424001738303390718E+00
-0.190934377871893497E-01
-0.149018826616537682E-01
-0.125508976038669229E+00
 0.161241627488155959E+00
 0.610906599641646286E+00
-0.185047391321220472E+00
 0.466894692478444992E-01
 0.346304113907025465E-01
 0.294432314328210154E+00
 0.915651108103666123E-01
 0.275256770202532197E+00
 0.182424111837303449E+00
 0.116796581456866055E+00
 0.992300203174192597E-01
-0.245679570822892254E-01
 0.712946765644461716E-01
 0.157635459609593048E+00
 0.275317478346780442E+00
 0.337842630607504274E-01
 0.334560180430660548E-01
 0.195831968180407712E+00
 0.240230458071849923E+00
 0.209891031952089219E+00
-0.488313904646509311E-01
 0.857382073698305103E-01
 0.105187948037214915E+00
 0.152154051177247035E+00
 0.280150415158232968E+00
 0.123306256136024445E+00
 0.153700687611304038E+00
 0.850424039851294805E-01
 0.100982599584086175E+00
 0.269271660639085753E+00
 0.317009378520225066E-01
 0.126078073203036052E-01
 0.124496632675700963E+00
 0.189023434817036873E+00
 0.202095745708759933E+00
 0.223490608780611000E+00
 0.192532937778670976E+00
 0.258888436142952927E+00
 0.192145689702843264E+00
 0.265542288052497966E+00
 0.347658197657894019E+00
 0.180189382576367269E+00
 0.337602282372511886E+00
 0.706814996466243128E+00
 0.154466015008385332E+00
 0.239259676232958268E+00
 0.393869155692759432E+00
 0.808984195946975571E+00
 0.120353398923599153E+01
 0.102603756435262694E+01
 0.324007969117575567E+00
-0.267952235661437221E+00
-0.552981501235173867E+00
 0.115872841658820924E+01
-0.113100115822992375E+01
 0.191351931512527029E+01
 0.738402332755991209E+00
 0.171848859399496900E+01
 0.406971023802859477E+01
 0.223500450876554346E+01
-0.519583897031286490E+00
 0.466222088093459153E+01
 0.885699106612965137E+00
 0.451357815764646997E+01
 0.160353197175200357E+02
 0.862099553512079275E+01
-0.600944099514243835E+01
 0.151738384282107077E+02
 0.344806943059340032E+01
 0.851049038915940415E+01
