 0.164591064874141502E+02
 0.230416831358290608E+02
 0.198718941475741353E+02
 0.170248368527221885E+02
 0.174009610397929144E+02
 0.192279206530233537E+02
 0.550704536660695254E+01
 0.702951388438039260E+01
 0.691221089517004650E+01
 0.487606281505436545E+01
 0.527223913768474173E+01
 0.865192622093171693E+01
 0.359882085475018121E+01
 0.393029942226435081E+01
-0.966134796815286356E+00
 0.202822771482207465E+01
 0.569397179770480033E+01
 0.585529651491336733E+00
 0.340438867876941276E+00
 0.336967349495017165E+01
 0.114555167008941972E+01
 0.117925291276368260E+01
 0.468804420500491759E+00
 0.216380897506885245E+00
 0.160641906168490667E+00
 0.622423963178783901E+00
 0.398426862597713760E+00
 0.875481329192078439E+00
 0.258196090828765712E+01
 0.100512935225861542E-01
 0.768906270685872344E-02
 0.173217227203541518E+00
-0.383024533945765688E+00
 0.669727814008748257E+00
 0.143369560598472523E+01
-0.160051719861144581E+00
-0.113226788700707695E+00
 0.952239829862132348E-01
-0.512526889335412461E+00
 0.473791407862058034E+00
 0.125953613002631415E+01
 0.105983496296504720E+00
 0.129870781453382100E+00
 0.426834568330469843E+00
 0.128218884005691369E+00
 0.580577755359188319E+00
 0.132883936451168916E+01
 0.118783574992967197E+00
 0.169761426451147113E+00
 0.796349174813253846E+00
 0.451650468057237575E+00
 0.829741889157792567E+00
 0.180237104743168075E+01
 0.182651121473588973E+00
 0.249916294984591641E+00
 0.222218773261102287E+01
 0.208294252349969233E+00
 0.113531204768329874E+01
 0.951125851563726976E+00
 0.588508774699561976E+00
 0.890959677009612538E+00
 0.228726991080420339E+01
 0.185561555163947345E+01
 0.171878024388917683E+01
 0.189134675288211596E+01
 0.603503460957211302E+00
 0.100265417695212644E+01
 0.748161168771447560E+01
-0.127003737464730881E+01
 0.285556306183381325E+01
-0.732969268880011238E+00
 0.282408915375030711E+00
 0.520352003237082306E+00
 0.105325329486932020E+02
 0.266949103017469103E+01
 0.526151222110609584E+01
 0.228173492704507019E+01
 0.152975554951398474E+01
 0.303585578079326401E+01
 0.452696696508539542E+01
-0.787762595142858935E+01
 0.104416632430156273E+02
 0.228947231438166838E+02
 0.467902160259796496E+01
 0.140761501671789020E+02
 0.547439576992357857E+02
 0.613081573000298263E+02
 0.314122122715125691E+02
 0.209585132831744723E+02
 0.905377321536997037E+01
 0.338432209590772857E+02
 0.115834284505152127E+03
 0.201333729039031425E+03
 0.117419601245754976E+03
 0.141268323072992615E+03
 0.114353949503986883E+03
 0.148990029731819646E+02
 0.218194341818898296E+01
 0.160566421764191425E+02
 0.152984220978686078E+02
 0.150684527408567916E+02
 0.188109973112621454E+02
 0.495796023769730088E+01
-0.998086504789607587E-01
 0.366276993831112074E+01
 0.403216093254829744E+01
 0.549833646393552211E+01
-0.258155239247736068E+01
-0.979795061917328125E+00
 0.311346811495564690E+01
 0.214133425352130269E+01
 0.153035490663644813E+01
 0.256043290572654447E+01
 0.231971047466836389E+00
 0.121502136197426558E+00
 0.200331748404642784E+01
 0.645614212858661940E+00
 0.801571542341398158E+00
 0.175606128090028790E+00
 0.228664254600638467E+00
 0.154329875627893631E+00
 0.773810146868316506E+00
-0.965143979579870109E-01
 0.540995953444756150E+00
 0.857912403739410356E+00
 0.318668908418706043E+00
 0.253158497974580732E+00
 0.281010381744552784E+00
 0.318818320847646663E+00
 0.429780626117590714E+00
 0.707554789648124571E+00
-0.166118750690417913E-01
-0.150623578286646510E-01
 0.243273253327451505E+00
-0.813952926232416329E-01
 0.389691684503144675E+00
 0.909603829406335551E+00
 0.182176072386090959E+00
 0.193885087125412581E+00
 0.223098668060194572E+00
 0.494891325989757880E+00
 0.414738363893444040E+00
 0.519291998210746231E+00
 0.192175884047818213E+00
 0.212773408205595205E+00
 0.542964281868635101E+00
-0.230312238193905623E-01
 0.459190265399079978E+00
 0.725373869747382494E+00
 0.305210668833224730E+00
 0.401531373851828521E+00
 0.516966421765757800E+00
 0.152889343639278669E+00
 0.604105023031905053E+00
 0.907301074898752447E+00
-0.314503039653464600E+00
-0.405120247130242472E+00
 0.106380278561922870E+01
 0.874339848294050787E-01
 0.778164740452009007E+00
 0.904964224570321885E+00
-0.819378012203761733E-02
-0.117548839603352061E-01
 0.763525078072466168E+00
 0.130344946111762949E+01
 0.111636339879755142E+01
 0.162133894078445251E+01
 0.657059307490615585E+00
 0.100555849700956057E+01
 0.232917689774283687E+01
 0.539101611158567917E+00
 0.170847393623958910E+01
 0.200872741976019542E+01
 0.195223583645800475E+00
 0.401631637528429786E+00
 0.166877011844062295E+01
 0.534762749776828716E+01
 0.351482731682407001E+01
 0.670933103256043228E+01
 0.104722385787714556E+01
 0.277380851017030983E+01
 0.109526590521766352E+02
 0.185174296208189695E+02
 0.930981265357061183E+01
 0.854065069192347970E+01
 0.120202771992478596E+01
 0.427591504614800488E+01
 0.228840489801129330E+02
-0.532718657366276727E+01
 0.331173460830941195E+02
 0.447452868179724348E+02
 0.332663660782536468E+02
 0.101724350489222246E+02
 0.168809321644697299E+02
 0.827511402585060374E+01
 0.101268666144805088E+02
 0.138223803886353789E+02
 0.107073789808274658E+02
 0.279234646138002418E+01
 0.411508811883388592E+01
 0.278009612561976827E+01
 0.264095631680227072E+01
 0.256464088869044105E+01
 0.100006717247498836E+00
 0.370530712084780264E-01
 0.799219201881975261E+00
 0.146954424388924032E+01
 0.978489697074840681E+00
 0.347395543426498943E+01
 0.227836382686233657E+00
 0.113705956103198766E+00
 0.216440631240229553E+00
 0.600093151006343972E+00
 0.488333361121900678E+00
 0.114492995283468413E+01
 0.392798992269402861E-01
 0.241627895324493594E-01
 0.537100426449105051E+00
-0.657751414077722696E-01
 0.300395277449422238E+00
 0.509707540047306118E+00
 0.667851540053499976E-01
 0.465123373693976105E-01
 0.330107507787336885E+00
 0.459087657885772216E-01
 0.209209467238513164E+00
 0.151780624111970464E+00
 0.114070361354823985E+00
 0.925394674390479233E-01
-0.163410439848357791E+00
 0.213908488360831844E+00
 0.169720972665615394E+00
 0.260709090035690594E+00
-0.127953071948611070E-01
-0.125933638809195333E-01
 0.216393447938726613E+00
-0.587107348142124758E-01
 0.167042333134456128E+00
 0.262647068165837605E+00
 0.514832316049958563E-01
 0.532710759774445222E-01
 0.164990589517840652E+00
 0.112152452110146170E+00
 0.172843167424472866E+00
 0.311123568034473941E+00
 0.806184076037118752E-01
 0.870281881463407236E-01
 0.155201614982207664E+00
 0.535107392031266837E-01
 0.186585522358220263E+00
 0.290713509154508054E+00
 0.795443105954123791E-01
 0.102900107612441269E+00
 0.155271998243012882E+00
 0.378857779938831796E+00
 0.241370755316996199E+00
 0.145255084785313765E+00
 0.728132074137292917E-01
 0.102179445656371423E+00
 0.588029641393106539E+00
-0.146263294265138705E+00
 0.338717807551216055E+00
 0.236918419538123988E-01
-0.521990290352502273E-01
-0.775560889023003547E-01
 0.267981186736801658E+00
-0.355472012320373176E+00
 0.503258947163449766E+00
 0.936195791104414088E+00
 0.191575531484801442E+00
 0.360204103397435527E+00
 0.101251041988609947E+01
 0.550226027809031182E+00
 0.946237426224388445E+00
 0.132165208764943154E+01
 0.159068576602037326E+00
 0.389371389263319212E+00
-0.426542238374661375E+00
 0.410838884926063574E+01
 0.231621976566563914E+01
 0.297521469010564088E+01
 0.242888320622123205E+00
 0.770249639589249746E+00
 0.535761210693338175E+01
 0.190272329124750463E+02
 0.734521707401914270E+01
 0.466475016886450966E+01
 0.933276987801602864E+01
