     48 -    30 -    30 -     1 
rmse=  31.7622meV
  9.195439034966903E-002
  3.652163194946607E-002
  2.824874331154354E-002
  0.357771538131366     
  0.367034793096355     
 -0.308225472320991     
 -0.832903160223953     
 -0.539418044895335     
 -0.222877700418308     
 -4.531923111086418E-003
  8.345862524602050E-002
  4.496231863868100E-003
 -0.462046453231871     
 -0.969941351358096     
 -1.513032803483956E-002
  0.981497824295279     
 -0.459350114018329     
 -0.308213918466308     
 -0.234706125261959     
 -8.753680622501961E-002
 -0.568323509112856     
 -0.353609051571638     
 -0.419166141419799     
 -0.178801336085428     
 -8.198096026340579E-003
 -0.583055650669017     
  4.866754281092587E-002
  0.323465289903186     
  8.116886824992253E-002
 -1.108697470425537E-002
  0.293459462494533     
  0.647315407371920     
 -2.960368717739378E-002
  0.388684355548126     
 -0.558219867654954     
  0.334367090544628     
  0.226624519955299     
  0.473791991405457     
  0.570870598607099     
  3.350518703828328E-003
  0.156353828254653     
  0.234712976574128     
 -0.588151457949133     
  0.221062911476673     
  0.141408833664402     
  0.541948681106194     
 -0.776141772354046     
 -0.352443192961030     
 -0.256163099171103     
  6.103030761482217E-002
 -1.997637946134005E-002
  0.308818513745714     
 -1.860373066711389E-002
 -0.413556998292967     
  0.337115116646696     
  0.428465517761449     
  0.294609598615822     
 -0.460141933305595     
  0.581244812895761     
  0.272247830129451     
 -0.648079239971503     
  0.217172063224466     
  0.457589100737171     
 -0.831633073446326     
  0.118454403361795     
  6.668143936817085E-002
  2.922952500210396E-002
 -0.286713523411137     
 -0.351523546691260     
  0.252829597696121     
 -0.144068346016972     
  9.333205422217429E-002
  0.334212957843510     
 -6.453147552397318E-002
 -0.561635289847783     
 -2.816342172968601E-002
  0.572255479298508     
 -0.364883542112636     
 -0.722120667018140     
  0.519994263687268     
 -0.230493708093537     
 -3.560710863271992E-002
 -0.243077548855266     
  0.298776995608131     
 -9.561766817326485E-002
 -0.515389286489244     
 -0.209876502207987     
 -0.250892581732606     
 -0.231079592504886     
  0.575347742603460     
 -0.590655861318935     
  0.626807211886690     
 -0.384402112061429     
  5.018894597378000E-002
 -0.149906152158865     
  0.177001978098023     
  7.282732101458925E-002
 -0.173754006230727     
  0.132455070426098     
 -0.399233416866760     
 -0.452125730802621     
  0.464960088403602     
  0.317738792426589     
 -0.230614866740346     
  0.124974885099054     
 -0.826057393540813     
  0.548304269908996     
  0.177098675381763     
  0.121331257286547     
 -0.152708189630492     
 -0.372812414611780     
  0.554765320218185     
 -0.282779421737738     
 -0.115220338426164     
  0.965678889393221     
 -0.743313454256759     
  0.231006594531174     
 -0.202388707177276     
  5.179243318344494E-002
  0.496045943493325     
  1.676337513408729E-002
 -0.334414148183512     
  0.125677614834961     
 -0.175012148735944     
  9.405429264791590E-002
  0.261406565760044     
 -1.686772274665523E-002
  0.170257769966400     
 -0.295752841819600     
 -0.540919094950008     
 -0.295183687463261     
  0.227318386129906     
  0.114035081314979     
 -0.187085602787376     
  6.939880376818250E-002
 -0.104668270690433     
  0.137800021627518     
  0.406201434382253     
 -0.423949250434603     
  0.370418840680031     
 -0.470558981674576     
  0.273278297030988     
 -0.259788400978641     
  5.880034435363931E-002
  1.783508116505296E-002
  2.006799734181364E-002
 -9.320694593417840E-002
  0.292241103785496     
  0.255311406085009     
 -0.397184460519347     
 -0.764235632926321     
  4.348722743956546E-002
  0.293867288744458     
 -0.646961837315026     
 -0.372970607386053     
 -0.275399898719414     
 -0.498851009422317     
 -2.858406154740364E-002
 -0.220472426110782     
  0.593439377731826     
  0.101076120221971     
  0.104111143993168     
 -0.193418554080674     
 -0.378603519130520     
  0.571875494401351     
 -0.285798412846530     
  0.266200837949620     
 -0.224319638255001     
 -0.465390376184094     
  0.141221078529535     
  0.184638103722963     
 -0.789084712845139     
 -0.670511279714296     
 -0.399384962455517     
 -0.460951467615604     
 -0.160922370488333     
  0.178065573612884     
  2.879083939992134E-002
  9.724627966275301E-002
  0.159377319217939     
  3.120389346533969E-002
  0.827164762487193     
  6.228365552270284E-002
  0.384912548398521     
 -0.307282716042901     
  0.442106797294023     
  0.523096134656724     
  0.170055037292359     
  0.425629726234352     
  0.614382688823386     
 -0.350231139999256     
 -0.793538315067218     
 -2.109631105616545E-002
 -6.716350878831649E-002
  4.382952474710545E-002
  0.166626968176917     
  1.145681986719469E-002
  0.264903224702145     
 -3.021626635608672E-002
  0.336300833315961     
  0.524220980464483     
 -0.564192816482946     
  0.550556350531110     
  0.114025749733610     
  0.764699218925594     
  0.217248376584900     
 -0.430308953124152     
 -0.554320233660927     
 -1.984146610287845E-002
  3.081003447022097E-002
  0.137992106210656     
 -0.269091185031858     
 -0.537886846915824     
  0.176633996717937     
  0.613678488434656     
 -0.373991527435642     
  1.301266178080258E-002
  0.110464997108861     
  4.246583606484433E-002
 -0.630311512046246     
 -0.273246417326989     
  0.476817102836902     
  0.458323401332327     
 -0.954185512792918     
 -6.849438438167560E-002
 -0.121711018248062     
 -0.138553239237494     
 -5.264390050840426E-002
 -0.682409600772955     
 -3.397827033024965E-002
 -0.773171552315082     
  0.152458455356708     
 -0.482103913693020     
  0.337766907901238     
 -0.105794395225390     
  0.555272526798597     
 -0.105588954906407     
 -0.263376299298955     
  0.397189305908477     
  0.782710310758250     
  0.174470449192938     
 -0.138993862142055     
 -0.638088505224049     
  5.091311805030282E-002
 -0.179162639367080     
  0.368240034946325     
 -3.960678866964043E-002
  0.505427449036324     
 -2.252004884340879E-002
  0.414694980130472     
 -0.772218544661821     
  2.831401900446147E-002
 -0.234431076449954     
  0.138645901887006     
  3.084721124870242E-002
 -0.657129805870459     
  0.108426382601854     
  7.415974039059510E-002
 -9.058407096000125E-002
 -0.811685495953560     
  0.240111462712638     
  0.337411809066589     
 -0.376871634228786     
 -0.331255339685150     
  4.587219839131238E-002
  0.560999643140631     
  0.284132125298359     
 -0.233151081757503     
 -0.317501390683098     
 -0.459119059648332     
 -0.421312147641785     
 -2.371286917520753E-002
  0.117905168001758     
  0.235530935510518     
  2.389246954998199E-002
  7.020281990900351E-002
 -0.218397800018014     
  1.514831105240662E-002
 -0.266126936919716     
  9.763675033502940E-002
 -0.391842855038985     
 -0.136546172014549     
  0.265530936664959     
  4.799949509014448E-002
  0.591105979312038     
  7.295877605734867E-002
  0.290899588501769     
  0.238292940202801     
 -0.158446251317115     
  9.512836491555113E-002
  0.149522152242658     
 -0.265490331604089     
 -0.236572544365012     
  0.288644697127312     
 -4.681701102562949E-003
   1.02493723692617     
 -0.479016844573866     
  0.124481591252616     
  0.245286398157718     
 -6.194950165921662E-002
 -0.732714338744202     
  0.222702813209058     
  0.513793862621520     
  0.131809170630022     
  0.226799799771676     
 -0.209067003771326     
  0.147378744129159     
 -0.536665470750179     
  2.329195443999978E-002
 -0.927873124886966     
 -0.144403651358771     
 -0.341335736281617     
 -0.114621569838793     
  0.235501402663889     
  0.106873920745890     
  0.567304750155904     
  6.661302148679853E-002
 -0.562551169531405     
  0.363455188476579     
  0.450472327075409     
 -8.035068652824322E-003
 -0.180503201593611     
  0.133894048652750     
  0.268385885360596     
 -0.271439191136774     
 -6.036440424328340E-002
 -0.713102859486735     
 -0.362610769469842     
  9.230580023099115E-003
  0.297935476628281     
 -0.667334393678661     
 -0.193405168628190     
  0.737094559993817     
 -0.522205776281578     
 -8.096232288576222E-002
 -0.100867454540829     
  0.488461795621233     
 -0.438309872051839     
  0.937669107218719     
 -0.189383520524823     
 -3.465210940067909E-005
 -0.118272921026206     
  0.130968578262678     
 -0.126590829242553     
  3.718067512560138E-003
 -6.167423596167687E-002
 -0.169253813237034     
  3.055860424092407E-002
  5.594678220689630E-002
 -4.693702770496579E-002
  7.917172493681739E-002
  4.742901760433528E-003
 -0.600092913754657     
  0.400708263317322     
 -0.103712459200202     
  9.016186580186193E-002
 -9.372192279497905E-003
  5.524451419034916E-002
 -0.412572464745520     
  0.192940377529323     
  9.676945989929251E-003
  8.762591960941075E-002
 -0.135505133494610     
  0.209622984160733     
 -9.303889973215514E-002
 -6.612195689819443E-002
 -1.134173055561233E-002
  5.863799428825645E-002
 -1.925274010869066E-002
  0.487138063131160     
 -0.669360136108002     
  0.222524351060730     
  0.376561258527105     
 -0.370257698617966     
  7.674401221405114E-002
 -2.660473341046921E-002
  3.398656873547905E-002
  1.344169085325103E-002
  3.454128467565861E-002
 -0.237158460462007     
 -8.359397053803017E-002
  1.716631026316774E-002
 -6.506514107223543E-002
 -5.232091605554620E-002
  0.369963428130411     
  8.038266698687128E-002
 -0.109128604390435     
 -0.499858999032069     
  0.302957209592376     
  0.610243410097452     
 -0.549587986431739     
 -0.455397727560027     
 -0.305447469087323     
 -4.437066412333140E-002
 -0.971213178151319     
 -0.816938834071000     
  0.599906178046965     
  0.307238388866593     
  0.339552479238006     
 -0.737392347636990     
  5.319042911838959E-003
 -0.166628854705676     
  0.193323237025753     
  0.269411526130195     
 -0.249270780144086     
  0.326395972059145     
  0.351997938795002     
  0.250543334719791     
  2.032987254634243E-002
 -0.198249345877128     
  0.329319940151659     
  -1.04020841320442     
 -0.480405776972030     
  0.641931604734314     
  6.400066680914687E-002
 -0.310169344566562     
 -0.504703074114514     
  5.667754143358032E-002
  0.180529360132543     
 -0.374301291771205     
 -0.339018798276538     
 -0.432510914231379     
  0.170078436574985     
 -8.794124536722375E-002
  0.218149950781542     
 -0.118292797151227     
  0.892553377742374     
  0.347358362687301     
  0.260946300038454     
 -0.999336675138784     
  0.838813019670453     
 -0.375033162669259     
 -0.229607447972234     
 -0.228414349000637     
  0.104761227383084     
  0.537359956770177     
  -1.06327725765461     
  0.120251349621114     
 -0.142229946215371     
 -0.349571121729284     
  4.962669538275567E-002
  8.275485123396739E-002
 -0.134910237260649     
 -0.227865398303008     
  0.136966033210103     
  0.101179305591390     
  0.117056760870907     
 -0.253320268414657     
  0.179913480777239     
 -0.178085373040688     
 -0.256527199901898     
 -0.294641386920808     
  0.371753406387809     
  7.086006067798301E-003
 -0.291212179270484     
  0.244244508770264     
 -5.363682487673418E-002
  9.085822559364642E-002
 -0.238345663443165     
  0.203398267311044     
  6.897049189617208E-002
 -3.490651274176677E-002
 -8.664159298926258E-002
  5.704368087314614E-002
 -0.332214445461753     
  7.531028364488079E-002
 -6.794676499930696E-002
  0.149364265667881     
  0.212618067126307     
 -0.196844517699373     
  6.755193749330073E-002
  0.293432681580373     
 -0.188790572060697     
 -2.432923421029826E-002
  0.220906849917115     
 -0.352738454723396     
 -8.044930448676352E-002
 -0.106828142877503     
  0.123954809652467     
  4.078863111781099E-003
  0.145999443309120     
  0.120376374517084     
  0.175639650837572     
 -0.159964566737959     
 -0.307243240443713     
  0.239393559740999     
 -0.348485328390874     
  0.860597797836742     
  4.575030238438110E-002
  0.170492725579424     
 -6.167119721103721E-002
  0.610274493505378     
  1.438893175046428E-002
  0.520183318669055     
 -0.273819803935314     
 -3.939913369915363E-002
 -0.361737043498234     
 -0.199980572403963     
  0.173218512577692     
  0.368588220904130     
  0.370182270240552     
  0.225796448302482     
  8.267447045361258E-002
   1.19319174200000     
  0.810050920193587     
 -0.108294441253210     
  0.164209299561184     
  0.156812644993682     
  0.423225999657319     
 -0.666444612319317     
  0.245261126268436     
 -8.373164552195980E-002
 -0.131350224046702     
 -0.167012253543358     
 -1.700364930026959E-002
 -0.188208536487719     
 -0.462352572672825     
  0.284367989369818     
 -0.748772214188297     
 -0.886240301499092     
 -0.657925659484462     
 -0.245991621930448     
  0.170417377668781     
 -0.508866324304194     
 -0.438304149586811     
  0.811832621022665     
 -0.869268839874506     
  0.874690977464676     
  0.219314441408430     
  0.264880410916292     
 -0.266616712335987     
  0.609129581664983     
  -1.16222342254946     
  0.237581486470583     
 -6.598494695727204E-002
 -2.892337231625638E-002
  0.115072690962852     
 -0.167853572788385     
  6.103058449784402E-002
  9.787657152276771E-002
 -3.322271518170675E-002
  9.959926454741597E-002
  0.232102718834192     
 -0.564869979035113     
 -0.399601473397325     
 -0.144943947210616     
 -0.638296040867236     
 -9.071970976505728E-002
  0.256722510329982     
 -7.262106446096629E-002
 -0.313477424955472     
  0.217964978093623     
 -0.147299801385801     
  0.218898986074011     
 -0.253423504359208     
  0.218561070698081     
  7.853807718030063E-002
  9.078615512628806E-003
  6.481645433792595E-002
  0.319878052716599     
  0.236750123029440     
  0.560663886087766     
 -1.796772370382103E-002
 -2.018428256528060E-002
  0.180669418129636     
 -0.325536792976148     
  7.297609718587140E-003
  9.347247795244777E-002
 -0.136909320523135     
  0.215356890813114     
 -0.140288315397429     
 -0.234945334870475     
 -9.932249693814620E-002
 -0.167218276421893     
  0.155377522204944     
 -0.113528854326083     
  2.723616592704689E-002
 -0.136970272967134     
 -0.469027375174465     
 -0.323064230042255     
  0.580952487418587     
 -0.168533008616024     
 -0.995055383063994     
 -0.596126490516110     
   1.53363532933910     
  0.205922975394277     
 -0.483603189001491     
  3.397817281122605E-002
   1.08592529067555     
  -1.15496704485266     
  -1.29272637887094     
 -0.770779699498085     
  0.209746306922405     
  0.254891893852872     
  0.219813558775731     
  0.603958735038876     
 -5.905635793980838E-003
 -0.436982726421144     
 -0.472656556403044     
  9.014732141869562E-004
  -1.16869356851027     
   1.17518633953901     
  -1.72214314516812     
   1.35991011429585     
 -0.119286345404543     
 -0.807898200273525     
  0.723135592955554     
  -1.22055910874139     
  6.816167788434825E-002
 -0.163021896593515     
 -0.497121096569433     
  0.321644010864852     
  0.600162727340122     
 -0.128152474976248     
 -2.682909872665466E-002
  0.964256203194891     
  -1.42927238857792     
   1.60708435408026     
 -0.913636168889254     
  0.171415199939195     
  0.105882834931642     
  0.207787050512783     
   1.32765016798861     
 -0.187358394660012     
  9.580214713151772E-002
  0.193901995262272     
 -0.252369900726603     
 -0.626466680050504     
 -0.347841157182483     
 -0.241624376357880     
 -7.009469574000486E-002
 -0.258171953376702     
  4.198308332929056E-002
 -0.468771529427936     
  0.206689524393262     
 -0.231496763833377     
  7.668524532324465E-002
 -0.202105466592975     
  1.811498255623320E-002
  0.259955026237330     
 -0.105173263652365     
  0.540956331230605     
  0.648826321582929     
 -0.201713400856395     
  0.105913650495650     
 -0.286722984532940     
 -0.290695808629554     
  0.215439964383203     
  8.324751402061460E-002
 -4.499941815948327E-002
 -5.082747170586742E-002
  0.259704493212166     
 -0.527844008008622     
  0.361011965864768     
  3.895362021246242E-003
  0.183904279560110     
 -1.191509969232704E-002
 -0.105067856735140     
 -0.211654439637294     
  0.141007788169297     
  0.573352603162580     
  0.131401668324500     
  0.445064050384313     
 -4.646115200399878E-003
  0.242643168355577     
  4.178133077045934E-002
 -0.105778649699343     
 -0.175301975544901     
  0.224419494429573     
 -0.346844963909278     
  0.230960775349923     
 -0.514836239282563     
  5.383642366449641E-002
  1.188059956843985E-002
  3.626397877143046E-002
  0.510143026487239     
 -0.428490720479707     
  0.108647892216836     
 -0.428105813835880     
  7.020958202682667E-002
  9.433256043185101E-003
 -0.360134836727818     
 -7.987176626086658E-002
 -0.524587565680287     
  0.214795623185055     
 -0.132859117259734     
 -2.100455141216887E-002
  0.106102202505954     
 -0.160777263940547     
  0.203234914574081     
 -0.307648360395568     
 -6.327551490917367E-002
 -0.139675189949682     
 -0.741016681778290     
  0.144092677043133     
 -0.126250428207413     
 -0.351503420471227     
  0.152141341309042     
  0.300852447312681     
 -0.517084077633583     
 -0.138044892447999     
 -0.186002047708446     
  9.639267097571011E-002
 -0.179674279981715     
  0.165711385155705     
  0.225742550249130     
 -0.137000338801025     
 -2.291666573043511E-002
 -9.692995261013151E-002
  0.410643584314900     
 -0.575058926633207     
  0.372736539527314     
 -0.131787737314058     
  0.141497156554825     
  0.366594565121676     
  0.100395119009623     
  0.134680497394823     
  0.174205169120722     
  8.580971350778964E-002
 -0.227094389243127     
  0.149927191915126     
 -5.459344601339444E-002
  8.489798554795427E-002
  0.405929569822440     
 -3.791339626167552E-002
  0.129985950216777     
  0.280580538338690     
  0.293880060193594     
 -0.371492296787086     
  0.574715638628739     
 -0.659911558614952     
  0.950351327741762     
 -3.017284518970334E-002
  1.731356183699938E-002
  0.144062726440001     
 -0.229772160329810     
 -0.160528776732476     
  0.204790146514502     
 -0.930129167576269     
  3.974854862525379E-002
 -0.152742516161523     
  0.422314604280359     
 -5.237813957613039E-002
  0.112577700698976     
  0.201141433203746     
  0.689500154301551     
 -0.682722680219929     
   1.18028720440468     
 -0.392269390396627     
 -0.686452501397759     
 -0.180996438474375     
 -6.966073956341126E-002
  0.454725132527472     
  0.635343486487638     
  0.354875658533979     
 -0.373853658557395     
 -0.212202940241336     
 -0.258852095520924     
 -0.121385310382811     
 -0.183622009144519     
 -0.156271330479088     
  4.653677682662566E-002
  2.871087226065283E-002
 -0.487405838911429     
  4.163400687304503E-002
  1.050108417650682E-002
  0.111216747564174     
  0.339522202931760     
 -0.211367539141905     
  0.295549730148169     
  0.229367181892166     
  2.976039325891499E-002
  3.899525334192325E-002
 -9.941917351907723E-003
  0.402311044531656     
 -0.276873898722767     
 -0.258619164354043     
 -0.133687696886015     
 -0.476612778227664     
  2.624193376291158E-002
  0.106518115947109     
 -8.175596247458361E-002
 -0.108908104431171     
  0.666760225518745     
  0.149131174400508     
 -0.105089097470011     
 -0.102823380628312     
 -0.405938585867734     
  0.258545092857382     
  1.278546248030333E-002
 -0.442182991488545     
  0.310558207931274     
  0.405844804484147     
  2.591383541114506E-002
 -0.292244318037972     
  0.425250836218140     
  5.492975180257765E-002
  0.290236600758927     
  8.020587712825047E-002
 -0.205426578374017     
  3.078888060244888E-002
 -4.400105739702606E-002
  0.157669941552683     
 -7.163940491664351E-002
 -0.242286063540231     
 -0.108987265687814     
 -8.457109810166422E-002
  1.740637006103671E-002
  3.085744215613478E-002
 -1.684431844291894E-002
  0.500943497457442     
 -0.302178922261117     
 -0.289281371925975     
 -5.922442530134001E-002
 -0.204316401751845     
 -6.181128623206592E-002
  0.333343000732588     
 -0.125773002865736     
 -0.152919366599495     
 -0.521041129199620     
  0.523313398975893     
 -0.322915688412845     
 -0.173471202732053     
  0.596813492948737     
  0.176809048115974     
  0.587299512351545     
 -0.494346361971244     
 -0.725655288424566     
 -0.109893475309471     
  6.268268766316742E-002
 -0.466433589856859     
 -0.327076772130445     
  4.306733739589201E-002
 -8.796757448127974E-003
  0.636313852335882     
  6.706580144050863E-003
 -0.421375934683671     
  0.392321879315064     
 -0.231461166640599     
 -0.360688442262113     
  3.483844829423172E-002
  0.268347090232032     
  0.301258924577764     
 -5.324458491522469E-002
  0.182072769198377     
  0.498698984551264     
  0.355245616788836     
  0.947014267536775     
 -0.455344721531925     
 -0.226694429542681     
 -0.185712177769235     
  0.110664679167228     
  0.196072195858452     
  3.261751278888404E-002
 -0.110919433045213     
 -0.189329044904098     
 -0.471321337012815     
 -0.206293205130919     
  0.329973098675172     
 -0.308022949501398     
  0.153583188521915     
 -0.417960611724730     
  0.129076914778077     
 -0.499146077216342     
 -0.164401154365288     
  0.229414302583301     
  6.953984818884831E-002
  0.460176824895185     
  0.210753527488899     
 -0.298678410378702     
  0.227804587228393     
 -0.177991714784830     
 -1.073112593285859E-002
  0.135300330448515     
 -0.113590743797374     
 -2.754550253100288E-002
  0.199574898710571     
 -6.274703490848473E-002
  0.323745296047687     
  0.416158614913986     
 -0.264787376937644     
 -0.549682305528888     
 -0.244011019496573     
  0.234142101163283     
 -0.260865205177082     
  0.122987417895984     
 -0.344100179263138     
  0.158862224527156     
  4.017323300922053E-002
  0.253749079832328     
 -0.446046129197097     
  0.188305728328058     
  0.115098975210821     
 -0.412690790847439     
 -0.200801793702547     
 -0.133854705453637     
  0.282994055574787     
 -0.183045245849171     
 -7.568376152731007E-002
  4.132153243106342E-002
  0.248629698364238     
 -0.582389079440128     
  6.109282203802599E-002
 -2.735128889892875E-003
 -0.118472509995551     
  0.242695517657429     
 -0.149671711596890     
  0.134452139131500     
 -0.203381073639290     
  2.476150801384499E-002
 -0.217924727923603     
 -7.664808061856417E-002
 -0.290281851919110     
 -4.973109006421189E-002
 -0.224356038852965     
  0.204980337778297     
 -0.201766547723158     
  0.167218272235551     
  0.283359824322915     
 -0.138643979712237     
 -0.346298449204569     
  1.454531388036384E-002
  0.344761323923606     
  0.186218522651529     
 -0.172168745514199     
 -0.497739540444168     
 -0.106643057591888     
 -0.442215501705738     
  0.100228706454755     
 -1.384224443127407E-002
  0.240641741976219     
 -0.113845628826955     
  0.431296343894090     
 -0.198437385045892     
  0.583953770809228     
 -0.245476405731143     
 -0.167188138166476     
 -0.196729275574586     
 -6.502642179450091E-002
 -0.336898376724212     
  0.198912625386755     
 -0.398951083119694     
  0.429998233428205     
  4.375817867377430E-002
  0.355335247713437     
 -0.367116987340018     
 -6.906551168424510E-002
  6.313388526618162E-002
 -0.333927310669797     
  0.135539782194357     
 -0.202800825064299     
  2.711625457138394E-002
  0.440458413440717     
 -0.136575376710483     
 -0.166166572695927     
  0.747555571082367     
  3.456493035145538E-002
  0.377350762560324     
 -0.212103036415589     
  0.319426398100755     
  0.352433946269858     
  0.297917072320076     
 -0.239106009183216     
 -0.226152020379343     
  0.437167765744131     
  0.408057044474824     
 -0.255888974243095     
  0.135843141864455     
  0.203907793621653     
 -0.141749861220432     
 -1.691991127755315E-002
  9.132470638436711E-002
 -8.575612716278294E-002
  0.381834578532832     
  0.390937154775663     
  0.441971123888357     
 -0.167613089289120     
 -9.056531900334777E-002
  6.614544980186887E-002
 -0.576998849074080     
 -0.402555294956005     
  0.393465646314112     
 -0.188386140505700     
 -0.211361343233486     
  0.236911322373872     
  9.955049066836849E-002
  4.143090014410250E-002
 -5.250441375660375E-002
 -0.179426081498165     
 -0.107352881241990     
 -0.196910079143225     
 -0.150569857559686     
  1.325961988051572E-002
  1.645145874477242E-002
  0.286403746779717     
 -1.489473848439857E-002
 -0.292339176458536     
 -0.143633153669034     
 -1.380741403785284E-002
  0.111343441922937     
 -0.321257926034823     
  0.118716007471669     
  7.761566932676169E-003
 -0.174418795420676     
 -9.923427796552248E-002
 -0.128780317160482     
 -0.154719776862364     
 -0.422074943063187     
 -0.139279000069969     
  6.802654176328372E-002
  6.805355816241886E-002
 -0.508242714635331     
  0.314657838571839     
  0.117642687181023     
  0.300084429094041     
 -0.117198131320443     
  0.134257514494569     
 -0.167004668420253     
 -1.080860104442354E-002
 -1.199135922827586E-002
 -0.600892407779359     
 -0.647030271300917     
 -0.930147467802574     
  0.482275834694336     
  3.467979434501224E-003
  0.140247733876236     
  0.514388181621683     
  0.516486027724418     
  0.283912746300151     
  0.568661504617749     
 -0.769845031410167     
  0.185728972678519     
  0.710477142652003     
 -5.524340147253438E-002
  0.226513928972778     
  0.424464834667464     
  0.296655192884096     
  0.570080241181676     
  0.375168090873707     
  1.971714001699532E-003
  5.507166730088278E-002
 -0.459135610841775     
  4.247830488221879E-003
 -0.263936111149034     
  0.276384377997893     
  0.478462861944963     
  0.554824110854703     
 -0.317349755354553     
  0.569513608857716     
 -0.589473939782901     
  0.379616304407052     
 -0.649946779962672     
  0.150453691836622     
  0.396223625283875     
 -0.345711077329825     
  7.071963312949344E-004
  0.833043794028747     
 -3.477390543703371E-002
  0.374432127868168     
  0.104689747502455     
 -7.650905825779618E-003
  0.175240852727468     
  4.189211558896214E-002
  5.391187037264747E-002
 -0.173112222873653     
  0.189763814759641     
  0.287916371575865     
 -0.231632974283546     
  0.129281923854817     
  6.541381246065715E-003
  0.116021336730440     
 -0.352194859506540     
  0.339172071227972     
 -0.225439379600222     
 -0.548942542931990     
  0.325452241527184     
 -0.361702586203616     
  0.378583227174729     
  0.466439046083381     
 -0.327024555091252     
  1.071756767401744E-002
  7.571027870398821E-002
 -5.727914796537562E-002
 -5.853479843019627E-003
 -0.345733282779870     
  0.230507074695088     
 -0.119858534067962     
 -0.264440372937284     
 -0.535493820496651     
  0.393122662686581     
   1.30758878766896     
 -0.715513308212145     
 -0.301729059489328     
  1.875010016256531E-003
 -0.119483649444903     
 -3.222602002466814E-002
  3.265506563400174E-003
 -0.222786284094413     
 -0.102592649765896     
  7.039813172775017E-002
  0.281762419870607     
 -0.260423330865681     
  0.259058888565731     
  0.181112843034665     
  8.544944814810912E-002
 -3.322509460394674E-002
  0.527616904430771     
 -0.384249574827817     
  0.252115118200486     
  0.555869661577940     
  0.140564196573210     
  4.233315924585931E-002
 -0.171815061529064     
 -7.158420713759715E-002
 -0.307139219246466     
  0.394903903222863     
 -6.180909522348779E-002
  0.288030345604928     
  0.104595204387176     
  0.222107586280904     
  5.418016254598250E-002
  0.194761285209165     
 -0.190721999404863     
  0.109693584916485     
 -0.663752025967364     
  0.179781198081963     
 -0.387626428347754     
 -0.137026578323888     
  0.122626235205291     
  0.224776691405672     
  0.120554743079480     
 -0.125980443117949     
 -0.187938825958619     
  6.570897632665354E-002
  5.359580807634259E-002
 -2.202265966806179E-002
 -0.289631281610569     
  0.367272737182121     
 -2.676548915297178E-002
  1.293985545026364E-002
  5.962605056092463E-002
 -0.592032148685363     
  2.407804035135915E-002
 -1.758862270426144E-002
  3.500028646648201E-002
  0.183661056968365     
 -0.107466341014953     
  0.229352199192217     
 -2.326025851754182E-002
 -0.159355848671015     
 -5.320370031900442E-002
 -0.247958618866585     
 -7.962594666990316E-002
 -0.143485166655930     
 -0.534246549882293     
  2.483949750826537E-003
 -0.389495083837720     
  0.210785951169858     
 -0.314345618059854     
  0.228477116751694     
 -4.013783434048765E-002
  0.315704068429597     
 -0.353902118203858     
  0.142169989294752     
  2.218641085670373E-002
  0.101162754372567     
  0.201999038648690     
  0.165226666826289     
 -8.853711158499344E-002
 -0.401013131326751     
  0.467799335929596     
 -0.200575881504045     
  2.422265326565053E-002
  1.948782644214353E-002
  0.222248800407628     
 -0.209810800881028     
  0.234990129449743     
  2.004731789937370E-002
  0.159658857290271     
  0.100949354097080     
 -0.163745230570252     
 -0.119022371812577     
 -0.100053397526411     
 -4.951481903132322E-002
  0.408450921503890     
 -0.655717961298874     
  8.028144520134123E-002
  0.121436586747897     
  8.264333895376404E-002
 -0.108127117443553     
  6.314643151118979E-002
 -8.245507562934375E-002
  0.168082819928504     
 -0.367871820643428     
  0.138271106956950     
 -9.052734318567297E-003
  0.172212362442584     
 -0.165071286849184     
 -2.433595643083063E-002
  0.208363873894389     
  0.160048389123917     
 -3.806891094638305E-002
  0.122633986461276     
  0.127043923104268     
  0.398022060563574     
   1.03553512047912     
  2.117747321401516E-002
  0.661914998156883     
 -0.878441761079652     
 -0.573650874398145     
  0.367537811929134     
  0.673309860428912     
 -0.892099657534983     
 -0.308650599272076     
 -0.408732085217082     
 -0.259962751975241     
 -3.873304574629934E-002
 -0.187605528163000     
 -0.377306573907517     
 -0.977820382804428     
  9.507712174429048E-002
  0.429902526682841     
 -0.564730014321329     
  0.366249724774659     
  0.725916332556187     
 -0.329581214369210     
  0.270199316781274     
  0.396566434630823     
  0.736295767802005     
 -0.157319727848059     
  9.623428818735673E-003
  0.618942143625277     
  2.127996166649497E-002
  0.197622975984227     
  0.550117847252174     
 -0.403493938228715     
 -0.504350721329639     
 -0.295895081599984     
 -0.223297062570570     
 -0.418323424404614     
  0.463683274475315     
  0.176611535031170     
 -0.569045713237857     
 -1.363403802093111E-002
 -0.187113016216648     
  0.821330108926180     
 -0.579697783613282     
  0.525091348823133     
 -2.074620932983528E-002
  0.118597372334087     
  0.534540104693599     
 -9.088806142682623E-002
 -0.278136571655888     
  8.253098769061995E-002
  0.312933048491124     
 -2.126693641452750E-002
 -0.156953659915876     
  0.560585389635885     
 -0.260211550920333     
  0.125437909994259     
  0.502089326067235     
  9.848597825675916E-002
  6.385193775422654E-002
 -0.809766694422921     
 -0.216187914209916     
 -0.169342029377507     
 -0.140389279320015     
  0.348266577459390     
  0.438913495402342     
  0.294777498493926     
  0.158073160970709     
  0.457508767149962     
 -0.119566701275181     
  0.379076723390835     
 -0.425523190423460     
  0.228247882077998     
  9.343001126328708E-004
 -0.159676589518955     
 -0.367342245122541     
  0.168077597189702     
  8.229119862443539E-002
  6.016584359818276E-003
  7.588615267791508E-002
 -0.301794744911993     
  2.123832993134545E-002
 -0.207934728874651     
 -0.130490937232405     
 -7.714374964681897E-002
 -0.149997992728841     
  0.102109252019025     
 -0.297738115971796     
  0.372586519867941     
  4.533878202309069E-002
 -0.177920825061461     
  0.422182454195257     
  0.578019644403331     
 -0.101390194988956     
 -7.297079672471567E-003
  5.286870468914812E-002
  0.166989994216804     
  0.150200344625797     
 -0.310549549329843     
  0.228691287456750     
  0.108416967963180     
 -0.233170741959322     
  0.594738462390935     
  0.381509353091239     
  0.177824010281809     
 -0.536982425447551     
  8.881611816391495E-002
  0.238823472626664     
 -0.836733208051446     
  1.081180668379807E-003
  0.147483932513574     
 -0.278501053469226     
  4.707318655062331E-002
 -0.546694658564736     
 -0.265678989180315     
  0.193355489682286     
 -0.163592146129844     
  8.284303200533366E-002
 -0.312996620561975     
 -0.537092787845119     
  9.297815527833909E-002
  0.286825519147215     
 -0.726949819737790     
 -0.924970573871196     
  6.223013054743751E-002
  0.244572138509476     
  0.140349898918949     
 -9.042648351221386E-002
  0.291145861701438     
  4.122948046422038E-003
 -0.127003544312723     
 -0.225848268602568     
 -4.939389658806980E-002
 -0.121821249824444     
  6.745859536712712E-002
 -0.383842872078342     
  0.683350421994238     
  0.151291138059688     
  8.086402827589736E-004
  4.747899711047291E-002
  0.442130073946034     
 -0.188260744133699     
  8.582496082746001E-002
  4.204673514954180E-002
  0.347619876833708     
 -7.153858715082613E-002
  -1.05001266396008     
  0.196587940242690     
  0.371886003023174     
  0.132980563015999     
  0.675013492320347     
 -8.161353501465676E-002
 -0.340082837819323     
  0.305741930132714     
 -0.228600152116424     
  0.368998833222447     
  0.391443303871602     
 -6.671165363315887E-002
 -0.160027062879971     
 -1.806172773765432E-003
  0.495961292843800     
 -0.222333240391669     
  0.356087328463743     
  0.332792000113589     
 -0.456434421691228     
 -6.924325505183694E-003
 -4.092829269962403E-002
 -5.506913282104775E-002
  0.187479062226585     
  0.204012894389375     
  8.200820122157357E-002
  0.437669116478928     
  0.407704718278205     
  6.218507230074859E-002
  6.764490676190350E-002
 -0.432516099895081     
  0.185152963119167     
  0.570652191894063     
 -0.191799969815837     
  0.217105455963142     
 -0.356595156002122     
 -9.848449543944310E-002
 -0.358122541461998     
  5.990053659340937E-002
  6.329897563489423E-002
 -0.146107791695925     
 -0.181917244657290     
 -5.077243887517821E-002
 -0.245395124491503     
  0.283639262357504     
 -0.213532591226738     
 -0.270578924140712     
  0.457562567157172     
  5.210898197032950E-002
 -0.293577146489779     
 -0.569676774025882     
  0.375396610723737     
  0.231241273052074     
  8.250213381685559E-002
  0.341022290272244     
 -0.256699909250158     
  6.719569675492119E-002
  5.367029202552401E-002
  0.332053328770552     
  0.146063428546049     
 -0.162926592517579     
 -0.127707211387859     
 -0.187427252252805     
  0.181290788801806     
 -3.911033000987651E-002
  0.439748618511582     
  0.340476503927751     
 -0.138183573277063     
  0.203382419805915     
 -0.103390523080544     
 -7.991810953949083E-002
  5.135863336901440E-002
  0.217960431052108     
  0.224502696458396     
 -0.331130969778901     
  0.197166457212467     
 -0.158406978757744     
  0.335405865108779     
 -0.186792247891775     
 -9.013187679969642E-002
  0.141003094251436     
 -4.731641031513990E-002
  0.221568350969101     
 -0.306458172184232     
 -0.217147820585711     
  1.331944806770715E-002
 -0.211213586625033     
  0.227072700374948     
 -0.199793716233308     
 -0.276034227560950     
  7.625043356734721E-003
 -0.136731425698820     
 
  0.957848376976439     
  0.327160370195249     
  0.547105473150443     
  0.403896001676331     
  0.246287154081699     
  0.348925057606970     
 -0.418307491643505     
 -9.926674735587040E-002
   1.73819128021206     
  0.559899848798756     
 -0.296756636572572     
  0.958140304822244     
  -1.39129820707617     
 -0.712892902407505     
 -8.703368555151178E-002
 -8.118937554341002E-002
 -0.277562275566631     
  0.167954069200176     
  0.283360669530741     
 -0.636814477478845     
  0.491553404835332     
 -0.292097351284843     
 -0.427591245983660     
  0.159300432521413     
  0.192232904655136     
 -0.343962880548395     
 -0.311686609238065     
 -0.932948708744486     
 -0.876641858039247     
  0.329644660092510     
 
  0.426336451136154     
 -8.798392965070491E-002
  0.698887000916829     
  0.190411722150064     
 -0.323644547935663     
 -0.561104775640702     
  0.139110840490064     
 -0.505131517320401     
  4.108660114728947E-002
  0.543472425625071     
  0.148708404537452     
  0.377632015122017     
 -0.188954285431843     
 -0.108363772555204     
  0.484166278759885     
  0.205484437986212     
 -0.273489846862737     
 -9.536445727328627E-002
  2.776572978894181E-002
  0.471734221887159     
  0.934677668122205     
  0.596643147546767     
  -1.37008238797642     
  6.136942102164356E-002
  0.203613998331102     
  0.272892166962358     
  0.138728819858218     
 -6.212893954875155E-003
  0.338671778088024     
 -0.419102677439284     
 -0.188815475264817     
 -0.392649198814878     
 -0.519232391611950     
 -0.114065357801165     
  0.191101465168869     
  0.170462861297088     
  2.991369426167830E-002
 -0.494551891928417     
  0.313649858316388     
 -0.133719409608375     
 -0.367338951685969     
 -5.233972522837128E-002
  8.651063096463968E-002
 -0.355414785499428     
 -0.108419374420144     
  1.601276075835169E-002
 -0.283690144433491     
 -0.110854933116648     
  0.587042124615124     
 -0.326667260639726     
 -0.320241818253554     
  0.411529803518884     
  0.253406817913341     
 -0.553473269028955     
 -0.368539448138097     
  0.105986184382933     
 -6.850868000483754E-002
 -0.347890500241542     
  0.367325705929554     
 -0.470918715354847     
 -0.386837268882115     
 -0.795666570066579     
 -0.637691600886294     
  0.401257293169364     
  0.695791022039177     
  0.209734540373063     
 -0.308525110903456     
  0.312269785536752     
   1.00664157545686     
 -0.518625936605330     
  0.978484703189464     
 -0.218002402094656     
  0.319633571533933     
 -0.143299387203635     
 -1.760689001479810E-002
  0.950080054342510     
 -0.253586741061366     
  0.270163281196613     
  0.741107883534434     
  0.296811737035449     
  0.113271510863298     
 -0.229912839389949     
  9.849757475608306E-002
 -0.333221785352947     
 -0.992275020853431     
 -0.351492239006060     
 -0.255789569442322     
 -0.601210350588434     
  0.191407913845257     
 -0.674469481223666     
 -0.307020081304448     
 -0.394454200075493     
 -0.771515363046743     
  0.597455157338147     
  0.871426464380493     
 -0.852730927158984     
 -8.200477087073491E-002
 -0.942833423832200     
 -4.451722176750327E-002
  0.122122187041574     
 -8.335310215025385E-002
  5.128335990246663E-002
  0.814908970044318     
  9.122894747466918E-002
  0.932758471878052     
 -0.472907118318717     
 -0.621056167697463     
 -3.292577152473192E-002
 -0.767441068117386     
 -0.597025332345050     
  0.766819585419493     
   1.58912817321781     
 -0.142980879033127     
   1.01425629733458     
  0.224986956998531     
   1.00738929549165     
  0.944958313934099     
 -0.158419678751513     
   1.25042219548693     
 -0.966662098724024     
  0.456906025544626     
 -0.761345060467723     
  -1.74286946230627     
  -1.26915784736471     
 -8.093751076198086E-002
  0.436089172573102     
  0.379850262836289     
  0.303951141753342     
  0.328381443959243     
  0.463767504246928     
 -0.262255019092338     
  0.694932372550859     
  0.193747485995671     
  0.350698865101563     
  0.168168300627143     
  0.239062134228722     
  0.124385674879705     
  0.806916096334747     
 -0.488500141146808     
 -0.717738600348132     
 -0.650906107721410     
   1.31705097776781     
 -0.255632090273077     
  0.425410739789429     
  0.795857129757427     
 -0.320323210125077     
 -7.107895510966121E-002
 -6.294189404931741E-002
  1.013242877733967E-002
  0.729971625033440     
 -1.741243863099521E-002
  5.557027496335263E-002
  0.485493477547039     
  0.178752202893024     
  0.224061451367395     
  0.186097030258241     
 -5.618961132179244E-002
  0.163648295999444     
 -0.316132911415749     
  2.236407089518102E-002
 -0.272141794789100     
 -0.158260462801150     
  -1.01615780663727     
 -5.942481352452830E-003
 -0.190414432648088     
 -0.249630611109127     
  0.453096369534245     
  3.277998285462675E-002
  0.792982676262936     
  0.146325913340540     
 -0.479469206338323     
  5.244181065483491E-002
  0.826415550781364     
  0.571456964635449     
 -0.271464223684412     
 -0.328439774997815     
  0.272886591589940     
 -0.190242970634005     
  0.229436560914014     
  0.417286628122531     
 -1.702445676108890E-002
 -0.223299346294542     
  0.316004300995762     
  0.415451278217172     
 -0.445180727758214     
 -0.538839006029010     
 -0.569952510148819     
 -0.469909075192848     
  3.472075558070189E-003
  0.425966151538551     
  0.549653003023278     
  0.427611164515089     
 -0.997289689972251     
 -0.706971022601792     
  0.170505352457754     
 -0.878808465243385     
 -3.173787647153405E-003
 -0.125987185945250     
  0.382779029040724     
  0.305294161658443     
  0.157986872411720     
  0.804848102493827     
  -1.43811466167650     
  0.547021126339973     
 -0.497332328549433     
  0.527984928566004     
  0.665872103383924     
  -1.12514782372742     
 -1.217627103936145E-002
  0.664762499056074     
  0.750722055150981     
 -0.224469221259031     
  0.949917207169794     
  7.310223904151732E-002
  0.393993028667212     
 -4.533239008771844E-003
  -1.14123672403351     
 -0.211027494346964     
  -1.09135689987893     
  4.337260853751405E-002
 -0.436385173668424     
 -0.116374934772280     
  0.106000009433181     
 -0.767199114105867     
  0.328891973411833     
 -0.656385262506026     
  0.474135689038503     
  6.049096148586458E-002
 -0.499488856949633     
 -6.446983335936499E-002
 -0.410465436967741     
  -1.03191308463925     
 -0.774829732931203     
  0.946305175562666     
  8.505694583758829E-002
 -0.628960480207282     
  0.434579184341402     
 -0.413715524911563     
  0.236466223893737     
  0.392267839631623     
 -0.138907205270152     
  0.123588517508470     
  0.415473767995893     
  4.460469105051193E-002
 -0.389777190538759     
 -0.295909057026332     
  5.276841108747637E-002
 -0.276663640323872     
  0.547253237228640     
  0.221478296336279     
 -0.122407515814563     
 -0.159028317330140     
 -5.770360759890171E-002
  0.364209524591937     
  3.888819149382729E-002
  0.440572140874701     
 -0.142376500001300     
  0.423368231959113     
 -0.216175741814827     
  0.125159807667351     
  0.522067971928211     
 -0.317762223921731     
 -0.286662977695673     
 -0.158050740963191     
 -7.308590752530333E-002
  0.202756892607351     
  0.658879266050585     
 -0.221681367910105     
 -0.255112041444962     
  7.950768853197357E-002
 -0.216901287093936     
  0.607153469609562     
  0.120713630271547     
  0.129611350085008     
 -3.018761169258604E-002
 -0.610830186424539     
 -0.357117014066196     
  -1.24684750810292     
 -0.196291071316330     
  0.127219394809153     
 -0.222612110545374     
 -0.614325257093756     
  0.281393353736916     
  0.395641273938324     
   1.01527942054796     
  0.429101694602511     
 -0.678294327921998     
 -0.286569178359282     
  0.520298316649333     
  0.100179467729864     
 -0.253861006580593     
  0.534140434120660     
  2.029288900848245E-002
 -0.290956800674931     
  0.190257567172801     
  0.385187637500327     
  0.721327586189348     
 -3.547585861387176E-002
  0.112629396943078     
 -0.645588147432650     
 -7.066356623684895E-002
  0.356751383101414     
  -1.10560238775814     
  0.147592012526387     
  0.606369236796485     
  6.088503465245674E-002
  0.237103985915429     
  -1.27450697788732     
 -0.516421647794369     
 -0.700741661421535     
 -3.731190006225838E-002
 -0.438503174977287     
   1.50606406723590     
  0.671805980280259     
  6.019935283521044E-003
  0.394832313510511     
  0.370744437536046     
 -1.708664560867599E-002
 -0.209689809660630     
  0.322767902924320     
  0.370750735738236     
 -2.622394253171860E-005
  0.111587799491241     
 -0.512972180283627     
  2.458808664380196E-002
  0.672351623019594     
 -0.120157769252490     
  0.151281972087413     
  0.117473052816228     
 -0.479415582195135     
  0.106609838796272     
  4.957395502651307E-002
 -0.375307362559326     
 -5.142971991241679E-002
 -0.204117601544823     
  0.364653276467164     
 -0.498517051706301     
 -0.775832027313901     
 -0.229661584803144     
 -1.043926121653808E-002
  0.260098638835929     
  0.924804721731558     
 -0.264857332134500     
 -0.292591943897225     
 -0.256177846418163     
 -0.587944578018551     
  0.741535453489520     
  0.247516226242563     
  0.112242290226699     
 -0.475349469474714     
 -0.657758414888101     
 -0.403023969969200     
  0.613055060469056     
 -0.152823905543165     
  3.706981731990389E-002
 -0.154239296694508     
  0.250228006129045     
 -0.185711559106465     
 -0.265244190180951     
  0.147114799914966     
 -0.406366441483078     
 -0.497347823752311     
 -0.512443040471422     
  5.130655807981196E-002
  8.767643718962324E-002
  0.131447141584029     
  0.499637850840936     
  -1.07960973022923     
  0.371796500473316     
  -1.08979380646564     
  0.283352107922897     
  0.581366339351885     
 -0.299227050234650     
  0.464325638011136     
  9.229401963916363E-002
 -0.180363580040260     
  2.889676339791730E-002
 -0.331843159493402     
  0.744972442736748     
 -0.125916779930265     
 -0.158029900261842     
  0.823369630168283     
  0.106051878762154     
 -0.926638853326945     
 -7.098811346433545E-002
 -0.113849708801465     
 -0.409094704137313     
  0.273479869491443     
 -0.189263201039306     
  0.114431113074991     
 -4.422503436548492E-002
 -0.189960746557432     
 -0.171368879067691     
  -1.22015104490560     
 -0.838754632835302     
  1.319356580966487E-002
  0.443536941644263     
  0.243276689389927     
 -0.350818340933444     
  -1.35873466131987     
 -0.109962005969233     
  0.637092203514544     
 -0.761662152065080     
 -0.440787255325898     
  0.210881743714221     
 -0.290566980815336     
  7.115943465648686E-002
 -0.585188170792947     
 -0.636980943085133     
 -0.607941776567050     
  0.219684944022817     
  0.355586512061798     
  0.534318187083240     
  9.718591223886118E-002
  8.514970800422411E-002
 -0.766848377467705     
  0.124089924654833     
  0.808278819383099     
  -1.18831973191988     
 -4.710550911336699E-002
  0.311004587040519     
 -0.821456922332126     
  1.484033804097894E-002
   1.06302910866772     
  0.249256356422311     
  -1.22549762734589     
  0.149022735582357     
 -0.217867215337894     
  -1.30888930449717     
 -0.103808392083294     
 -0.693713675586428     
 -0.190677209446950     
  -2.33291570298891     
 -0.154530452036583     
 -0.568897527625758     
  0.432139674676841     
 -0.331822491673725     
   1.80567917186252     
 -3.033176467800467E-002
 -0.577019749892716     
 -0.270444891981697     
  -1.33789288360689     
 -0.190805203495353     
 -0.647123888483939     
  0.411333966210552     
  0.522321152799381     
  0.818510678837005     
  -1.14803438480524     
 -0.634429212739761     
 -3.327922894453648E-002
 -2.809570884136662E-002
 -0.790935422684014     
  0.168746342537336     
 -0.591976415968396     
 -0.352815528464859     
   1.08353312152330     
 -0.356856660555679     
  0.418374985056989     
   1.01838603039037     
  -1.07421046566047     
  0.194521912976386     
 -0.115797992285814     
 -0.575321321577400     
  0.105925704166613     
  0.367440202571122     
 -0.223136973980592     
  0.448892801794287     
 -0.365303107095035     
  0.515003832241940     
  0.963802801403697     
  6.446476596983053E-002
 -0.104685624630981     
 -0.305221470286993     
  0.908817221702142     
  0.515942742824802     
  0.251784978091167     
 -0.350964391897924     
   1.06931358477129     
 -7.881097181509869E-002
 -0.119675404793300     
  0.352375801414742     
 -0.256831300649997     
  0.230887861470264     
 -4.469580670696172E-002
 -0.135386566608983     
 -0.167285108830817     
 -0.904503185522650     
 -0.133600988951041     
 -0.344739204717701     
 -0.226994902738972     
  0.233330750015102     
 -1.723964505098825E-002
 -0.730723135123000     
  0.342269007800924     
  0.142599865773390     
 -5.200182588750016E-002
 -0.304351709840694     
  0.626678479842914     
 -0.153205590067669     
 -0.183754283744177     
 -0.152546361601145     
 -0.503437472326862     
 -0.229187662889983     
 -0.431887041493199     
  0.121846740963681     
 -4.393749568160453E-002
  7.997440526236985E-002
 -0.259470586673902     
 -1.296300384686249E-002
  9.068589100698009E-003
  0.288849680144189     
 -0.222991133830063     
 -0.562976676401506     
  8.280679242810375E-003
 -0.237345305421403     
 -0.146975282070580     
  0.237935432836131     
 -0.339683951715778     
  0.522735749539647     
 -0.803168274784652     
  0.357423196560963     
  0.425170028698504     
  0.623934926013760     
 -0.864210057146432     
 -1.129122299820512E-002
  0.514569365947328     
  0.236101387849888     
 -7.025193800504501E-002
 -0.776959170447801     
 -0.755266577788641     
  0.603087576002953     
 -0.563750418336610     
 -0.543823928413614     
 -0.750621906482715     
   1.14288429708670     
  0.397977115119416     
 -0.702688844416687     
  0.399217777620200     
  0.209408873007039     
  -1.16867681946597     
  0.282438082293092     
 -0.504358335126051     
  3.467480197382859E-002
 -2.295859481840430E-002
 -0.107485105200946     
  6.901573448912272E-002
  0.744029886385621     
  0.512033780806630     
  0.184863966646013     
  0.358329699334766     
 -0.330655492163837     
  0.883728648360652     
 -0.654410216644298     
  0.252212571470601     
 -0.384661527042467     
  0.631683917690031     
 -0.270084070422115     
 -0.346020605218494     
 -0.583950757909952     
 -0.537054015285133     
 -0.491507231129427     
 -0.158142919009985     
  0.955972680292577     
 -0.913089633280473     
 -0.192477556091800     
  0.135587276162843     
 -1.433469922763034E-002
 -4.534495046747415E-002
  0.218885294483617     
  0.310886277910622     
 -0.103922899676729     
  5.364346204215189E-002
  0.676005520915228     
  4.291742772313274E-002
 -0.157529192338508     
  0.159078117569152     
  0.467287279533761     
 -0.295922271445472     
  0.791239617661365     
  0.503159920929748     
 -0.537295947836055     
 -0.276266666936412     
 -0.835722210531030     
  0.416982180761423     
 -0.184924517534071     
  0.290212800326563     
  0.131806481340314     
  0.295575515083547     
  0.624408294641014     
  0.417589269928200     
  0.975762222078641     
 -0.190078126712360     
 -1.177672952274884E-002
 -9.781733704826756E-002
 -0.192446151372931     
  0.136310388988830     
  0.875477747223250     
 -0.398018839347628     
 -0.571258907588650     
  0.770377653699221     
 -2.888922674246069E-002
  0.383942408681739     
  0.234618188588970     
  0.297937009103909     
  9.328160856617619E-002
 -0.213125801526026     
  0.396464811314107     
   1.02208773246579     
  0.199639676336036     
  0.395700431949299     
  0.167491451375904     
 -0.752685212124663     
 -0.354914796200759     
  0.159582021695270     
  2.942333839576106E-002
  0.506291360360229     
 -0.276697793710637     
 -0.203329879523357     
 -4.725948366701644E-002
  0.267160767921571     
  0.349450696300218     
  0.243252899531302     
  0.279260983373393     
  0.573675286743684     
  8.783964446776886E-002
  0.117236398185707     
 -0.242948051499910     
  6.053459841558857E-002
  0.310031928634443     
 -6.390570692963540E-002
   1.58351418716437     
 -0.852821763230278     
  0.914149286898395     
  0.128703355401893     
   1.17697925871377     
  0.352400636923794     
  0.708750616195706     
  0.218330885820494     
 -0.136132009495838     
 -5.579541886256496E-002
 -0.526424580788597     
 -0.492887741626912     
  0.786173253058404     
 -0.454909652811718     
 -0.453763231715104     
 -0.519991268772170     
 -0.286074098113693     
 -0.427916500838726     
 -4.713734931301971E-002
 -0.213321853973113     
  0.442954216088988     
  0.313866820240890     
  0.222636798533462     
  0.108858881270591     
  0.387606858382766     
  -1.22356765105461     
 -0.334632745618606     
  0.526767461363905     
  0.182654505493740     
 -0.736209946211798     
  9.049795849651349E-002
 -0.163404961729614     
  0.443525550096266     
 -2.457204636248194E-002
 -0.238817972115528     
  0.245583550122516     
 -3.922199342171592E-002
 -6.485906180001993E-002
  3.535946935000037E-002
  0.790519277510345     
  0.445102959926480     
  -1.13643491764099     
 -0.253000905033796     
 -0.552104683224102     
  0.582507839126293     
 -0.170840530490474     
  0.356175338706657     
 -0.325818356132070     
 -0.373009501382432     
  0.176660159613228     
  0.193889101607521     
  0.775743559260215     
   1.20322523102314     
  0.323744740350937     
 -0.537249919340565     
 -0.245109757768024     
 -0.627498610195571     
  0.289167463422846     
  0.425908740486182     
 -0.375433112615259     
  0.382879716805282     
 -3.034266194260019E-003
 -0.105801623287279     
  0.135247752345296     
  9.377029845387937E-003
 -0.277750538652104     
 -0.255106025627819     
 -0.275627522797745     
  0.236598821231951     
  0.753991794129438     
 -0.149528884792006     
  1.530615122140534E-002
 -0.352380833979259     
 -5.693522650874119E-002
  0.309704533206320     
 -0.325844714299359     
  0.156639810202092     
  0.774379980308884     
 -1.203532823782171E-002
 -0.102857202509443     
 -9.303562437245881E-002
  0.322078937137555     
 -0.179502048068288     
  7.961781141042001E-002
  0.199419960037672     
 -8.895739898275687E-002
  0.284575601727554     
 -0.613459951970344     
 -1.533498681321195E-002
  0.526993404886298     
  0.628419174693013     
  -1.71575764898286     
  0.224645070782413     
  0.175238988406242     
  0.681912947405362     
  0.204132226296079     
 -0.860850222717597     
 -0.397545734233051     
  0.364710882720760     
 -0.311941325003733     
   1.13258691554124     
  0.499723237485083     
  0.282419159033698     
 -0.470268037133312     
  5.384482474435221E-002
 -0.687814312621794     
  0.442397477283164     
 -0.117948631415183     
  0.151893288473151     
 -9.096920035175789E-003
  0.824715263260148     
 -3.252456066974947E-002
 -0.174870809585831     
 -0.373576915075100     
  4.752247022693833E-002
 -0.309936818349537     
  0.379310811023330     
   1.64197827072579     
   1.18814331092044     
 -0.265920565700707     
 -0.203420701211797     
  0.467909479596380     
  0.254445725996759     
 -0.115502492564837     
 -0.107175253001386     
 -0.411713537217254     
  0.345385320390724     
  0.225457284000991     
  2.541693480809641E-003
 -0.491835834321833     
 -2.982470395118277E-002
 -9.094572699936057E-002
  0.433591057461026     
  6.420280846424452E-002
 -0.264363910755218     
 -8.242754220737358E-002
 -0.318695435754347     
 -0.611228770625356     
  0.663298507310603     
  0.596445505132544     
  6.995688310599978E-002
  0.300821737735920     
 -0.458884524224750     
  0.408554019795063     
 -8.319337125815261E-002
 -0.283474903826346     
  0.229165420021343     
 -0.319802815640211     
 -0.476804238688837     
  0.834618395460199     
  0.481945280409401     
  0.343567083202264     
 -0.513019354735421     
  0.100140126535923     
 -0.286540052638333     
  8.841543773389743E-002
  0.641155592534947     
  0.142354197103815     
  0.639315106919506     
  0.658850599152350     
  0.301292873384068     
 -0.965892969590132     
  -2.10341728006098     
  0.141050368127898     
  0.717254613863231     
 -0.117824787564498     
 -0.455282510949762     
 -0.570899065520155     
 -0.989644223930975     
  0.406164431086314     
  0.704529142440873     
  0.226029205806489     
 -0.792791074889014     
  0.493300097592557     
 -0.330924980403373     
 -0.116198550907064     
  0.172397054691337     
  0.401849295793829     
  0.806212794627549     
 -4.898107865417692E-002
 -0.179835123578417     
 -0.159795386349955     
  0.259614901230443     
  0.146758915309030     
 -0.392432573823706     
  0.468173441425350     
 -0.226539637491937     
 -0.373572699566176     
  0.258869360849968     
  9.766966862773170E-002
  0.625617136398779     
 -0.416177972117950     
 -0.688779123998391     
 -0.918958696016542     
  9.781061581121946E-002
 -0.593631625329008     
 -5.943701128329554E-002
 -6.730035870868943E-002
  0.438827610219479     
  0.620099810068000     
 -1.499877699134511E-003
  0.318052627657351     
 -0.362625717015377     
  0.236383565835547     
 -0.209896263451822     
 -0.128977107127917     
 -0.949060598192267     
 -5.207652713691803E-002
 -0.243817970404801     
  5.829453106862242E-002
 -0.200121486561339     
  0.131032659163594     
 -0.199287170087362     
 -0.145919221755430     
 -0.277752516032033     
  0.293001002065985     
  0.749195365770940     
 -0.210068961112503     
 -3.037501100819534E-002
  0.200791167813777     
  0.120702051311811     
  0.225416326795368     
 -0.847451266864546     
  9.443669336463802E-002
  3.240576564852302E-002
 -0.276016338980432     
  0.211219635619034     
 -0.760243737848670     
  6.101114118992099E-002
 -0.180692353304270     
  0.472015663287040     
  0.131909462863892     
  0.553277766323113     
 -0.399752444447452     
 -6.267391282574658E-002
 -0.177017709982175     
  0.273563135697486     
  0.283604983126308     
 -0.271711924588552     
  0.367066559221536     
 -0.121694673530234     
  0.256001464416439     
  0.537533447518116     
  5.932951319974809E-002
  5.128364556441754E-002
 -4.640859993778421E-002
 -0.444097896843863     
 -0.212865250109583     
  0.495492632700381     
 -0.270208910971976     
 -0.302780869245340     
   1.12312049671263     
  0.959707148896302     
 -0.525252109153017     
 -0.255292456892329     
 -0.578607709429044     
 -0.460531236310544     
 -0.184690590791346     
  6.369402347156740E-002
 -0.218029408689138     
 -0.230499036628813     
  0.382574528872126     
  -1.11888496264632     
  0.284482281454876     
 -0.132012998267609     
  0.103605083695054     
 -0.369479088264988     
  -1.05198512775129     
  0.603727188072957     
 -0.700098667584474     
 
  0.314199097608762     
  0.608346693447256     
  0.356411530097250     
  0.577665042693299     
 -0.248564637711190     
  -1.02865935817392     
 -0.332206742954701     
  0.407567550012855     
  0.219929093706447     
 -0.246334941530281     
  0.567291670736976     
  0.308550817503294     
  0.139528697260230     
  0.482711329573147     
 -0.297049089193039     
  7.475070565412828E-002
  0.539045479655872     
 -2.713190651987733E-002
  0.684229407025266     
 -0.362418353590806     
 -0.193008610686776     
  0.270270093494026     
  9.742026377636699E-002
   1.23653470272162     
 -0.104219065895704     
 -0.422289487286171     
 -0.368800068701230     
 -0.251346200396483     
 -0.554245545614970     
  0.705204776942312     
 
 -0.196095628624775     
  0.522184297976814     
 -1.851485034402010E-002
 -0.146438160591223     
  1.854980924564269E-002
 -0.568367138320068     
  9.019282103879098E-002
  0.102437034048681     
 -0.320194945951357     
 -9.200890969197237E-002
 -0.179812205253987     
  0.393637680176501     
 -0.203662570797261     
 -0.616535754532518     
  0.568013592898832     
 -0.111731461663703     
 -0.576541866204986     
 -0.237825900840513     
  0.323614197620660     
  0.140359769092782     
  0.458454398205718     
 -4.073758348122831E-002
  0.291021461298805     
 -0.317081605039736     
 -6.651321036385022E-002
  0.157958855086154     
  0.150078917513875     
 -0.113602180672865     
 -0.285852730496126     
 -0.120161549620589     
 
 -5.328444962806446E-002
 
  tansig  tansig 
