-0.127838951057148403E+00
 0.517079500879722875E+01
 0.306954848852713758E+01
 0.212803338123946340E+01
 0.207821203862915516E+01
 0.360689450789385968E+00
 0.164742059222480780E+00
 0.193496648539706007E+01
 0.196381924157692533E+01
-0.153333014214037266E+01
 0.123251531358434896E+01
-0.487983795500671405E-01
-0.259262080294734888E-01
 0.910999901146717694E+00
 0.378681833595966022E+00
 0.121931048842037440E+00
 0.224113399654180112E+01
 0.950699719360610512E-01
 0.671449324241832207E-01
 0.760982202379249628E+00
-0.157646148893157173E+00
-0.133226765480092185E+00
 0.785677555231193647E+00
 0.402557724656623872E+00
 0.366237246260079974E+00
 0.292195330590595992E+00
 0.569933130435828939E+00
 0.556200488902078516E+00
 0.661444623643036134E+00
 0.179579173110766904E+00
 0.198414278538856043E+00
 0.671791102286534936E+00
 0.305685590928312712E+00
 0.980222623176187496E-01
-0.482412608343994020E+00
 0.393387262617020617E+00
 0.497715573972518976E+00
 0.336773385929816205E+00
 0.788168269142181743E+00
 0.228161019190292191E+00
 0.670655685385929567E+00
 0.192567709746234467E+00
 0.256775898978117867E+00
 0.120850396073729183E+01
-0.137437189198990645E+00
 0.443290943925556513E+00
 0.429137572773245102E+00
-0.203860595203612140E-01
-0.271407228437287491E-01
 0.144000510290135275E+01
 0.957747342929210377E+00
 0.165016396577621793E+01
 0.896925312590253487E-02
-0.905283596016100514E-03
-0.116801671455213450E-02
 0.105459605729622674E+01
 0.248806990855034460E+01
-0.103246076730488268E+01
 0.107209691349999514E+01
 0.850706173168704005E+00
 0.139887233870842542E+01
 0.344572068722213887E+01
 0.306291246886190738E+01
 0.500284513798299635E+01
 0.153820614752432305E+00
 0.239508548828772122E+00
 0.357725349220798072E+00
 0.694570893994000205E+01
-0.307464947265449462E+01
 0.542474020573904259E+01
 0.231198673682178768E+01
 0.462299215451577705E+01
 0.899938410440586978E+01
 0.157930910361856149E+02
 0.902340592855354018E+01
 0.685084250394642602E+01
 0.106073111932582564E+00
 0.455425461909206319E+01
 0.107208532936711336E+02
 0.133031010842493185E+02
 0.948794548621427758E+01
 0.292043997353791198E+02
 0.117711404452180375E+02
 0.729040076848157348E+01
 0.208930269911160131E+02
 0.352474157991267774E+02
 0.266316446237001720E+02
 0.800370509495777185E+02
 0.323604384566834256E+02
 0.661972538503568728E+02
 0.231450681530624507E+03
 0.114525305587650195E+03
 0.301730393703574975E+03
 0.289253906876019926E+03
 0.730960616165433947E+02
 0.913231776525135928E+02
 0.279786111270074533E+01
 0.731226698468164127E+00
 0.452278593313197774E+01
-0.568403971781378137E+00
 0.388105581768109920E+01
 0.170409177570869175E+01
 0.761674037631542511E+00
 0.175604827301778776E+01
 0.642407086236110758E+00
 0.116765912219415971E+00
 0.997879499304411555E+00
 0.173416183473921603E+01
 0.843513730007692919E+00
 0.904872497459231262E+00
 0.984538670815927941E+00
 0.706321810541397421E+00
-0.565466199315898810E+00
 0.353618243042954583E+00
 0.215208366834798187E+00
 0.630241227930268488E+00
 0.264009523134353830E+00
 0.123356670752816622E+01
-0.909144972652832561E+00
 0.163991146323003045E+00
 0.114069958056178464E+00
 0.650366541224834616E+00
 0.158977202842854798E+00
 0.530222790565337609E+00
-0.818736338889888143E-01
 0.312059566312079706E+00
 0.257835216675414813E+00
 0.257178019796721502E+00
 0.217815764629639641E+00
 0.267179159659978960E+00
 0.661694453138620853E+00
 0.478990744368890733E-01
 0.479265024877842533E-01
 0.583524565184980748E+00
 0.288361580888583269E+00
 0.388318077023072583E+00
 0.128636529758877641E-03
 0.446777016590231488E-01
 0.510822095461807776E-01
 0.371095277734508733E+00
-0.921776405529727179E-02
 0.461257210691619624E+00
 0.541915286431693732E+00
 0.185643332048399251E+00
 0.239784115193660829E+00
 0.455149831711636865E+00
 0.179226301974570706E+00
 0.197282839179691083E+00
 0.538087202238092033E+00
 0.111321736554916659E+00
 0.134096519372443157E+00
 0.692789435831911216E+00
 0.730688011780256219E+00
 0.974301512967075012E+00
 0.115221550981874331E-01
 0.448292890475752659E+00
 0.593503865862481716E+00
 0.135599679467517886E+00
 0.105568604204983618E+01
 0.306711070038377054E+00
 0.504650366213164281E+00
 0.348563052196140533E+00
 0.460638552725785078E+00
 0.662962730227975250E+00
-0.140721880792836562E+01
 0.773232198464054221E+00
 0.966243891405461519E+00
-0.972287102529018510E+00
-0.175752877546793007E+01
-0.966144993068170810E+00
 0.250077207400588852E+01
 0.329970223732524115E+01
 0.134133684386715668E+01
 0.107440730411345567E+00
 0.232221768020741376E+00
 0.587582988439419918E+01
 0.542762557247566946E+01
 0.987081792192403640E+01
 0.698700339163125128E+00
 0.625083688461112441E+01
 0.165712118154941876E+02
 0.101423310890264347E+02
-0.954078561854523777E+01
 0.181003115958781002E+02
 0.649085913538327652E+01
 0.728733957250920117E+01
 0.265729197791562655E+02
 0.386468011272213374E+02
 0.783178065567486641E+02
 0.509051796025277881E+02
 0.249226375236294047E+02
 0.157165727113547877E+02
 0.137670221628349299E+01
 0.362703238052866661E+01
 0.455802476561856551E+01
 0.717818698760840368E+00
 0.314823036996749162E+01
 0.359229291123170313E+00
 0.123342286993812569E+00
 0.150065770933074205E+01
 0.772386683925568640E+00
 0.157825744867783735E+01
 0.153892408504881129E+01
-0.177249048284461197E+00
-0.790581179803281769E-01
 0.938735532105522519E+00
 0.927484440033311819E-01
 0.294357662339593762E+00
-0.371360692596155617E+00
-0.167836544891861589E-01
-0.102041709932773096E-01
-0.113732005406790085E+00
 0.163481988622534130E+00
 0.118594377099828829E+01
-0.187031397821053394E-01
 0.121557120990457498E+00
 0.948718598440988076E-01
 0.192830340438220976E+00
 0.175944269831533218E+00
 0.194307050045433638E+00
 0.408174582591910085E+00
 0.173633332305715316E+00
 0.128786936877914593E+00
 0.295414320447368761E+00
 0.163075978788336490E+00
 0.129637347960641858E+00
 0.592866145846387069E-01
 0.110335446295350498E+00
 0.937406595385889413E-01
 0.164184617740544103E+00
 0.256132088165680269E-01
 0.213041878063354867E+00
 0.165221995866979665E+00
 0.460812377017366243E-01
 0.456335163275238681E-01
 0.171176903921071127E+00
 0.552029555707670289E-01
 0.274932756363273800E+00
 0.873099162222016646E-02
 0.693546480875327082E-01
 0.850877729190518683E-01
 0.271522739043312589E+00
 0.217015216868605060E+00
 0.149738159525412945E+00
 0.110910862902028937E+00
 0.897444524639312430E-01
 0.106565991592181664E+00
 0.236429212050106696E+00
 0.654408363680133998E-01
 0.226945454003757097E+00
 0.144272169570284492E+00
 0.140134622524467151E+00
 0.149825925373276575E+00
 0.149510132247812316E+00
 0.158560314631798788E+00
 0.445709418251046818E+00
 0.121458070558533915E+00
 0.935962165861003170E-01
 0.122539774001979060E+00
 0.660295937669316269E+00
-0.763977556411253034E-01
 0.550526547966717072E+00
-0.174838437518356843E+00
 0.149940173894370615E+00
 0.246831436981047592E+00
 0.103344709718792593E+01
 0.596587566909058675E+00
 0.952771549131454343E+00
 0.251469619242688402E+00
 0.358792967351297259E-01
 0.740452391556951500E-01
 0.948637913916553943E+00
 0.180165064160667437E+00
 0.279503195007441096E+01
 0.305088950904522815E+00
-0.327800349054779394E+00
-0.776294030253824374E+00
 0.234980285632043717E+01
 0.801091072514174307E+01
 0.487572512509460321E+01
 0.136133752808759634E+01
 0.446070493909841714E+00
 0.158474778469907740E+01
 0.615267152942574835E+01
 0.254319639152972883E+02
 0.801200143917052010E+01
 0.341362040663586264E+01
 0.840406646801143964E+01
