     48 -    30 -    30 -     1 
rmse=  44.8384meV
  3.786895161479663E-002
  0.501350435957365     
  0.903207379682381     
  0.866161858030002     
   2.13912653340742     
  0.719712314670550     
  0.603787810460071     
 -0.775282431773874     
 -0.399459792698487     
  0.380887321004184     
 -0.424310689293516     
  0.592182227033097     
  0.990650117891626     
 -0.659246341211564     
  0.999662886556647     
 -0.680991745629723     
 -0.179362534296946     
 -0.498599882440799     
 -0.686847004476679     
  -1.19604213241107     
  -1.22223272912734     
 -0.586428633396089     
 -0.892786831167118     
  0.411040325576830     
  0.627829737250889     
 -0.716889670216268     
  -1.06731745091509     
  6.883248661082383E-002
  9.467301520926982E-002
  0.891990855504119     
  1.867864950553413E-002
  0.227517440877046     
  0.732552313563460     
  0.308625674321510     
  0.981993836669401     
  6.287591560824267E-002
  -1.19229061273578     
 -0.793450380307895     
  0.217379643545582     
  0.136944556799791     
  6.969081808416568E-002
  0.455589769413137     
  3.629267656508220E-002
 -0.756309475190944     
  -1.05366836052750     
 -0.168344154423886     
  0.713311514572423     
  0.140890077659479     
 -8.248692200206158E-002
 -0.441574954536421     
 -0.923056618358431     
  0.783798275913566     
  0.970665438210293     
  0.650293079834473     
 -0.228296336710905     
  -1.02673325253450     
 -0.599994034849412     
 -0.378257965008549     
   1.05972400264382     
  0.637036776790088     
  0.203598238071670     
   2.08132132880282     
 -0.596965078298583     
  0.231040934323816     
  0.558382587647944     
 -7.459025389025008E-002
   1.47143376898177     
 -0.960355918638195     
   1.52823780681768     
 -0.121218071654990     
  -1.16700358953682     
  0.676467959776549     
  0.314178466540463     
  0.694136878482908     
  0.297484248168937     
  -1.25295944127679     
  -2.08102380165674     
   1.35598624714177     
 -0.384261441761447     
  -1.33448292430069     
 -0.441751046423511     
  -1.01468518933483     
 -0.842595517315297     
 -0.500884985127439     
 -0.110897140260843     
   1.05152115894721     
 -0.392794020627576     
 -3.712319603471657E-002
   1.38835768207717     
  -1.30087083781387     
 -0.627863208407641     
  0.779860779290200     
  0.237973888324518     
  -1.10330457113320     
  0.699051465454837     
 -0.300684204682307     
  0.587116375735893     
 -0.298138750464199     
  0.726346021278672     
  0.729225298574558     
  0.582873132159939     
   1.11431994995699     
  -1.10033322367058     
 -0.513012804911413     
  -1.14070401991043     
  0.861641141663147     
 -0.547810997636479     
 -3.709168884183237E-002
   1.97375663190789     
 -0.713366449231960     
  -1.23738451819957     
  0.114172097980085     
 -0.502565574838693     
 -0.342773685746236     
  0.692704357998645     
 -0.503794147883460     
  0.455831912453957     
 -0.304570767364497     
   1.09237847905916     
  8.132423698195720E-002
  4.517504569509759E-002
  0.165906853574786     
  0.556385412979223     
 -0.873722520777739     
   1.20524833191691     
  -1.23872156595386     
  0.769405791590011     
 -0.247003757155208     
 -1.515533211062342E-002
 -0.431016219264983     
  -1.28090055026276     
  0.140465997445677     
 -0.382331346797175     
  -1.05611288851607     
  0.778852219556529     
  0.719804996459687     
  0.360261591373930     
  6.715145001441802E-002
 -0.304124240349355     
 -0.451752789840164     
  -1.79689545169242     
   1.47053208152845     
  0.128697698618267     
   1.83160025559572     
 -0.138891864746949     
  0.255045796331387     
  0.274513507273618     
  3.098558014073622E-003
  0.423375748953365     
   1.05560552094217     
 -0.771549667766548     
 -0.431530302866680     
  0.475903780385309     
  -1.20228259957963     
  0.329059035894832     
  -1.40090621850489     
 -6.099783490956814E-003
  0.314260876107913     
 -0.236412896527374     
 -0.325217116557242     
 -0.370042055432665     
 -0.507406419182794     
 -0.531312672673743     
   1.19757118238813     
  -1.62782486263819     
  0.132221634846983     
  -2.04241409620873     
  0.720740758388157     
 -0.286452646310747     
  0.477134635784296     
  2.683991759207024E-002
  0.423298258485058     
  0.447725363754726     
 -0.395148255587347     
   1.18515621180078     
  0.147990603711637     
 -9.830619030791135E-002
   1.43735328654183     
  -1.43272165763235     
  0.637774361128612     
 -3.665899870007068E-002
  -1.13304198878434     
  0.669633736514452     
  -1.80843202108676     
  0.580190198214388     
 -0.333216234236135     
  0.447861071899106     
  0.618343545511728     
  0.156793135926418     
 -0.178139496435667     
  -1.03676641082688     
  0.935849500386323     
 -0.552724421471903     
  -1.06896838941074     
  -1.37201748531378     
  0.112901813261135     
   2.53326721784702     
  -1.24656045748628     
 -7.190206768732967E-003
  0.902354446077982     
  0.919515526234476     
 -0.235857691643752     
 -0.368402338720386     
 -0.814335645646316     
 -0.337447528033263     
 -0.582693462882851     
   1.23562304263874     
  -1.12712026848704     
  0.109961812128510     
  0.783426476782615     
  -1.00574272119531     
 -0.566031986627167     
  -1.61711653246185     
   1.28558957670693     
  -1.18768612694967     
 -0.461284392771077     
 -0.132175457720792     
 -0.971302908803589     
  7.695765370701858E-003
  0.404148637937139     
  0.237707218296124     
 -0.369722459769016     
  0.246791478764910     
  0.971759417917049     
  0.653733070484493     
  0.402607775786555     
   1.71039228557651     
  0.498520311690669     
  -1.15249072336784     
  7.008320528361915E-003
 -0.973892432425606     
   1.13144471648461     
 -0.935768130434170     
  0.460604237237654     
  0.511759176208288     
  0.535774553532436     
 -0.294018722464311     
 -9.091257884725859E-002
 -0.556704678694903     
  0.915525280364932     
  0.724050539992775     
  0.914638247878733     
 -0.176910379843576     
 -0.633102681156194     
 -0.337956496276509     
 -0.411455371905168     
  0.695715461361792     
 -0.281787907527215     
  0.607518797297065     
  0.266374010567459     
  0.215009442754528     
  7.205853939115457E-002
 -0.832161776612385     
 -0.475906956639292     
  0.192847202016198     
 -1.115087958207048E-002
  0.562790414396576     
  0.205771556757466     
 -0.177866108744086     
  0.298742385476646     
 -0.627477848645067     
 -0.341951958234319     
  -1.43679336300487     
  0.358356745545033     
 -0.496585501224237     
 -0.107773464052934     
 -0.594444456530246     
  0.866817640820509     
  0.411725731470576     
 -0.270436765566737     
 -0.489217803024179     
  0.356210039318308     
 -0.745637529403555     
  9.039731944168235E-002
  0.413821769924250     
  0.394359417075047     
 -0.414448301958870     
   1.46141830245208     
 -0.227277359371045     
  -1.00464145965755     
  0.402088305695576     
 -0.858209698105658     
  0.227497792230571     
 -0.258508495853840     
  0.364920102893378     
  1.342902007163332E-002
  0.121104201952796     
  0.556052662197704     
  0.302188569202609     
  0.837716384909810     
  0.830594358170658     
  0.473666018462875     
   2.51118657142382     
  -2.24711406500902     
 -0.652443443948927     
 -0.179718786157496     
   1.86884226954296     
  0.702830351642638     
  -1.99945239519565     
  -1.87863056575993     
 -0.404349879352187     
  -1.39999322416628     
 -0.918004712621897     
  0.512744982161820     
 -0.313376679564069     
  0.629429174732866     
  -1.02870956007473     
  -1.77779753994699     
 -0.612663995061070     
   3.03684122709444     
   1.15845896080067     
  -3.83900462993058     
   3.03294487414384     
  -1.92423606215535     
  -2.21766971717152     
   1.53827832739524     
   2.44232534108129     
   1.71784098663724     
  0.939038760449341     
 -0.621111566693756     
 -0.121190139929919     
 -0.310044631275218     
   3.09528721283570     
  -1.69465574150501     
 -0.129027695119024     
  0.846702996783991     
  -3.10248609215530     
 -0.124441827357365     
  -1.70015124656005     
  -1.00693347061464     
   3.35326678097281     
 -0.652572513003957     
  -1.49838611582449     
  0.540232747169155     
  -2.51221778283677     
   1.81575296851094     
  0.304445213965994     
   1.01660392071015     
  0.533114014798020     
 -0.443039340667872     
  0.201013145120301     
  0.198255654174454     
 -0.818528763839549     
  0.447327217568301     
  0.490438286697528     
  0.349637677923938     
 -0.802728583756923     
 -0.851038104856686     
 -0.460782654203643     
 -0.277156557709280     
 -0.659316246281546     
   1.34252471950809     
 -0.236397186122082     
  0.243397989806683     
  -1.13368096094743     
 -0.152553944490444     
  -1.21911204751175     
 -5.693162951193260E-002
  0.535929350229496     
  9.641092361527075E-002
  0.258070132850677     
 -0.450996799532512     
  0.484244184381764     
  0.875506252461461     
  0.399460494510042     
 -1.936537148073020E-002
 -0.559568814292247     
  -1.04780679500095     
  0.555180003287555     
  0.424832483822202     
   1.38307141731532     
  0.106181194411409     
  -1.10920151452535     
  0.219339905417821     
  -1.30530308674460     
 -0.925654253735348     
 -0.501648714146447     
  0.351408869946445     
  0.837521597224833     
 -4.163953314700165E-002
  0.512164219895811     
  0.562522944213344     
 -0.923357261073026     
  -1.14142677180698     
 -2.765088578541526E-002
 -0.141817849696761     
  -1.11688798703609     
 -0.759502928067912     
 -4.201260667182016E-002
 -0.162023218655413     
 -4.920200087944227E-003
 -0.304209561018760     
  0.373327475191824     
 -0.437020560057285     
  0.121234701503694     
 -0.219709431419995     
 -0.153452488378348     
  0.130648558282674     
 -0.337441577682048     
 -0.112588864301932     
  0.403908657508614     
  0.126322923622331     
 -5.170763803206585E-002
  0.423706316387684     
 -0.120841379549148     
  0.133599789246337     
 -8.031538827856315E-002
  0.149835517225345     
 -2.591999292568039E-002
  0.522880633617692     
 -0.181420468047394     
 -0.113509801169005     
  0.622964847936136     
 -0.553688893286732     
  0.484225026011381     
  0.692721967746221     
  0.405970552396052     
 -0.123766952161146     
  0.284107594598926     
 -0.145225543158186     
 -0.428424871009686     
  8.821305305863411E-002
  0.147424374539295     
 -0.167334678100446     
 -0.172314550055006     
  0.138204974547353     
  0.185251556332322     
 -6.184353926016561E-002
 -3.699791059127396E-002
  0.438099611876070     
 -0.388338823764276     
  0.231532126222288     
 -0.400029704111504     
  0.210268263493686     
 -0.860976590730886     
  -1.36361323270664     
  0.138164762680782     
  -1.14763118385295     
   2.41183128083292     
 -0.856932871905115     
   1.31219494260730     
  -1.47137802349064     
  -1.00915208913294     
 -0.183870134722937     
 -4.942619426982834E-002
  0.474311171958556     
   1.12156109008178     
  0.121567604996118     
  0.250944899277115     
  0.366776861966476     
  0.435816393743026     
  -1.52872731559851     
   2.00630565444468     
 -0.684312114886084     
  -1.31648399394660     
 -0.654093225439166     
 -0.968907796645197     
   1.07981282797952     
  6.168298097494970E-002
  0.903184166424557     
 -3.881875408226309E-002
 -0.827263401384731     
 -0.670116813698352     
  0.108213162453782     
  0.295039408227478     
 -0.937567191795280     
   1.70082786509845     
  0.592729570282486     
   2.07794729854490     
   1.15230641695842     
  9.454543521682814E-002
   2.39874051516500     
   1.13929306806202     
  0.715548356529776     
  8.029891665787450E-002
 -0.551034084782150     
  0.264561204234233     
 -0.998672704490223     
  -1.31780206717215     
  -1.02585105349148     
  0.223490748328633     
  0.452123658923323     
 -0.846495531947566     
  0.885875495424580     
 -0.703386885027719     
  1.563334561610275E-002
  0.573574970333883     
 -0.320129351008617     
  0.448974183349905     
 -0.184212358668431     
  0.217804428770903     
  0.230328942768320     
 -0.771589887825612     
 -0.652275157453080     
 -0.285791720624296     
 -0.168304365037628     
 -2.249396220363544E-002
  0.328655028847912     
 -0.102710520430314     
  6.434674750849843E-002
   1.06481894252448     
 -0.484663843692197     
  -1.02967619990427     
  0.460916840951714     
 -0.599369486186753     
  0.111410741006902     
 -0.368687699001562     
  0.866488219713899     
  0.406543719489213     
  6.305925142828485E-002
 -5.936543697376159E-002
  0.699556925756638     
  0.581218800780450     
 -0.286672490284289     
  0.711905786496653     
  2.129319044365047E-002
 -0.176823894069446     
  0.811840236935901     
 -0.235007708404474     
 -0.948557646340357     
  0.586291657548238     
 -0.561767106406566     
 -0.250888760742580     
  0.209099827701203     
  0.376075395007702     
  0.369223500477055     
  0.110959479761972     
   1.26080539963154     
 -0.119956492882116     
  0.297862746763887     
   1.58883553564061     
   1.62096967740203     
  -1.59088724489848     
  0.912541260515322     
 -0.111682992147687     
 -0.423314933007316     
 -0.232499699372539     
 -0.159301588546960     
 -0.180143297236093     
  0.505538697828890     
 -0.368006228159004     
 -3.303093165513625E-002
 -0.472915858387271     
  0.419777774925429     
  0.284862329563555     
 -0.982835401893598     
  0.371753237233149     
 -0.787301352766228     
   1.07723298369564     
 -0.226189908330089     
  0.465409001332113     
  0.414404140191087     
 -0.219049832386457     
 -0.663135426202315     
  0.142947481937434     
 -0.269720480640812     
 -0.365487261363247     
  0.126893397384467     
  6.730916646636820E-002
  0.195634466481824     
 -0.808344243251393     
  0.890179525681906     
  -1.03194633562991     
 -0.548750775669125     
  0.409309188375338     
 -0.111567287734727     
 -3.521138260820639E-003
 -0.223088593105473     
  0.304335200924871     
  0.294320673585875     
 -0.362249934409575     
  5.845620060254993E-002
  0.687802141413497     
  0.169315904427382     
  0.116072496385230     
 -0.273611870711200     
  0.942885567851148     
 -0.222313851332309     
  -1.72302168317573     
 -0.695524834928377     
 -0.542198289913724     
  0.366788564141387     
 -0.257032531262291     
 -0.731720008188462     
  7.962633058613870E-002
  0.470160565538203     
 -0.137076563936883     
  0.566865325787208     
  1.099427411617520E-002
  3.324587776728960E-002
 -9.532253700501529E-002
  0.283008023480602     
  0.261824770355084     
  0.509341980474699     
  0.761089976406823     
  -1.39169019800994     
   1.56694524054049     
 -0.121215974658102     
  0.399996987254668     
  0.309836944744014     
 -0.240918388359731     
 -0.185934953747811     
  0.174486467621130     
  0.238887381760989     
 -0.636463674754518     
  0.618499189711827     
 -0.295469833759762     
 -0.101017726185309     
  0.166795815094889     
 -0.994251637479133     
  0.944857918547563     
 -0.500406070732203     
  0.705711069057164     
 -0.126118603170502     
  9.396881383908173E-002
  6.256146849242449E-002
  0.272007637937436     
  9.466917527789326E-003
 -0.421778391772041     
 -2.037983834776193E-002
  0.393160789437422     
 -0.297240114046126     
  0.391947982075911     
  0.106157008470351     
  0.579730139602814     
   1.26906518627679     
 -5.456168455851468E-002
 -3.986277667240781E-002
   1.42428848635306     
  0.552129955125092     
 -0.696849805825211     
   1.13163127437438     
 -0.713450757126761     
 -0.843421582217975     
 -0.274752539109239     
  0.398647035136196     
 -0.742739333595178     
  4.550528465835879E-002
  0.498431058465072     
  0.159779273220455     
  -1.22485314830049     
   1.22722212119136     
  -1.37347910897916     
 -0.602231513285353     
 -3.264769587439452E-002
  0.477515673473002     
   1.81076946618867     
 -0.254762498286319     
  0.666514619756083     
 -0.320563884623056     
 -0.867324407263418     
 -0.328282578003683     
  0.719611642412551     
  -1.05541566629374     
 -0.169938058333276     
  0.707764402930911     
  0.119810687547744     
  0.590724522723966     
  0.996383630260818     
  -1.11287067503524     
  6.173361016033263E-002
 -0.795003303640648     
  -1.70847582376319     
   1.09006467087988     
 -7.144299387368513E-002
  0.297455799858241     
  0.552518632483356     
 -0.937471102081718     
  0.433484221776220     
 -0.385334218976074     
  -1.11523619247392     
 -0.525265332623368     
  0.512893547957240     
   1.31822277822984     
  0.529096338593405     
 -0.110886397472863     
  -1.16547045461205     
  0.276882012718179     
 -0.269155422035121     
   1.31765562762420     
 -0.957121771318767     
  -1.71057213249780     
  0.418147350356508     
 -0.592487814865056     
   1.44325088338738     
 -0.761047183872558     
  0.830814397828787     
  -2.07789140375202     
   1.36893082109010     
 -0.878710152199507     
 -0.852313743552535     
   1.63634988817942     
 -0.859161164631798     
 -0.494826129829785     
  0.352453465467405     
 -0.284583602446098     
 -8.228837100755086E-002
 -0.408152212619188     
   1.65041053908479     
  -1.08468779193116     
  0.657567284745133     
  -1.02399648309289     
  0.865203339696008     
   1.24129390278564     
  0.271799296261281     
  0.640415025743015     
  0.452456907205878     
 -0.738478082092027     
  0.560632434486733     
  -1.28187473575503     
 -0.216131760893858     
   1.75880521167736     
 -0.395090735508081     
  0.673739631961934     
 -0.238467367853138     
 -0.114482280985807     
 -0.575512086892692     
  0.619758926613729     
  0.234049011564251     
   1.59313273820986     
  0.497545498459306     
  0.672215589638157     
  3.786932672868157E-002
 -0.239190581764217     
 -6.750063690253538E-002
 -0.575983356660059     
 -0.229433622458106     
  0.158997654089560     
  0.351002271354505     
   1.40120681061000     
  0.999528031426453     
   1.09231676024071     
  -1.09275700581605     
   1.41156340589701     
 -0.136109758619230     
  0.543985847354267     
  0.759755186404974     
 -0.811400311627789     
 -0.417238007892477     
  0.523660909018685     
 -0.359509581513851     
  0.408780828851721     
 -0.161623209070735     
 -0.219513396136131     
 -0.120758952070575     
   1.12334516685294     
  -1.12506197053186     
 -0.380241517088960     
 -0.740078147602208     
  0.226006467272469     
 -0.380104502518394     
  0.870519360535625     
  0.792250264298211     
  0.637607795733694     
  1.467933800306498E-002
 -0.642804288984667     
 -0.750238887789179     
  3.923379544980578E-002
 -0.148382520983410     
  0.422166843952786     
 -7.703110679418612E-002
 -0.518330734195311     
 -0.445353893282838     
  0.376148241365072     
   1.20476463879430     
  -1.45519285223947     
  0.763497287282836     
  0.433218696738376     
 -0.124092169559033     
 -0.264678157059579     
   1.30164914787749     
  0.752943235753516     
  0.543714962026506     
  0.151843099968363     
 -0.114422788866721     
   1.71334911823699     
 -2.927979377401620E-002
  0.234769584200526     
  0.105809287821584     
  0.824831195350873     
 -0.222731463615456     
  0.258919833682156     
  -1.23273891491006     
 -0.548602990999954     
 -0.724013153692693     
  0.298717056821512     
  -1.22409846132100     
   1.14101390246109     
 -0.791745760521223     
 -0.637757323638969     
 -0.618912595496909     
  0.386203611461101     
  0.209758043775880     
  0.935174005066270     
 -0.153475901458891     
  1.562475228783358E-002
 -0.532103064758555     
 -0.190093489110068     
   1.34122445131016     
   1.31178492402441     
 -0.210303332825639     
   1.29068736924598     
 -0.505605299121690     
 -0.746217319411414     
 -0.846798113343776     
  2.727687777828162E-002
 -0.886811544739356     
 -0.313303974693696     
 -2.503137291036960E-002
 -0.440229248611281     
  -1.01219144560148     
 -0.791022964398885     
  0.334151907969184     
  0.949767936801104     
  -1.00510765429689     
  0.279704997527858     
 -0.165036821531697     
 -4.827375802624078E-002
  1.290307931095280E-002
  -1.03355605197570     
   1.13235115270148     
  9.587209900871545E-002
 -0.553336254392410     
  0.477756718259489     
 -0.602426376074561     
  0.914621971338185     
 -0.331206916337860     
 -0.276897909648740     
 -0.216658582354871     
 -0.335588704438958     
  0.195787920810207     
 -0.255864899369213     
 -0.676949037850086     
  0.586242926940525     
 -0.645679572048290     
  0.235229698023225     
  0.338883734950769     
  0.222734184063403     
  0.490026413522900     
  -1.11809909141710     
  0.145596168811872     
 -0.643092023145171     
  0.255794570158261     
 -0.125942552586490     
   1.05091084628791     
 -0.520239406414824     
 -0.165378701719581     
  0.427628018058053     
  0.530845685459575     
 -8.284328335074805E-003
  0.246703942165048     
 -3.734883215813598E-003
 -0.113986553280782     
 -0.853788667865037     
  0.402044723111302     
  0.716600955374862     
 -0.794858328783658     
  0.197640457853556     
  0.343236563165505     
  -1.52689841917039     
  0.839518854999719     
 -9.351231053808395E-002
  5.459898045666631E-002
  0.101219052432766     
 -0.122329477941927     
  0.409975905734137     
 -0.258926986992237     
  0.830823117503554     
 -0.650763313372144     
  0.209832309403595     
 -0.785140362519458     
 -0.347881573252144     
  0.630048977406452     
   1.16675438499957     
 -0.196545001844667     
 -0.594097647701976     
  0.681291785167018     
  0.223777328753524     
  0.692929583824047     
 -0.366471947346199     
  0.128143755934137     
 -0.108354162549000     
 -0.357327762858847     
   1.17456593442443     
 -0.123466325499231     
  0.540554849302064     
  -1.38654462276120     
  0.794072365127249     
  0.148968643968317     
   1.29764470862249     
  -1.01501284806021     
 -0.312499217398798     
  0.268657882052679     
 -0.962386241672389     
  -1.62687773778074     
  0.783010108265636     
  0.733942533168967     
  0.119329377296527     
  0.214111670559361     
  0.118441329945525     
  0.773805443489105     
  4.383948737894308E-002
  0.343999371918867     
  -1.17717584386798     
 -0.589769106505448     
  0.205393596901007     
  4.827157404168156E-002
   1.09407804215525     
  0.610978790709321     
 -0.323424877348225     
  0.564239392914061     
 -7.059066546844965E-002
 -0.316867611215273     
 -0.396932018218014     
 -0.727776369448475     
  0.944566355608206     
 -0.201645268946387     
   1.21244273256464     
 -0.607684303626521     
 -0.778496961268390     
  0.173907140555851     
  -1.26753246921581     
  0.973925333078452     
 -0.778558729452373     
  0.714106197440300     
  8.959531759328848E-002
  0.441502093579339     
  -1.04076283905363     
  0.394122709200950     
 -5.682416679158597E-002
  0.534498678883823     
  0.644814588846377     
  9.011869478547493E-002
  -1.09464535348231     
   1.18710490136586     
 -0.543399938003591     
 -0.214965669916703     
   2.13564808936609     
   1.17220817187233     
 -0.525872995720952     
  0.848764420249357     
  0.279804793689005     
 -0.430236577356828     
  0.460654721750920     
 -0.599499825840560     
  2.357241360407947E-002
  -1.03307602332298     
 -0.362410170465887     
 -0.372093507560442     
 -0.975069600729206     
  0.632355314235903     
  -1.07819387597136     
  0.724151743133131     
 -0.424634534978637     
 -0.313967065724159     
 -0.283297706532999     
 -0.303865157123699     
  0.152501063235834     
 -0.607884701359504     
 -0.250576405810558     
 -0.144952624326325     
 -0.375410415477193     
 -9.667674593987247E-002
 -1.713227252651711E-002
  -2.09378543900694     
   1.10313455221814     
  0.668815986469379     
 -0.328424432003122     
 -0.524970618036548     
   1.02486890646959     
  0.575802648490868     
 -0.857832119071517     
  0.706686014285662     
  4.692929779264242E-002
   1.16528126611566     
 -4.789791708453205E-002
  0.359304520109815     
  -1.06295880011110     
   1.44591069068924     
  0.347694685431227     
   2.05349141575753     
 -0.764216147338168     
 -5.605786200282058E-002
  0.607265623355461     
  -1.99761504900714     
  0.272386021089086     
  0.126214757045314     
   1.83064142126849     
 -0.751435607542578     
 -0.535244549691193     
 -0.415872594425419     
  -1.47111907750383     
 -0.394359648410972     
  0.388461563361648     
  -2.53130560277195     
  0.565050650913618     
   1.61948893594534     
   1.10059109120110     
 -0.797203154501676     
 -0.262689717144799     
   2.90740417832386     
  -1.92426790135965     
  0.302275228500167     
  0.947288591672127     
 -0.174598431668904     
  -1.01278082481524     
  0.223452292313066     
  -1.90381984189833     
 -3.031320416990197E-002
 -0.211743274889382     
 -0.456763149586334     
  0.237080532823787     
  7.649074393974717E-002
 -0.607497951215399     
  0.176591550879966     
  0.584490772583200     
   1.52612832282662     
 -0.498741417598668     
 -0.383345419637214     
 -0.610023141022107     
   1.00524329814377     
   1.32975936364296     
  0.630292275706367     
  9.923630867327220E-002
  0.641218543505420     
 -0.272424105237170     
 -0.233862798182934     
 -7.547768162660445E-002
  0.833017629742479     
  0.274792265441078     
 -0.724650732643135     
 -0.365066699723481     
 -0.662581285101599     
  2.571008510659521E-003
 -0.247420696791582     
  0.652037915670648     
  -1.51618383098837     
  0.584830439688486     
 -1.255083333621132E-002
  -1.51695973762835     
  0.311679351252868     
  0.614055658092075     
  0.543345942883893     
  0.196058209969706     
  -2.97411981853181     
  0.635010511658247     
  -1.22430358907369     
 -0.482002073467115     
 -0.134972158289636     
 -0.222753675597023     
  0.655918705274102     
   1.06596081017204     
  -1.08089964297761     
  -1.32729966790358     
  6.448845340072618E-002
 -0.255780234584269     
 -0.357677988352183     
 -0.259226292209505     
   1.76317149044547     
  -1.47634503676083     
  0.420049230307168     
 -1.559999815837561E-002
  0.115344420724990     
   1.38773237332022     
 -0.570548552059573     
 -0.480925722107073     
 -0.223631061939162     
 -0.824594019989290     
  0.310719432290509     
 -0.545961103993535     
  0.283447489246231     
 -0.408533944786157     
  -1.16024195570605     
  0.372620423867859     
 -0.238328076065220     
 -0.433506096267900     
  9.647740163881524E-002
  0.219315891967429     
 -0.170056913085696     
 -0.319332419108879     
 -0.470019345625415     
  -1.28268847711738     
 -0.152221366205311     
  0.480157965402858     
  0.679138526244498     
 -0.552993177448828     
 -3.804782117622531E-002
  0.375875501069476     
 -0.597164184405095     
 -0.215021619600462     
  7.203681723964180E-002
  0.150975561381683     
  0.340705869029178     
 -0.566857848063939     
 -0.590109956634659     
 -0.397393991135635     
 -0.176528503458994     
  0.454539474340952     
  9.866293458102779E-002
  4.347356935601763E-002
  3.249007676832378E-002
  5.797568471797614E-002
  0.276280244234790     
  6.902795193990029E-003
  1.654488330885339E-003
 -7.444132509503995E-002
   1.35145387636308     
 -0.707642070484551     
   1.34605879976574     
 -0.210524834356157     
  0.512980841977138     
 -0.727906040171874     
   1.36926595569827     
  0.341065212851326     
  0.812643581435547     
  0.159651664576144     
  0.386101033139611     
  0.242686558356026     
 -0.207369618696747     
  6.471228960130482E-002
 -0.191804840333188     
  2.523946404720611E-002
 -0.821481978453646     
  0.336612707017975     
 -0.477482524857015     
 -0.131412307683937     
 -0.943607367261155     
  1.399964799136888E-002
  5.000236803157208E-002
  0.522233090062209     
  0.702491200423070     
  -1.22297338310513     
 -0.681140173631396     
  0.497072255405902     
  0.524284506872478     
  0.109916885620156     
 -7.902599885260794E-002
 -0.627915893257833     
 -0.472112105524010     
  0.337408626247352     
  0.187434358885178     
 -2.007058798415891E-002
  0.148442119427752     
 -0.270918155599982     
 -0.680384918470134     
 -0.234573823051986     
 -0.560804720232794     
  1.496827995419209E-002
 -0.463032505273221     
  0.138719538061954     
   1.19131048732589     
 -0.263035128142276     
  0.358058291120233     
   1.07129758190079     
  0.260573576169902     
  0.676635543108974     
   1.11169374984578     
   1.24000389172401     
  -1.03514540938611     
 -0.168391123128905     
  0.117909220833517     
 -0.629600480042287     
 -0.386177727817415     
  0.757464352738388     
  0.926399810654514     
  0.398390395530281     
 -1.364855095819161E-002
   1.13470550591310     
  2.786606149840973E-002
 -9.073484491971107E-002
  -1.01216800715843     
  -1.56849940233793     
  -1.12619586035558     
  0.506649091812444     
  0.432653178038010     
 -0.167797856010456     
 -0.128800157278664     
  -1.79852606502377     
 -0.307068154501773     
  0.261315657156500     
 -0.791056703928366     
  0.628633483110411     
 -0.260330851949223     
 -0.363665211596912     
  0.161910285938483     
  0.896498198150114     
   1.26020950413190     
  -1.08455478394538     
  -1.13166176394119     
  -1.09583649420290     
 -0.552369387714576     
 -7.213242025531097E-002
  0.839644794056130     
 -1.953799693159431E-002
  3.740806288962728E-003
 -0.270043558140990     
 -0.465169046484248     
 -0.956280711500158     
  0.314197610277313     
 -0.239408842829465     
  0.395045451855298     
  0.133687470227446     
 -0.589027388392164     
  -1.41007959643463     
   1.86717160455311     
  -1.65068879867250     
  0.604505200347448     
   2.44610517804281     
 -0.420237460891155     
  0.150773500791421     
  0.106350895634620     
 -0.142154859018461     
 -0.265374746056998     
  0.649892186155383     
 -0.345957017490396     
  0.168927354623685     
  0.500880227005940     
  0.521681522653713     
 -0.615016560526816     
  6.567771156819460E-002
 -0.415464087897319     
  0.312255323867347     
   1.90637675629483     
 -0.934089560273979     
   1.03713370389883     
   1.01326741451380     
  0.404153817449602     
 -0.688807872241731     
  0.499031606360479     
 -0.240666112211527     
  2.448652793693298E-002
  -1.16804317577298     
  0.161234607247042     
 -0.511600354010615     
   1.85599187277759     
  0.550974487348045     
  -1.52707865001929     
  -1.03135445255665     
  -1.47143030180146     
  0.105520924183553     
 -0.796088985782933     
 -1.459485658657937E-003
 -6.922487868177445E-003
  -1.07204819590032     
  0.217002993410238     
 -0.189590817224428     
  5.663964944721524E-003
  0.765740263977202     
  0.333783685594930     
  0.210974906823404     
  0.953664816343619     
  0.788039153781941     
  0.662872959263333     
 -0.477616056771493     
 -7.955370034842139E-002
  0.548269792141736     
 -0.416978493791560     
  0.356651227158081     
  0.840131778425296     
 -0.406743839914363     
 -0.710303202450168     
 -0.900184085657485     
  0.130300782152437     
 -0.741366715461197     
 -0.466443641312411     
  0.594094727825106     
  0.565514166193039     
  -1.63775722044958     
  -1.32219379743846     
 -0.180145039731769     
 -0.365362633687919     
 -6.787274583400792E-002
 -0.356887811770326     
  0.622750137700136     
  0.780579126269242     
 -0.277971721811113     
  0.414625115959911     
  -1.07018458012957     
   1.20107200912708     
 -0.902707194580414     
 -0.724421838661678     
  -1.42528737335680     
   1.16755729855291     
 -0.344788364081711     
  0.812985466904888     
 -0.409343180597968     
  0.108475016585021     
  0.187735123862196     
 -0.450168944766777     
 -0.338735407609455     
 -0.137088321780701     
  0.473577335280983     
  0.672044947970711     
  0.520889718611334     
  0.171973132564648     
 -0.278328480343523     
  0.111725108248454     
 -3.061902027424873E-003
  0.562436229008108     
  9.929312174646472E-002
  -1.41100457753227     
  0.523054999789783     
  0.267808407212241     
  -1.09944734309637     
  0.741523176783523     
  0.467661388522258     
  -1.53257793828562     
  0.604065731731887     
 -0.653483542899720     
  0.200981387266307     
   1.44836749976476     
 -0.732404426492683     
  -1.58873973182631     
  0.621792950466466     
  8.966263561206927E-002
  0.784492921415258     
 -9.507372471065037E-002
 -0.536900382525071     
 -0.510346396991081     
  0.604025086861480     
  -1.71444640563110     
  4.816208283337713E-002
   1.18730965743523     
   1.04212272896495     
 -0.900710069643810     
 -0.388604130309044     
 -0.304462175843184     
 -0.392903346378608     
 -0.262336794709122     
  3.901231635202029E-002
  -1.05513854251890     
 -0.302461387678108     
 -5.915241214287992E-002
  0.994188222192791     
 -0.442470258853294     
   1.59123795303649     
  0.296682259939620     
   1.62401376846005     
 -0.668647552988095     
  0.458381802764619     
   1.10855223349494     
  -1.51677886581248     
  9.524189841011171E-002
 -5.463356023685902E-002
 -0.231188888095143     
 -0.298513827588027     
  0.750155202568993     
  -1.52779216387999     
  0.295934801580863     
  -1.19136602302653     
   1.22390069410908     
   1.22727734066344     
 -0.478293617548170     
  0.583466443686028     
  -1.16486731817235     
 -0.234542923021536     
  0.224235610951223     
  0.753856802489641     
  7.978995660013005E-003
 -0.282006832915525     
  0.109290342759686     
 -0.687262841591132     
   2.46587036714195     
  -1.87373249321232     
 -0.495011732729361     
 -7.366044681774267E-002
 -0.174956685618570     
 -6.638741734021303E-002
 -2.146706652385438E-002
  -1.33878930603483     
 -0.305169023245648     
  0.648953413644990     
 -0.888683027961007     
   1.01368920115897     
   1.03196122315609     
 -8.799427140596774E-002
 -0.831114906469014     
  -1.38409106604822     
 -0.705606028909783     
   1.23333996413070     
 -7.840715964711967E-002
  0.754557721135717     
 -0.770306093244579     
   1.05903732577624     
 -0.464276251245996     
  0.328890746805166     
   1.09310506408925     
 -0.984936222295359     
  -1.16115009420818     
  6.280373704201159E-002
  -1.53166077709499     
  0.282227038509678     
  4.930329859020487E-002
 -0.114402985746906     
  0.357318001402896     
  -1.19545138359743     
  -1.17098288952109     
  0.101143971532235     
   1.07445632983507     
 -0.522393594833699     
  -1.33485324966245     
   2.60361762294016     
 -0.873537189894992     
   1.67084838640106     
  0.525011316488162     
  -1.00312631525656     
 -0.581590050390783     
  0.490313096566115     
 -0.766706169395756     
  0.612182051130893     
  2.980430756857996E-002
   1.16974905104602     
   1.20796327570653     
 -0.710872726528347     
  -2.22882060727742     
  0.227770305913724     
  0.773233901286746     
  -1.33104866652665     
  -1.21645409053588     
  0.421344794924427     
  0.112795305632581     
 -0.965404043460943     
 -9.617775301133402E-002
 -0.499329901421149     
 -0.146768708311083     
 -0.560852174068156     
 -0.856089657418271     
  0.646504375530502     
  0.633160880105421     
 -0.249735004206091     
   1.09798117820803     
  0.262586894494512     
  0.133306308596903     
 -6.722223299915242E-002
 -0.334045801358232     
  -1.78265929018453     
 -0.102920381765082     
   1.08916705544199     
  0.820185354945010     
  0.305853945626284     
 
   1.71591763622804     
  0.840234446508152     
  0.451017781053666     
 -1.130964076846735E-003
  0.883285779044897     
  0.981780580164343     
  -1.28864368615710     
  0.432419119575632     
   1.29070290008811     
 -3.356109123330336E-002
   1.40878556270411     
  0.668568885479432     
 -5.622231224033133E-002
  -1.55314570290170     
  -1.69162169863181     
  0.320654796152701     
   1.71303269432037     
 -0.893511351085517     
 -0.549977059012209     
 -0.443670774096319     
  0.508469790381256     
   1.38502974453949     
  0.821198898470673     
   1.02686599322286     
  0.219759603937924     
  0.109793902603613     
  0.702237691378539     
 -0.262524583756692     
   2.22939821096077     
   2.25541428720632     
 
 -0.171004862542959     
  0.112421288418984     
  0.149509740925223     
 -0.511914768334450     
  0.319342001323060     
  6.950805715242134E-002
  0.180364190461583     
 -0.299752033737590     
  -1.46031198756575     
  0.174680658704389     
 -0.588209031628873     
 -0.318562057741500     
 -0.243289805161027     
 -5.288663849853163E-002
 -0.829095926807589     
  -1.38214939974943     
  0.120474848489284     
 -0.287602798272088     
  0.491950092340388     
  0.796828186318519     
 -0.359231103156132     
  7.963887854584736E-002
  -1.59153520694186     
  -1.63910610967086     
  0.207650598154404     
 -0.275694084151986     
  0.669558959238360     
 -0.753876535277393     
 -0.209019657940197     
  0.104423631306857     
   1.28985028523079     
 -0.965679076439299     
 -0.112380704852655     
  -1.54903096199284     
 -0.496554154760375     
  4.132916889716228E-002
  0.297394190031171     
 -0.732829441660413     
 -0.381532470781374     
 -0.517443709660396     
   1.63985468327819     
 -0.427696471146796     
 -0.683891801691682     
 -2.440820058368603E-002
  -1.44267280994036     
  0.302694308322965     
  7.573105665174362E-002
 -0.410514154241938     
   1.23195661411017     
  -1.11863773037934     
  -2.20353566053751     
 -0.199489738417716     
  0.768230814779457     
  2.536468561311585E-002
 -0.494035830722155     
  0.313798703681102     
  0.981727232422355     
  -1.12175442947822     
  0.616740758672592     
 -0.600332299197806     
  2.977383632681865E-002
 -0.112010025055655     
 -4.356334477750930E-002
  0.366596202990041     
  6.808889456593578E-002
 -0.123454989616460     
 -0.351038978173501     
 -0.195638382263869     
  -1.21675204695674     
  0.360643886578475     
  0.500874971895297     
 -0.981163755626410     
   1.22876494861056     
  0.276892893348611     
 -0.375562345118001     
  0.616531624382540     
 -0.193620379011928     
   1.98990234657509     
   1.00000052467117     
 -0.297151776048979     
   1.13279805877794     
 -0.297811514755334     
 -0.714181971424771     
  0.180478170480769     
  0.133456597535367     
  6.767439419363558E-002
  0.644926952437759     
  0.138932327386365     
  0.659813595213012     
 -2.770022679132090E-002
 -0.923399662917810     
 -0.244794785236581     
 -0.643078742580839     
 -0.574785829915685     
 -0.462757235676614     
  0.757301659604248     
  0.896935859246910     
 -0.866164523266925     
   1.08800838895568     
  0.593878344776687     
  -1.36095640338527     
  0.845529826443662     
  0.135122496670827     
  0.991518161682050     
  0.328369611699706     
  -1.30175396722067     
  0.230167222528426     
  -2.70782561467127     
  0.501035979856782     
   1.68489844378499     
  -1.59278780195262     
   1.02725952470585     
 -0.772088959338183     
 -0.657486307694133     
 -4.023460791811833E-002
 -0.500122217821773     
 -0.129003025412490     
   1.09797368017836     
  0.348243316401988     
   1.60728542101671     
  0.389189057847701     
  9.447455649347347E-006
  0.243363335048323     
   1.05252732083587     
  -1.83030164716201     
   1.58825793192293     
  0.870510684022866     
 -0.172532737369393     
   1.99095265375828     
 -0.832322951618158     
 -0.948459363141165     
  0.542404129457511     
  0.896349966311168     
 -0.191798690872205     
 -0.441127271688198     
  0.901108999799711     
  0.607868507598088     
 -0.665022646785870     
 -0.117042033672533     
 -0.229974031357088     
  0.953855812797686     
 -0.136900412709919     
  0.831003868596285     
 -0.753848430833630     
 -0.203463601965120     
 -0.244465399013745     
  0.153638780030022     
 -5.978459280757163E-002
  0.289863597134211     
 -0.452448737953815     
 -0.143801225700907     
   1.15399773513669     
 -0.814551989825401     
 -0.266994543017699     
  0.998100771652334     
 -0.201196263928648     
  1.084412226119057E-003
 -0.368414456249992     
 -0.350983726406018     
  3.753597363508263E-002
 -3.792181511810272E-002
   1.47346083503966     
  0.206031795549375     
  -1.10674923506560     
 -0.998652991824578     
   1.42375531248410     
 -0.303313708435484     
  0.824401019448751     
  0.387140379384500     
   1.15972955226444     
  0.580377699333179     
  0.321923883257068     
  0.635200867007643     
  -1.54749100293146     
  0.480647538552762     
  0.875175075055799     
  0.177378120862020     
 -0.258355215513094     
  0.713239559126937     
 -0.377676518357280     
  0.710779175981334     
  8.075156588909643E-002
 -0.383144045666326     
  0.211614002884037     
  0.633261423527701     
 -0.210287634355753     
  0.245886942169180     
  0.357085798982576     
  -1.41001300186817     
  0.393207739449346     
  0.426686822863916     
   1.00848641174019     
 -0.462909807242396     
  0.653867057920663     
  0.198979804482362     
  0.431456457270937     
  0.590016877140727     
  8.596573840953070E-002
  0.273434080941250     
  0.911590766021287     
  0.163062270530513     
 -0.487874004366660     
 -0.738945493897032     
  -1.04023401764994     
  0.974889804286512     
  0.280034726771236     
  0.745399038453348     
  0.225642970466562     
  0.436141673745735     
  0.330056507906907     
  -1.89421423805186     
 -0.152571621249768     
 -0.247878079866176     
 -0.451472041423450     
  0.154069008211852     
  0.654250653054207     
 -0.570220824352298     
 -0.746935572936343     
   1.90477931845874     
   1.57485500642618     
 -0.526925963808836     
 -0.491285494725768     
  0.391583214272262     
  -1.31576820851461     
   1.68710475614803     
 -0.949267863148194     
  0.300751096634862     
  0.604206970091230     
 -7.818766672664590E-002
 -0.477156917486246     
   1.70884304677139     
 -0.450354779802390     
   1.57056581756597     
  0.365754040125361     
   1.32396798962622     
 -0.762003187633184     
  0.630205663290472     
 -0.498741623477671     
  0.769265106954995     
 -0.779371836743127     
   3.26480729255062     
   1.51287212018794     
   1.62324948551961     
 -5.588084326086518E-002
 -0.561062173688851     
 -0.261649137263197     
  0.248686891822624     
 -0.251497155144105     
  0.670392672238289     
   1.82255280730604     
  0.927120579353625     
  0.223525485624724     
  0.331330949485702     
 -7.356530562992895E-002
 -0.242585745871852     
   1.53422055814775     
 -0.735552502165947     
  -2.21080184199037     
  0.259926301903199     
   1.67558830210109     
 -0.831634956043016     
  0.412775433911597     
 -0.908244723797676     
 -0.805805871164587     
 -0.405388139583740     
  0.484758890167683     
  0.322504274404642     
  0.407927143593867     
  -2.01230123178519     
   1.51239823716278     
 -0.494033154976187     
 -0.372741806176918     
 -0.784293573234389     
 -0.205473111185016     
  -2.16216966170450     
   1.30594013657946     
  -1.81492236070634     
 -0.354466728934661     
   1.74910543302684     
  0.796725969180842     
 -0.545754970509698     
  -1.32470414469065     
   1.15611561763430     
  0.351682379997187     
  3.535974495482255E-002
   1.05545186843631     
 -0.516230280434588     
  0.736684448306041     
 -0.688388381045980     
  0.796247306140371     
 -0.784223808875495     
 -0.120447279726658     
   1.72487382301096     
  0.390312147448929     
   1.07665464231319     
 -0.190232899619142     
 -0.588821416108832     
  -1.30925424207453     
   1.01097403788784     
 -0.923851385857290     
 -0.417098714101359     
  0.238981416191416     
  -1.19710380812194     
 -0.125763939297909     
 -0.218828209988836     
 -0.332775072342045     
  -1.53020099995863     
 -0.147633195232736     
 -0.298430488996909     
  0.125848143752623     
 -0.157353218613366     
 -0.949064328020007     
 -0.224444417638025     
 -0.346355932272807     
 -0.103263972369174     
  -1.21992344589710     
  0.345047423091070     
 -0.120331716563510     
 -0.835181066622612     
  0.244664522158770     
  0.722257907513141     
 -0.207968780092713     
  0.612451465481807     
 -0.426249385341556     
  0.577152046339731     
 -0.586551132572987     
  0.225970273248385     
 -0.610956031274217     
 -0.221077462172854     
 -0.406454855195020     
 -0.382865161693062     
 -0.574410516460610     
 -0.232892695267200     
  -1.20689291584569     
 -0.993082641558915     
   1.53128676740911     
  0.269496262391408     
  0.731826681666866     
  0.686815724409196     
 -6.133663337987819E-002
  0.537357258109018     
  9.218652731959495E-002
  -1.57960564017085     
  0.281741601615354     
   1.49078572918876     
  -1.12246910947726     
 -5.833366233477808E-002
  -2.79707534318597     
  0.377308058515235     
  0.627031853480723     
  -1.06837867078209     
 -0.826062688822661     
   2.26797986187190     
 -0.669586489015543     
  0.573876871273187     
  0.296423306032634     
 -0.531623047872527     
  0.893559840725748     
 -3.021755933582860E-002
 -1.899185197180543E-002
  0.471595858782557     
 -0.764294402175599     
  0.708219348890430     
 -0.391533524624248     
  0.254721997986851     
   1.07594154817270     
  0.145520032364537     
  -1.18136673862425     
 -0.667553544676356     
   1.76638431920118     
 -7.782085721635619E-002
   1.82770786268544     
 -0.947758651896841     
  0.296668431550855     
  0.774083034627147     
  0.613791336000156     
 -0.642857458244411     
  -2.32786005914493     
  -1.76036811094280     
  0.476895971293099     
  0.267684550059131     
 -9.395805571265255E-002
 -0.109527142868352     
  2.912919161327228E-002
 -3.172215542201393E-002
 -0.214829961969867     
  0.247366274489318     
 -0.420839956585588     
  -1.30436540948436     
 -0.411138795889467     
  0.402243632984007     
   1.18319876397522     
  -1.95002995382119     
   2.11111331479222     
  2.892905339329237E-002
 -0.353131455701937     
  -1.24748016565391     
 -0.631504985732684     
  -1.04757019940838     
  0.117032965576758     
  -1.70954887699109     
  -1.05486604951601     
 -0.617369593452001     
  0.150479876550217     
  0.485056539299421     
   2.42189313249059     
   1.71022837136412     
  0.420337290868934     
  -2.44274072934222     
  0.144436992443621     
  0.807004537939669     
   2.87579864469651     
 -0.240900069715698     
  0.358571483776156     
 -0.865634510858468     
  -1.47798501734125     
   2.93374468978021     
  -3.26537199355670     
  -1.86755235081867     
  3.731083321269944E-002
  -2.11460928474504     
  0.402614376788731     
  -1.85254795138399     
  0.215531332809518     
  6.506091153648290E-002
   1.59179325797354     
  0.874465086856498     
 -0.346463637692008     
  -1.93160586799584     
  0.160310483442577     
 -0.550388124554897     
 -0.582331389240412     
  -1.56606326630080     
 -0.244052007123417     
  6.330785782814273E-002
   1.17923614466162     
 -0.595612600813968     
 -0.325597817883748     
  0.331444827791562     
   1.55573996433356     
   1.41511783712150     
  -1.41024004438421     
  0.492548320168046     
  0.116857916208008     
   1.32105191770859     
   1.83318971888151     
  -1.89964695411783     
   1.44185967698191     
 -1.605308633176309E-002
 -0.146265656631865     
 -0.231880383988008     
  0.659460725983685     
 -0.481237742776846     
  0.820604851048547     
 -2.831317279368836E-002
 -0.782840729419422     
  1.200387744687539E-002
  0.439694219181488     
 -0.842875221483168     
  0.330787964480573     
  0.118222471902547     
 -0.128560820544538     
 -0.465772962911222     
 -0.709418774241063     
  5.175602247692038E-002
  0.121684970210937     
 -3.132478655658834E-002
 -0.226476452733290     
 -0.936005924132058     
 -0.400984363652329     
  0.673054578272024     
  0.347824052431935     
 -0.771763441448576     
  0.460069483988836     
 -0.447105931916329     
 -0.681430346929512     
 -0.503882514289488     
 -0.617210440855937     
 -0.442695760370771     
  0.145425624395866     
   1.22658381325634     
  0.149262014313045     
 -0.203474042580518     
 -0.196353021448289     
   2.32783750547730     
  -1.33578887843803     
   2.98502180650011     
 -7.131732594391085E-002
  0.136926818319529     
  0.162974003082940     
  7.100944958894875E-002
 -0.217583058310394     
   1.52409489298686     
  0.351310476260469     
 -0.435261871616218     
  0.918449728061558     
 -1.758109115971433E-002
  1.678046353433757E-004
   1.18033995294537     
  0.153452902071264     
 -0.639726971874132     
  0.745371438103086     
  -1.29142051380094     
  0.724875311732758     
  -1.00458934241798     
  0.540551664679550     
 -5.282470455215851E-002
 -0.704190391581776     
  -1.35201243771148     
   1.24860649556651     
  0.120305221999774     
  0.133862705901443     
  -1.26252750627908     
  0.553919666395234     
   1.55083368154615     
   2.01068236815822     
  0.215080531162954     
 -0.553108013468620     
  -1.86659335661826     
 -0.734927333856979     
 -0.537181171717700     
   1.12996312777689     
   1.53773762068122     
  0.791031185693201     
  -1.00940524627789     
  -1.32107266153505     
 -1.549104738343288E-002
 -0.432480363400040     
   1.27990015012385     
   1.59631086510678     
  0.777113078384667     
  -1.05468182656658     
  -1.15183331932264     
  -1.22240925935705     
 -0.186473735290913     
  0.733104390623407     
 -0.463734553503273     
   1.48700019120534     
  2.499659921504807E-002
  0.652460709877290     
  0.483589572912476     
  0.117298347126110     
 -0.373890545642902     
  0.263085153280989     
  0.414983341685015     
  0.622011263926038     
  1.573427552524375E-002
  0.224737605604023     
 -0.792579869975846     
 -7.733963718497078E-002
  -1.35368394632174     
 -0.420398644580247     
  0.304675970491915     
 -0.124327358762644     
  0.101503774844071     
   1.27482648651312     
  0.264441790617918     
   1.49504739935429     
  0.412660605385841     
 -0.568971067638546     
   1.31757126337644     
  0.158655357852932     
   1.90385060190645     
  -1.46745025636705     
 -0.209060758257771     
 -0.698223368248724     
  0.898083796008087     
 -0.549781250977886     
 -7.952976459409866E-002
 -0.797206732627447     
 -0.139735680244803     
 -0.121181748226594     
  0.887250041348392     
  0.220158594639362     
  0.302858308915685     
 -0.554984187851952     
  0.642857199567151     
 -0.462120170697789     
  0.288201926626235     
 -0.395066282436619     
  0.548858564195238     
  0.917330409655395     
 -0.721439433355634     
  0.117053084002471     
  0.288697121879141     
   2.30879645310106     
 -0.106619375347029     
  0.678618766742915     
 -0.663206970031507     
 -0.288670581165006     
   1.63589226681242     
  8.840650133590303E-002
 -0.685488079749597     
  0.540442556382865     
  0.121436468939910     
  0.486442082890583     
 -7.159146108695200E-002
  0.666239282162300     
  6.843227476364268E-003
  0.200014582976943     
   1.10326212349158     
  0.805960729858649     
  -1.06970983968224     
  0.730418824157147     
 -0.558291637330218     
   1.37151825105762     
  -1.66189563825287     
   1.45960979970391     
   1.06649927263911     
 -0.513800483435137     
  -1.16762994207004     
 -0.277743126742251     
   1.02034343352568     
  -1.24246758867120     
  6.856320267270710E-002
  -1.49629711899614     
  0.268058556978370     
  0.569580355348943     
   1.18175496342761     
  -1.08419791807544     
  -2.21289202207375     
 -0.210986538991759     
   1.16347873656736     
  0.377166487794826     
 -0.771360908930671     
 -0.909139532100424     
 -9.423701617713498E-003
 -0.524300047701852     
  0.280432501798135     
  -1.61848107322785     
 -0.210013262212830     
  0.252596055578155     
  0.206808393751098     
 -4.588719046561188E-002
  0.712243508707288     
   1.68165782371536     
  -1.33726786232346     
  -1.06848976858230     
   1.70397659762896     
   2.48281853993020     
 -3.789267480484915E-002
   2.08419854407410     
  -1.29620989026398     
  0.126563010720082     
  0.535252653164472     
  -1.17141382914601     
 -0.768759667914002     
 -0.482369911487249     
  -2.48129401603530     
  0.813787397867714     
   1.04075507272346     
 -0.627244140384128     
   1.73416214381924     
  -1.42131284580857     
  0.522667980283375     
  0.601199456828450     
 -0.345108273671328     
 -4.519968901449303E-002
 -0.206718836318828     
 -0.281802114706187     
  0.505302875518283     
 -5.189934188076211E-003
  0.454393375567975     
  0.832135530788732     
 -1.773291500427602E-002
  0.157908625187958     
  0.695698397445057     
  0.773762284758505     
   1.23320999165224     
 -0.725505683231707     
  -1.19704916292773     
  0.295496421598537     
  0.348262489425175     
 -0.912004315447701     
   1.43831552857551     
   1.48952122653811     
 -1.117871302789982E-002
  -1.87889244637504     
  0.314098572916036     
 -0.748495393981316     
 -0.210736103883016     
  0.576730911257157     
 -0.153414232026774     
  -1.34893903342684     
 -0.438232088188785     
 -5.209000443051323E-002
 -0.558800301152387     
  -1.95956652140652     
 -0.689065706107148     
 -9.765864110319519E-002
 -0.335210065720146     
 -0.322096080832643     
  0.119284777763708     
 -0.479532578051186     
 -0.170826422299778     
   1.28088490500656     
 -0.147655834174380     
  0.292206334617868     
   1.20201706457743     
 -0.153924093628735     
 -0.843922778942431     
  0.682740099023463     
 -0.922119264055813     
 -5.052248338020758E-002
  0.892008280807580     
 -0.801434741415062     
  0.275503843197847     
  -1.81825111365573     
 -0.138215633846958     
  0.670437126965020     
 -0.297984659599655     
 -0.243344562695026     
   1.93543106213325     
 -0.448374371115632     
  0.417615072634420     
  1.157585431170605E-003
 -0.355613105791553     
  0.153908780247653     
 -0.121183961970045     
  0.139621678470458     
  0.567526256578060     
 -0.644244421854884     
  0.723141015169086     
  0.356827217438144     
 -0.127223121694758     
 -0.393073010335563     
  0.198938953370531     
  7.509906036412128E-002
  0.806458982662493     
 -0.295975684021072     
  0.451450321952181     
 -0.726533401352404     
 -0.464789103233892     
 -0.323231353553143     
 -0.361116357197572     
   1.57789306457087     
  0.408285791308938     
   1.29566685640905     
  -1.30086306407922     
 -0.590713915951657     
  9.203493391151651E-002
  0.326581152817150     
  0.304292443482607     
 -0.437375686236198     
  6.667034039951182E-002
 -0.709373535298105     
  0.453874166969566     
  0.258410561779088     
 -0.312493737461081     
 -0.951277805970822     
   2.00813033302876     
  0.601883611466914     
   1.52604992395747     
  0.280074180209049     
  -1.33656654141465     
  5.862518505095894E-002
 -0.446963969595870     
  0.636497980616334     
   1.39477898111241     
 -0.185390328339034     
 -0.748491037149745     
  0.799588197216629     
 -0.954804046240398     
 -0.577139001347294     
   1.43289376541898     
  0.874968784883410     
  0.198701179284263     
 -0.899334561472019     
  -1.48016231312946     
  -1.66758158616143     
  -1.41850329726174     
  0.892691363843587     
   1.28800164740299     
  0.990872078929363     
  -1.11178310072631     
 -0.415055545360042     
  2.051216894571603E-002
  -1.16709181035455     
 -0.258143543189102     
  -1.61537208034297     
  9.875412306099657E-002
  0.413409311545777     
  0.901731873864026     
  0.463362761462114     
  0.281566677572043     
  0.864648931700139     
 -0.238071059915565     
  0.359143239341664     
   1.04628727144072     
  0.873181210089869     
 -0.470427997418124     
   1.08310187240173     
 -0.105168487172202     
 -0.736049623028754     
   1.02581702724256     
  3.876735166186714E-002
  9.065049766809997E-002
  -2.13026084609092     
  -1.29452220397239     
 -4.379608150898948E-002
   1.96666796787642     
  0.280347607929326     
  0.317572588233606     
 -0.428770308589944     
  -1.18224818984608     
 -0.364616819057079     
 -0.721586670312313     
  -1.92206470672880     
 -0.651028095764897     
 -0.112515721308933     
   1.30811785141362     
  0.193509638042932     
  3.081157488647237E-002
  6.446969877768949E-002
 -6.473978530194401E-002
 -4.506080418942908E-002
  0.294403908016033     
  0.439722652499083     
  -2.47776153981871     
  -1.36689870765560     
  0.653679729160294     
  0.723614741511997     
 -8.717918374628737E-002
   1.15067763317746     
  -1.33150513647563     
  0.597840539871354     
 -0.452233649583366     
 -7.586190502308396E-002
  0.707995587170942     
  0.415808844276815     
  -1.25669323788030     
  0.349743128888376     
 -0.853857964867176     
 -0.725011150194448     
  -1.04938092332450     
   1.05419472984826     
 -0.818904361556778     
  0.704325126455674     
 -0.651411822918273     
  0.635114346954698     
 -0.264987065528399     
  9.269837297877304E-002
  0.597977105990509     
 -0.317774426677474     
 -0.244140734378215     
  2.102534009059333E-002
 -0.123109041141765     
 -0.345167798652831     
   1.30589833784350     
  0.267401641871546     
  8.497409292349681E-002
 -0.157846904490540     
 -0.566193054982235     
  3.788862680403076E-002
  -1.00569120261149     
  -1.33962299835634     
  0.268359825401928     
 -7.906014032228868E-002
 -0.164045883681782     
  0.545838863577650     
 -0.300903778695347     
 -1.698513959792585E-002
 -5.025731226101741E-002
  0.141103506686633     
  7.133661699352499E-002
 -0.574966735705968     
  0.402875990902409     
  0.139145947149717     
  0.306852864210030     
  0.123461072939336     
 -0.867096427696675     
 -0.495794669340481     
  -2.17879800686555     
   1.21338434835244     
  0.919418894987887     
 -0.280980124523209     
  -1.68154259963283     
 -0.737782384389528     
 -0.183311553928484     
 -0.375870838374310     
  1.748475090319347E-002
  0.134777510469139     
   2.27205247547208     
  0.407842820005758     
 -7.890066342103683E-002
  0.705068675202493     
 -0.118455874314980     
 -0.386500239151541     
  0.356937281822893     
  0.183371886497466     
  0.332621684424284     
 -0.116143732115836     
   1.86735456923441     
   1.39456492468228     
  0.860485577398331     
  0.613716930291560     
  0.591233245166436     
  -1.06247406780927     
 -0.209130990529025     
 -0.722189630909926     
 
 -0.124553924573129     
 -0.235500197939827     
 -0.823076108864906     
 -7.745632913212983E-002
  0.670214164231280     
  0.509958344427825     
 -0.964076504250719     
 -0.633438506619628     
  0.739772250661061     
   1.11446598296087     
  -1.40189142350624     
 -0.615093223249871     
  0.541375890788788     
 -0.446027538605924     
 -0.667102076462193     
 -0.237249422465296     
  0.431225120361600     
  -1.44754877083615     
 -0.130848086449344     
  -1.62450692565993     
 -9.005968846621040E-004
  -2.29006766552434     
 -0.511272830918317     
  0.112326687415324     
  0.619247396212735     
   2.75178911389755     
  -1.59300121328605     
  0.237380455449678     
 -0.813930710156823     
  -1.47833341890586     
 
  0.168305411790634     
  2.006823825898410E-002
  0.205450536302695     
 -1.659049332205474E-002
 -0.102742086938101     
  -1.16061382717696     
  5.205884685011751E-002
  8.809327946575066E-002
 -0.514513941361144     
 -1.945421680092638E-002
 -0.100533346726165     
 -8.135059211734517E-002
  4.695309303957506E-002
  0.224000554563647     
 -1.483135847135587E-002
  0.170436396602817     
 -2.766796898792875E-002
  0.107055373142339     
 -7.081730607422330E-002
  0.139526596468156     
  3.621680724671186E-002
 -5.527465634367681E-002
 -9.712234674231376E-002
  0.325996153078231     
  7.344880358942174E-002
  5.983228776392227E-002
 -7.285214671262555E-002
  0.126451562848471     
 -0.162997545172484     
  0.121409332129110     
 
 -6.796993440332245E-004
 
  tansig  tansig 
