     48 -    30 -    30 -     1 
rmse=  40.2612meV
   1.93414007887011     
  0.870066811810712     
  0.285065633328018     
  -1.43713085741591     
   1.07895189004885     
  -1.16981576554230     
  -3.14985256587047     
  -2.55561472969091     
   1.09565010789743     
  -1.17903416600058     
   1.14938347558032     
  -3.15566439700505     
  -1.54428550045180     
   2.34708298705405     
 -0.896354865894012     
  -1.89210089317535     
 -0.971092383143589     
  -1.07670592067169     
  0.871893375245643     
   3.13230984629910     
  -3.15506897578131     
   2.35560894821103     
  -1.49395267422572     
  -2.29643686312743     
   1.65048994847220     
   1.69437987834307     
  -2.57175158644479     
 -0.608028602319136     
   3.51452286259766     
  -2.76808156761504     
  -1.10982247259259     
   1.48480616724828     
   1.66844150986598     
  0.137426894369320     
  0.395463212428462     
  0.220056452645790     
 -0.522132540528250     
   2.87513145768819     
   3.13067231326017     
 -7.568118275330242E-002
  -1.70995661529668     
  0.576185310690990     
   2.46878204334886     
   3.24702664310681     
  -2.46883843089328     
   1.41353885072461     
   2.19339955373303     
  0.977652982584255     
  0.407802131643726     
  -1.03747628336881     
   1.22007303777881     
  0.220622840496995     
 -0.121988643236445     
 -0.381203177576749     
  0.415167016869256     
 -0.499489579240051     
  0.615324065067428     
 -0.738943359832969     
  0.523679939154481     
 -0.876496747550383     
  6.205884079658225E-002
  0.304379407588277     
  0.211013477933766     
  0.231422798999412     
  0.369196509538660     
  0.238130039996984     
 -0.142908047782982     
  0.156630582853335     
  0.252864899024615     
  0.493706225949220     
 -2.387607155382220E-002
 -0.819484182179208     
  0.223457820974502     
  0.129051474059066     
 -0.263034278868001     
 -0.470791697595992     
 -3.914380508926030E-002
  0.127336611578325     
  0.423305393219516     
 -0.935509698046921     
 -0.711895690406175     
 -0.416867209356932     
  0.441995020878946     
  0.369033710758648     
 -0.196929020786781     
 -0.278511346114558     
  0.390716068017249     
  0.141280040997021     
 -0.379596590395968     
  0.514810913798278     
  5.396359100629650E-002
   1.20134501791901     
 -9.598928072858059E-002
 -0.470488895878167     
 -6.879883597489951E-003
 -3.858654495904602E-002
  -1.22605445957656     
   1.03054364366667     
   2.47555020780088     
 -7.956515433702670E-002
 -0.347819163473411     
  0.944247200283931     
   1.02579819749139     
 -2.375677450905660E-003
   1.50703312373664     
  -1.18064487153194     
  -1.44974306638404     
  0.756303092426334     
 -0.294534259813613     
  0.921820306123001     
  0.642024861276981     
  0.266669942182192     
 -0.272343764971102     
 -0.117293846387625     
  0.389429264211872     
 -0.810962666105850     
  0.480534397154323     
  1.209294819837665E-002
 -0.455774243981637     
  -1.18658553993911     
 -0.836741427520631     
   1.66653310951192     
  0.418050828018544     
  0.407835645931410     
 -0.355157201063858     
 -0.143016629114794     
  0.442404231426813     
 -0.547895771754807     
 -0.472858581392495     
 -0.208878309734240     
 -0.495369481300357     
  0.677995404694098     
  5.217243245095350E-002
 -0.610736776542691     
 -0.998679669617248     
 -0.315677565806966     
  0.354845622600421     
  0.829075693732493     
  0.664076968218393     
  0.158630702305858     
  4.670811272324926E-002
  -1.22668256457450     
  0.246632469025656     
 -3.068253052168734E-002
  0.541387909694253     
 -0.545689435450085     
  0.442219836076417     
  0.480904659965674     
 -0.691307992044603     
  -1.28547113672949     
   2.28380540619330     
 -0.279367206165133     
 -0.892987927272642     
  0.110108179377938     
 -0.262854358794887     
 -0.337012139620099     
  0.413017253661931     
   1.83350802260263     
 -0.111439368166473     
  -1.37419329084236     
  9.277336481107115E-002
 -6.527401649994966E-002
  0.518761266027829     
  0.582531522166784     
 -0.428321649354324     
 -0.973170482659559     
   1.08307536562763     
   1.71712161081227     
 -0.895967250815000     
   1.53843031764308     
 -0.317569383052825     
  0.450160931383278     
  0.376975803877946     
  -1.65374367848837     
 -0.795069641239598     
  0.754258174218443     
  0.179302918167955     
 -0.582228642585652     
  0.402013925445852     
 -0.546646001800592     
   1.14566782966744     
  -1.14674409331595     
  -1.00925432437202     
 -0.331211948810071     
  0.773622768078379     
 -0.149504465156564     
  0.319074022984907     
  0.884961958559522     
  -1.71748872694288     
  0.227200472672029     
   1.63714339785372     
   1.64694425204820     
 -6.678366264408306E-002
  -2.97449422600976     
  -1.68138845066466     
  0.724971240300942     
  0.363059045618121     
  -1.08150473776852     
  0.306813165538058     
  -1.94824006152871     
 -0.194467520087452     
   1.56816407593416     
 -0.196609344775190     
 -0.937358482983860     
  0.322389092586428     
 -0.411146293697109     
  -1.06607625833834     
 -0.364327731276893     
   1.93163646631524     
  0.873203727153834     
  0.199536577560269     
  0.642889689813466     
 -0.672635599149100     
 -0.151987311001319     
 -0.717881755605105     
 -0.484541086474465     
  0.887383083446742     
   1.62581067801945     
  -1.40923985321458     
   3.04857694259960     
  0.630221618493208     
 -0.831606970356839     
  0.314824274158469     
  0.112956828505567     
  -1.10121671252236     
 -0.813827232360988     
  0.852613254466814     
 -0.915231282087312     
 -0.338836115056467     
  0.131607062313164     
   2.44201922276921     
  0.127808447367786     
  -1.96420058898575     
  -1.09811911023714     
   1.91048736499898     
  0.625285933406620     
 -0.370184564070823     
   1.18620991073639     
   1.40732675946066     
  4.152487061905082E-002
  -1.60132507285793     
   2.93808269542952     
   1.68088448696967     
  -2.06676506152343     
   1.90475590683405     
   2.15501319121421     
  -1.20824928237388     
 -7.563132789505161E-002
  0.734817144104407     
 -0.769692522500809     
 -0.388754066906863     
  0.687466214853073     
   1.72593314355731     
 -0.932563228558534     
   1.40340993988346     
   1.62841293138737     
 -0.108683249102340     
 -0.918078611314073     
  9.405382785613287E-003
 -0.377657236615781     
 -4.288708748977053E-002
  0.313182521456799     
  -1.30169676231097     
 -8.563404967204606E-002
 -0.775993293158029     
 -0.571187267865868     
 -0.311947930559863     
  0.506598025293473     
  -1.19448952511453     
  0.809784392238762     
 -0.486401034808590     
  -2.64851853410727     
  2.509755915050150E-002
   1.11941038153760     
 -0.559652919434684     
  0.989908465728172     
  -1.27283027820030     
  0.391729127215022     
  0.774343849580936     
 -9.961708890694208E-002
  0.618197800657851     
  0.772929551986918     
 -0.215023579976395     
 -0.537419705656691     
  0.124401450920036     
 -0.638800843248475     
 -9.891378758542638E-002
  -1.29142866070552     
  1.772143549937864E-002
  -1.42050901327271     
  -2.47724389647551     
 -8.849207382000002E-002
 -0.863294009833622     
  6.465135975186134E-002
 -0.199179379415838     
  -1.54727889018057     
  0.253675348006159     
 -0.955958572664061     
  0.880247463283957     
  -1.29099475084516     
   1.06675634641451     
   1.18755706863895     
 -0.300508648250742     
 -0.813958673504381     
   1.90622241822397     
 -0.327440104702516     
   1.08606285173377     
   1.30585681730771     
 -0.953036345776798     
 -9.203991268718735E-002
  0.100347343106781     
 -0.738883858538579     
  0.457625215202708     
  0.317714726993740     
 -0.375027224772132     
 -0.145664067265712     
 -0.533622000198992     
  -1.14528556855289     
  -1.30018254900576     
  0.855652882911567     
 -0.494259150293173     
  0.279438027084700     
  0.474773656186196     
  0.759537634714863     
 -0.288979678055235     
  0.883010093451014     
 -0.178076039347096     
 -2.758348372167704E-002
 -0.337122417259419     
   1.22000726031012     
  0.407152281320771     
  0.876505471943142     
  -1.13662834337195     
  0.905267052395394     
  0.691414759536063     
  0.704652359410219     
 -0.635016086790158     
 -0.953020624314873     
  0.148126656424259     
  -1.72127411446161     
   2.35798337480248     
  0.563449353304974     
  -1.41309090887637     
 -0.642761615083393     
 -0.717759423474221     
  6.622152760691562E-002
  0.565415140144789     
 -2.307571248818571E-002
  0.235220049279233     
   1.38865170995961     
  0.145177827669951     
 -0.254817651349622     
   2.82383041395761     
  -2.02780983646251     
   3.20517452900490     
 -0.253991566626064     
  -1.66490953660603     
   1.03767008929449     
  0.715178329417319     
  0.173748349828831     
  0.183108859624116     
 -0.976159885088202     
 -0.412315277079876     
  0.548005783212125     
 -0.312587632903618     
 -0.876141769428691     
  0.278563461228483     
  -1.25036452510954     
  -1.22281724602118     
  0.923798271021976     
  0.860246129769213     
  0.404876139942503     
 -0.334171973493553     
   1.29688375833160     
  -1.16772505154935     
 -0.431468576656951     
  0.857354453684890     
  0.310252584036508     
 -0.789617799607071     
  0.891058872912662     
 -0.835298780507061     
 -0.486839785397841     
  0.760889411292604     
  0.274574619558022     
  0.185246037495762     
 -0.454085119394972     
  -2.99255851319577     
  0.117905823536552     
  0.642425448567315     
 -0.863088246455895     
  -1.75836679186136     
  0.435089441620389     
 -0.155270838882564     
 -0.881383606874857     
  -1.01159868948155     
   1.68913539901359     
  0.235895476455155     
  0.180965823497731     
  -1.22657843722340     
  0.357197522432117     
  0.241511760267132     
   1.02017176904167     
 -7.094676307681963E-002
 -0.156851048861832     
 -7.688037194587995E-002
 -0.887278576127548     
  0.575389924701112     
 -0.203051952253958     
   1.24175403718241     
  0.380466733394577     
 -0.257122121559279     
   1.13887629668485     
 -0.603893626909378     
  4.226304622142042E-002
 -0.138639906873529     
   1.18777072113866     
 -0.343972997489186     
  -1.08839701706046     
   1.80257300472879     
  -1.56672770425818     
  8.842341648930738E-002
   1.13418334124304     
  0.162565041011708     
 -0.305498655630348     
  0.745601229811043     
  0.703117744152048     
 -0.379956536682050     
 -0.583605820755977     
 -0.232786970331335     
  0.846430392215812     
 -0.644609019696529     
 -0.802473282880252     
  0.808955267896737     
 -0.286879600699615     
  0.725080230855665     
   2.77955564604156     
  -3.03468246845526     
 -0.152001863447081     
   1.61830354538266     
  1.753506972609920E-002
  0.130449642132778     
  0.446501638371188     
  0.524003734531866     
  -1.28438624574697     
 -0.793157643370610     
 -3.794525713033887E-002
  0.467064224150116     
 -0.122974098178505     
 -0.705083731981951     
 -0.132468836795537     
  -1.48763344974779     
   1.44615974385254     
 -0.531538763861981     
  0.735141044325942     
 -0.251537486142224     
 -0.892751147214563     
 -0.394955630692177     
  0.108268943136037     
  0.305168995496532     
 -0.528539813879229     
  0.536682322568449     
  4.244703701945289E-002
 -0.391462713209651     
 -4.475343269444935E-003
  0.292130548320773     
  0.715904620147977     
  -1.49433138375598     
  0.245698936220587     
   1.39828518195478     
  -1.06258905445211     
 -0.558353534027775     
  0.316561767463443     
 -0.656777493862058     
 -0.620798025758887     
  0.248883188605763     
  0.703936374625475     
  0.407974713247600     
 -0.390908038085721     
  6.220714628894462E-002
  0.428122362609725     
  -2.27602558921026     
 -0.710561854598617     
  -1.73847445895734     
 -0.165611457271050     
  0.231165789072210     
  0.763668482354753     
  0.914861812437909     
   1.02342061751124     
  -1.59202940340847     
   1.41171084994164     
  -1.28957610895787     
  0.113543499607329     
  8.644266546379746E-002
  6.127974714092566E-002
 -0.635646884985021     
  0.851752745298271     
   1.99922995111416     
  6.920535161881633E-002
  0.678650461696631     
  9.756883404119550E-002
 -0.558185536124974     
  0.658013567217476     
 -7.579153171123328E-002
   1.34203476160385     
 -0.456751025797146     
  0.682220792229080     
  0.389600686989856     
  0.415573815948199     
 -0.803872450946593     
 -5.618255517789413E-002
   1.21526604146585     
  0.307580035073996     
 -0.602303620744304     
 -0.407132135697749     
  0.324571619566398     
 -6.163454617877683E-002
 -0.131767828607699     
 -0.519933436665122     
 -0.227252676701656     
 -5.849060856082408E-002
  0.528159879394796     
  0.150168716937380     
  0.546184681286690     
 -0.567375127874200     
  0.499305827287641     
 -0.327380896428198     
 -0.771017560612630     
  -1.01023816729579     
 -0.309868103350256     
   1.76742837053643     
  -1.11463142919172     
  -1.29827784907880     
   2.29827215888767     
 -0.917358179391095     
  0.672777045189883     
  0.983289120679960     
  -1.51330350646249     
   1.17876991915472     
 -0.554228150970378     
  0.654279737122080     
 -0.526453186927437     
  0.736716061748168     
  2.199193506631973E-002
  3.662575288882902E-002
 -0.887786179695727     
   1.31018121010743     
  -1.27571568679475     
  0.762730807529419     
 -0.512031154384067     
 -0.417791182631113     
  1.001392932153906E-002
  0.715401966367077     
 -3.600916133664590E-002
   1.05097688424136     
  0.247783770817618     
 -0.229555845410995     
 -0.100661210409511     
 -0.802803141281324     
  0.708030259983986     
  0.153301509117582     
 -0.472046500855007     
 -0.853442504441032     
   1.25638783290846     
 -0.556222670440381     
  -1.12322497223300     
  2.722315207438122E-003
 -0.955382948183524     
 -5.838350526533289E-002
  0.693495228782905     
 -0.147125266514069     
 -0.715051983459163     
  0.421661891570295     
  0.628790302770975     
 -0.921507301790474     
  0.603301090351796     
 -0.348917517803598     
  0.170022445415369     
  0.539867680164617     
  0.422090972827024     
 -0.535330851662896     
   1.38991890819678     
 -0.690814679804833     
 -0.523849140174704     
  1.663624580373816E-002
  0.109544671845333     
  0.236360596410275     
 -0.498330059268972     
  0.170831517250300     
 -3.872234134261413E-002
  8.775913288540735E-002
  4.108900041070254E-002
 -0.393464504936151     
 -0.548468603426471     
  0.616788606942402     
 -0.391925608453347     
  0.330708028309511     
  4.951090934559219E-002
  0.105380316129899     
  1.661696133563783E-002
  0.445032388631842     
 -0.583757720386875     
  0.553146510324638     
  0.144483662659273     
 -0.655940743759755     
  0.274856029356339     
 -0.219483668638006     
  0.610579016278345     
  0.456712797685414     
  3.518022655264970E-002
 -0.925401330490791     
  0.901391570053493     
 -0.455321411115505     
 -0.201433112846015     
  8.025658172665785E-002
  5.890131432589876E-002
 -0.167043141059353     
  7.646937950151275E-002
  0.611512170339502     
 -0.330396249996692     
  0.274836610954772     
  9.231404049430804E-002
 -0.361327438769178     
 -7.725099721500223E-002
  0.528083095062354     
   1.32955132558067     
  0.162805986678056     
  -1.17886876963476     
   4.16918322112902     
  -4.17860493559785     
 -0.241517920271492     
  -1.92636004802508     
  0.870309140220085     
  -1.08889200074807     
  0.406724211670248     
  0.988582915825904     
  0.197819902336905     
  0.598510146151190     
  0.190668145067835     
 -0.411954701016807     
  0.412868206059195     
 -0.733504936896939     
  -1.26227909484017     
  0.466090424324146     
  -2.28684991391109     
   1.89454891161370     
  0.471198873381596     
  -3.12659583039925     
   1.44817408686575     
  0.631342097389274     
 -0.853559962592397     
  1.869822588262458E-002
  5.103370133873131E-002
 -0.159967306686775     
 -6.193895639740904E-002
   2.33660004707740     
  -1.28266251789856     
  0.549610053438069     
   1.41613180930492     
  -2.24172055475068     
 -0.245314190235276     
  0.342161403416653     
   1.15277157029771     
   3.03737064315008     
  0.389669061456616     
 -0.108917810493346     
 -0.318136979871765     
 -0.516240329116908     
 -8.462613266188421E-002
 -0.790477627259430     
  6.649035671541231E-002
  -1.28170882573273     
  -1.41417634887882     
   2.16942618075674     
   2.13574696808670     
  0.191148296073009     
 -0.571544511338196     
 -0.652426830835819     
   1.93527516628718     
  -1.41050661374417     
   1.73856714968657     
 -0.868302738271889     
  0.402321675303792     
  0.478717219160056     
   1.45895689208856     
   1.86620783108082     
  0.607808479246330     
   2.51015532469179     
  -1.40176619326755     
  -2.62193225894231     
   2.48674532161797     
  -1.54764435253118     
  5.390880886029598E-003
 -0.454081992693731     
  0.519937944559692     
  8.691893163298382E-002
  0.560493732269462     
  0.995094147716210     
 -0.651074996518230     
  -1.25852289931530     
   1.49921502073779     
 -0.719714306199363     
   1.65970160702608     
  0.699107020396066     
 -0.534106192861736     
  -1.44489253176593     
   2.03869088584056     
 -0.815406620666562     
 -0.338088637482420     
   1.69950935023686     
  6.494477955817141E-002
 -5.273281753940248E-002
 -8.284809557973538E-002
  0.825920383064463     
  0.930710078405571     
  -3.23247438187106     
   1.47189566933779     
   1.25178769362937     
  -3.24271919437275     
  0.546190734287451     
   3.01335859308869     
  0.584405726378372     
 -3.160410341529471E-002
  0.128359621478074     
 -0.502546922700040     
  0.341912151263247     
  -1.77472387400982     
  6.308959295375274E-002
 -0.641202602551121     
  -1.23589691350037     
  0.416775029977266     
  0.833035532825670     
 -0.449679101973006     
 -0.135239380478406     
  0.374445620334698     
 -0.780856344609136     
  0.515343732460465     
  0.508937309574280     
 -0.992571718340121     
  0.901372376740359     
  0.768592121987911     
 -0.366783760787719     
 -0.784295159731221     
  0.331980014215593     
  0.879160119105191     
  0.354152620979259     
 -0.443240360384341     
  0.421079413717660     
  -1.41077799062092     
   1.00449333734007     
 -9.865307699154903E-002
  7.193954806138179E-002
 -0.297313960018508     
  0.238516736973901     
  0.153008932587249     
  0.807051763563498     
 -0.410817337660785     
  0.222296902549017     
 -2.644127574309240E-003
 -7.696944670008012E-002
 -0.163307124405038     
  0.215043155776642     
 -0.589819281743572     
 -0.379243245198838     
  0.629468757288923     
 -0.314955512436320     
  0.140060175411780     
  0.562991012932809     
 -0.369580656007427     
   2.95340795630462     
  -3.17423119539373     
  0.519362443609606     
   2.53112299731874     
  -1.90396683920623     
  -1.06606110634630     
  0.397232911604691     
 -0.227412329861421     
  0.390000622167683     
 -0.504463628462855     
  0.319537182228317     
 -0.721088332293347     
 -0.524199638284654     
  0.180452483224766     
 -0.225171166867195     
 -9.150295041113810E-002
  0.339467957928863     
  0.319382668099869     
  0.798334020855252     
  -1.40714157881251     
  0.651841674404149     
 -0.157725534730475     
  0.382962387522531     
 -2.194151486550282E-002
 -0.553402021386803     
  1.656127861448778E-002
  0.399040200273531     
 -0.784034573511245     
  0.312267177943981     
 -0.124622297632420     
  0.240456853205577     
  0.356595074115542     
  -1.04788220103253     
  0.438042663324434     
 -0.680012766053224     
 -0.260575299243835     
   1.01930133893075     
 -0.466432276913043     
 -1.240947509725401E-002
  0.249684412588238     
 -0.200069614820272     
 -0.223308756770774     
  0.299325926719342     
  7.180218567091406E-002
 -0.139904901406273     
  0.137699003283348     
 -1.093437264999341E-002
 -7.905525535630183E-002
 -0.378478967641976     
   1.14429917954864     
 -0.936106069383789     
 -0.426579719556247     
  0.114016919844010     
  0.468450477454033     
 -0.325981514844787     
 -0.444582796708940     
  8.125429127203176E-002
  -1.33353077846246     
 -4.412396640107831E-002
  0.760913837045342     
  0.682251962369279     
 -0.110939630918010     
 -0.696361697657977     
  0.120870293147859     
 -6.382843042153483E-002
 -0.671648186964709     
  0.662678735489361     
  8.777463021754443E-003
 -0.221392305645758     
 -0.819770771859765     
  0.966638477061042     
 -2.975382732014512E-002
  0.157603545927860     
 -6.344861030489768E-002
 -0.357735500601769     
  0.922209211768450     
 -0.421070087284062     
  0.239451342840315     
 -0.553383735336596     
  0.198203573883412     
  0.495782371073624     
  0.420213945429593     
 -0.130301713088955     
 -0.271933014222693     
  0.674047896654792     
 -0.290893842068559     
  0.328029726183816     
 -0.108446929140723     
  0.498354742135228     
  0.228130608942684     
  0.114206997268648     
 -0.641598354771316     
 -0.648647324964892     
   1.03484517280695     
 -0.221028752663339     
 -0.288996682886165     
 -0.951622928365288     
 -0.900672004382696     
  2.098286645803148E-002
 -0.601735256949802     
  0.791742110336124     
  0.784134163950527     
  2.961228616699902E-003
 -0.231042521768969     
  0.427414807510591     
 -0.681189175025053     
  0.590827326814996     
  0.185943274757549     
  0.840737008328261     
 -1.048156351339102E-002
  0.573516134151027     
  0.460481121763210     
   1.20107192670486     
 -0.301126845083724     
  0.390805612544901     
 -0.343929625399195     
 -0.151958218567340     
  8.364182832198393E-002
 -0.400558262531133     
 -6.995498362480092E-003
 -0.279561106278807     
 -0.353545873587017     
 -0.280827674014138     
  0.396018128796619     
 -0.665341617111277     
  0.349025535919560     
 -7.755686745617524E-003
  -1.33901441231263     
 -0.245927629664755     
  0.366653556490767     
 -0.519540891960876     
  0.898850571380985     
 -0.881094072533665     
  4.716377208284524E-003
   1.02213359129255     
  8.437969963585021E-002
  0.272245287120925     
 -0.220268226901482     
  0.100829035877749     
 -0.647227145718358     
 -0.375351567331537     
 -0.375668034122576     
  0.252822911835234     
 -0.307826511093419     
   1.49356475136988     
  0.754653613052616     
  -1.75261373872183     
  0.878849178340367     
  -1.39752043455298     
  4.893164730352069E-002
  0.613568712809994     
  0.131217060276393     
 -0.133957848074249     
  0.504886179030828     
 -6.237465256891322E-003
  0.115574837940849     
  5.225948916045329E-002
 -7.930412053234254E-002
  0.140692270240461     
  0.589695753086297     
  -1.08385841615703     
   1.02466578370585     
  -1.02200884052579     
  0.483581272254825     
 -0.601174024020933     
  0.848200571553445     
  -1.79487881566811     
  -1.40555967488057     
   1.40498975849912     
  0.197674974266482     
  0.240876898997106     
  0.108977359859369     
  0.208679755040924     
 -0.191872502753693     
 -0.784260150163490     
  0.183194316183999     
 -0.487744156050347     
  0.801806310611188     
  0.149935399964990     
 -0.276225270214933     
 -0.524684762916072     
  0.805072089594165     
 -0.211352729051345     
  6.998004370552109E-002
  0.100424725999219     
 -0.583868377355156     
 -7.672790780763272E-002
  0.266688988245588     
  0.517194849854801     
 -5.268982361560342E-002
 -0.944405165500236     
  0.518837604232461     
  -1.56098395561579     
  3.804336363255333E-002
 -0.449194328027037     
  0.791897421970531     
 -0.436428906165444     
  0.258050780118911     
   1.47268910895405     
  0.292273045658122     
 -0.678814001774214     
 -0.584020194806985     
  0.484416026171473     
  -1.32979194732887     
 -0.616865258777318     
 -1.175418960808801E-002
 -0.255602055060362     
 -0.208860661889350     
  0.886190707525834     
  0.159406964665920     
 -0.594662926581311     
  0.293041329533032     
 -0.488681446114942     
  0.436081914771766     
 -0.433416260118734     
 -0.791753654013025     
  3.701889186045262E-002
  0.421802193570433     
  0.612399043267406     
  0.388458907810587     
 -0.464525752794595     
 -5.038251367355936E-002
  0.399312996469955     
  0.232745422095835     
 -0.825866327397535     
  2.675483666856588E-002
 -0.591755162631221     
  0.939955043363712     
 -0.839749268632973     
 -0.274956304006932     
 -0.521557078263947     
  0.135739681755239     
  0.176147278589026     
 -0.326595734089561     
  0.107834678929916     
  0.825213610651971     
  0.181763092368543     
  0.183603143909671     
 -0.229766855124860     
 -0.301259324954237     
  0.103664509216225     
  0.882998983783034     
   2.24460758810637     
   1.09385920819274     
 -0.304400228020363     
   1.13670152198190     
 -0.485727482977718     
   1.68235588632007     
 -0.609702415962770     
   1.86532098724186     
  0.871938518283543     
 -0.303340968671159     
  -1.23868977782565     
  -1.31748391969781     
  0.112327473807398     
   1.48760638733782     
 -0.756565198340368     
  -1.11793863045533     
  0.238764298682566     
  -2.88165824495099     
   2.13163339310576     
 -0.274168612570901     
  -1.54398152414123     
  0.205075915262448     
 -0.280644914753172     
 -0.617084661155484     
  0.678650092771503     
 -0.472478197523347     
  0.253106873840674     
   1.02970590165863     
  0.659260497873927     
 -0.664972168919376     
  0.317561074821180     
   1.36630727844073     
  -1.59149403153224     
  0.541015495599261     
  -1.30587722608469     
  0.404427139585508     
 -0.349671174803466     
  0.471488224365655     
 -0.593814425249744     
  -1.46422616674746     
 -0.581678842421064     
 -8.348997592816933E-002
   1.60364691093286     
 -0.604925857578271     
 -0.716255836474501     
  -1.43139812405389     
   1.92475399562783     
  -2.47276237430253     
  0.197858565100629     
   1.22368668899432     
 -0.660749947559553     
 -0.107413291951035     
  0.401169442651370     
   1.70196015832705     
  -1.47654384151046     
   1.76735513448679     
 -0.980619845431114     
   1.71930481853516     
  -1.09771730567851     
  0.501323415495823     
 -0.779615394745723     
  0.384740476510091     
 -0.807579967324549     
   1.77130135018923     
 -0.943015181652431     
 -3.432919978042526E-002
   1.14761196200254     
  -1.34185105036399     
  0.772709154541397     
  0.828403001614032     
   1.50876823248271     
  0.918162200494267     
  3.465201345555339E-002
 -0.510497252425629     
  0.386537159509714     
 -0.607568882270882     
  0.981925490332645     
  0.759376484841675     
 -0.715028337457800     
  -1.16603970278674     
  0.395216385504463     
 -0.844486170807935     
  0.209953579594430     
 -9.210835766832713E-002
  -1.76987113695993     
 -4.453962992025521E-002
 -0.166884162867701     
  0.667733570870103     
 -0.637205509973458     
 -0.319347324922694     
  0.836371759625094     
 -0.414230310790148     
 -0.430127711642995     
 -0.582851637343182     
   1.21125592640366     
 -0.644912429516513     
  -1.47595022117363     
   1.25403704243402     
 -0.635716393051075     
   1.31476288824563     
   1.90070841550496     
  6.130414022551417E-002
 -0.268247673560855     
  8.655065791348467E-002
  0.593255942554871     
 -0.724409994071896     
 -0.181880139292743     
 -0.238823310638764     
 -2.871375113423119E-002
 -0.399269611612423     
 -0.156901060418835     
  4.376207407944599E-002
  -1.05473624446835     
 -0.732472385094792     
  0.515250254100355     
 -0.215029239571518     
 -0.363444625725476     
 -0.644993538038916     
 -0.216972590936410     
 -0.251334763144876     
 -1.622494829212824E-002
 -0.335592035081374     
  0.479145058557236     
 -1.238172878288157E-002
 -0.434333682652068     
 -0.204234013148564     
 -0.544425225468503     
   1.77542204211308     
  -1.49335505540410     
   1.49740584724437     
 -0.546470184780013     
 -0.719103272543313     
  0.148095836350985     
 -3.704416455324246E-003
 -0.147324969619231     
 -0.139792058281734     
  6.410274916142580E-002
  0.279929209567562     
 -0.385718718315610     
  0.586762247873316     
  0.274937167282655     
  0.298947775080450     
  0.217249004080376     
 -0.274636032526533     
  0.381945902260431     
 -0.531816931408074     
  0.585149205156453     
 -9.858956586037985E-002
 -0.894726309673249     
 -0.157771080322246     
  0.378013844889872     
  0.537687167603303     
  0.485284614223476     
  0.730418886093804     
  0.845419081233276     
 -0.127006967220340     
  4.768758249321874E-002
   1.10723352883350     
 -1.869964197408357E-002
 -7.443510463178721E-002
 -0.141594425473892     
  0.285565725440513     
 -7.183839695171252E-003
 -9.202461920976739E-002
  0.444025739841021     
  -1.16082282457839     
   1.14830156008193     
  0.777265206894198     
  -1.06269209503643     
  0.573543629950865     
 -0.123897085992401     
  0.267049164299670     
 -0.814941223061697     
 -0.993526697217737     
  5.172060357480700E-002
  3.841249557486460E-002
  0.109878078359544     
  0.158995195953230     
 -0.278838624599019     
  0.408370160410037     
   1.60801581722583     
  0.278868860128171     
 -0.279174344075371     
 -0.193069525098222     
 -0.306917729763191     
 -0.241838254658534     
 -0.403314146703892     
 -1.331337486596289E-003
  0.285110254998632     
 -0.736889613711548     
 -0.376074315844882     
   1.76076760536828     
  -3.80741293647185     
  0.973517804819331     
  -1.45014249510893     
   1.52552106984686     
 -0.504922818744287     
  0.946246399740184     
 -0.719392445272704     
 -0.596881649385904     
   2.63673025613567     
  -1.63780169092661     
   2.22148479497262     
  -1.65209758925790     
   2.82079248739656     
  0.771816740157414     
  1.918634525922650E-002
 -0.723091659153623     
 -0.423714909938746     
 -1.669786052296921E-003
  -1.14437243625244     
 -0.540008609960805     
   2.37539769639129     
   1.05795649627348     
 -0.199012215751840     
   3.70200133287628     
  -3.17069146031932     
   2.37618530995136     
  -3.01877556657606     
   1.92551254024153     
  0.725992373572976     
 -4.222148154831254E-002
   3.29893062208736     
 -0.943381204936542     
   1.36306158784390     
   2.14932481556619     
 -6.034527818806880E-002
  0.386237464868512     
  -1.08279903448599     
  0.133780490044996     
 -0.780466353095994     
   2.79558300737708     
 -0.879708848397474     
   2.50478644009563     
   1.10081121770239     
 -5.298190015839619E-002
   3.18897742142211     
  0.769687600825052     
   1.05383905641162     
  0.565851020471466     
  -1.40980186196374     
  -1.58241392931324     
   1.16641841547902     
  9.032752720768285E-002
  0.114486723057577     
 -0.131049839975811     
  0.252631077164980     
  0.265115837796926     
 -0.544777032329838     
  0.430659291496829     
  0.372408005976850     
 -0.353996306311451     
 -8.197806127445445E-002
  0.241504680102613     
 -0.897997062020714     
   1.10259241510475     
 -0.300114655523524     
 -2.488846918830179E-002
 -6.891799752823066E-002
 -4.555488234112714E-002
 -0.144015319610792     
 -0.185090329954932     
 -0.442030788278234     
  0.631113924432008     
 -0.389329706519111     
  0.814965171013976     
 -5.422797674447968E-002
 -7.813930288111806E-002
  5.692788015438105E-002
 -0.754874737780306     
  0.338880912512492     
  0.491738708701651     
  0.360474029044751     
 -0.226026006353774     
  1.298609522312594E-002
 -0.487951894227859     
  0.744692120834141     
 -0.186152674048625     
  0.119530656644655     
  0.269440189720809     
 -0.158302923469684     
 -0.223103503566448     
  0.141062841056113     
  0.255750362383666     
  0.443320910179846     
  0.605991077877730     
 -0.486378090417441     
  0.667717568046380     
 -0.444532158506535     
 -7.824284537504309E-003
  0.199199462291683     
  0.757364459617356     
  0.197310771576736     
 -1.404294801425128E-002
  0.608769150631216     
 -0.167297950895958     
 -0.817819580881528     
  0.397596178770527     
 -0.472942198397114     
  9.082515357528385E-002
  0.238772390056930     
  0.117949811700873     
 -0.440641529393214     
 -0.677272709690755     
  0.674885868549313     
 -0.834850769127815     
  3.737223915400104E-002
  0.153612635655003     
 -0.341355945016323     
  -1.14810591387920     
   1.15415297490989     
  4.714954640517832E-002
 -0.362075316579736     
   1.29891107984702     
 -0.251858043515386     
  0.119779871758049     
 -0.306854306227504     
 -0.362481497488332     
   1.08072116427830     
 -0.171439996462305     
 -0.615211553261872     
  0.167545546005598     
  5.572138208375867E-002
 -0.147406687760636     
  0.159490067321923     
  0.169897718612971     
 -0.251040825460697     
  3.457717832834408E-003
  0.921781590244091     
 -0.597601145029566     
 -7.015908916777971E-002
  0.100418567460565     
  0.112778172413896     
 -0.386954307311113     
  -2.39971559413853     
   1.00707293531233     
  -1.60307771068743     
  -2.81457542192536     
   2.16363380023799     
  0.745202461125989     
  0.314555727655124     
  -1.40885522546906     
 -0.312162320041092     
 -0.348704710927610     
   1.20149189974250     
  -1.46275375438753     
  4.939813277013828E-002
 -0.363392708374732     
 -3.032623713547412E-002
 -6.867608996658804E-002
   1.01790401224568     
  -1.90379665475362     
   3.15211942876333     
 -0.501774739653465     
  7.998436848034982E-002
  0.839478874374974     
 -0.495633363262842     
  -1.45779971668492     
  0.685641806705903     
   1.30392687043024     
  -1.24722482208837     
   1.36547599768686     
  4.172189597080841E-002
 -0.292652095713225     
 -0.343203764922086     
  -1.02212536565826     
   1.01313145121971     
  -1.45487731811627     
  0.805057984409631     
   2.94055508348329     
  -3.64991812814867     
   1.38788987233647     
  8.285725980390223E-002
  0.576206681799257     
 -0.491492161742796     
  -1.07894406780964     
  0.771726163468446     
  0.774256297794938     
 -0.638045727964166     
  0.835015298501178     
 -0.549491844984078     
  0.447348436381929     
  8.289726555509128E-002
  -1.03692852947874     
  0.300865248492292     
   1.76769206400356     
 -0.913557888063770     
 -0.574084643888119     
   2.16796961504114     
   1.26658483951663     
  -4.16081274851152     
  0.928155040148432     
 -0.430316102066409     
  0.251434805296130     
  -1.76472213621836     
   1.38522069545910     
 -0.663142661322606     
  -1.88677601284887     
 -0.813120148434192     
   2.79880446199606     
  -3.26615311674038     
 -0.929541441233219     
  3.197956157151883E-002
  -1.23053446209617     
   1.71753301798437     
   2.71505970591434     
  -2.27236661415734     
  -1.18824902717120     
   1.29720493911040     
 -0.688565746593574     
   1.26265423655309     
 -0.699264600087448     
   1.22044617361718     
   1.75311096197897     
  -2.08273504463406     
  -1.13107930233806     
  0.984557958443749     
  -1.37521822894309     
   3.64846862872706     
  -3.94715004717319     
  0.592594795990927     
  -3.68532072668302     
   3.09414720076863     
  0.438267083878260     
  7.639068158787975E-002
 -0.558280118154550     
 -4.051296961642843E-002
 -0.296970504803557     
  0.650751591165496     
   1.01690506071492     
 
  0.570420392878583     
  0.120146083832813     
 -0.172966555962099     
  -1.36224738617720     
  0.776679633173434     
  0.307838561873421     
 -0.855611464795896     
 -0.241711195373137     
  0.196000385557307     
   1.03819439707416     
 -5.737894402387349E-002
 -0.481502364447395     
  0.159564448881475     
 -0.159554142880746     
  0.295259051337486     
  0.386303669224243     
  0.551936537707729     
 -6.754788216382709E-002
 -0.279199202967779     
  -1.28230317045540     
 -0.418462559170213     
 -0.247331941547637     
 -0.381751518985476     
   1.10111442234119     
 -0.168954331506506     
  -2.16192924579319     
  0.997294705186047     
 -0.508397982674993     
  -2.39682218034445     
   1.25275165416496     
 
 -0.650756170459677     
  -4.99174732257150     
  0.765569277988292     
  -1.06251606261863     
 -0.150866088176520     
  0.556433488233937     
 -0.326490918396422     
  -1.22390815841171     
 -0.773909381624821     
  0.178637170565317     
 -8.811618011365729E-002
   1.13095154498090     
  -1.82922339088962     
  0.579428940072765     
  0.853854466702789     
  0.567575622989754     
   2.09447676158326     
  -1.76051545978238     
  -1.62282781080414     
 -0.831793931572600     
   3.32065422691993     
  -2.49795693544743     
 -2.795388218653605E-002
   1.76586221472418     
   3.13598203185971     
 -0.452218573639505     
   1.82064881453292     
  -1.37013194711004     
   4.43305325696440     
 -0.513539818147604     
 -6.938867726887193E-002
   1.31821577041455     
  0.409261562654577     
  0.421851326686016     
  6.546197736680452E-002
  3.529600573708976E-003
  0.306700977030862     
 -0.626185447643561     
  0.957020231242649     
 -0.108241590544398     
  0.268844875729830     
  0.401777303979305     
  0.282175044540638     
 -0.302789487419714     
  -2.09533592938268     
 -0.293772269682647     
 -0.632974574838704     
 -0.553000800911911     
 -0.528199174826365     
 -9.652190707141875E-002
 -0.280247234379273     
   1.33931252733659     
 -0.813964427419077     
   1.17907778153785     
   1.38656817572830     
  0.237521931002927     
   2.34692870758279     
  0.248263509422330     
 -0.774890390732978     
  0.784983639546636     
 -0.535813252346576     
  -2.62932578781139     
 -0.431064709330320     
 -0.653784095832291     
 -3.391614574962688E-002
 -0.612271640550290     
   1.03823141713539     
 -0.452041691336838     
  0.195233304534577     
   1.94105642508113     
   1.19891202402151     
  0.491412898080403     
  5.955393532238818E-002
 -7.264562780081238E-002
   3.62780510224952     
   3.07807315029867     
  -2.83104317335258     
  -2.37502414918293     
   2.21807840650937     
 -9.098817100744107E-002
  -1.97252793378750     
 -5.042245467759024E-002
  0.245830093073543     
   4.20843858629102     
  -2.29058963172517     
  8.289375961225620E-002
  -3.11309290511679     
   2.59358163284528     
  0.742921637013727     
  0.902531444404641     
 -0.117618193422359     
 -0.129326066538150     
  0.164654952440183     
 -0.457669156962548     
  0.194485841661240     
 -0.565485627983536     
 -0.509629269941906     
 -0.493270420850131     
  0.268565631984488     
  0.615694610490422     
  0.388880711896443     
  0.740599792329723     
   2.04059255267225     
  2.997590913240209E-002
 -7.082913250900680E-003
 -0.543830343405422     
  -1.68714874358536     
   1.15342368621596     
  0.227232510586368     
  0.708768180759232     
   1.23898613103030     
 -3.211680246355660E-002
 -0.855044434464769     
   1.89376015850538     
   1.36508867220256     
  0.330238166382783     
  -1.99399151040134     
  0.171602815624594     
 -0.602520333506426     
 -0.896967968045511     
   1.05039932608790     
  0.605364315372296     
  -1.05757287662906     
   1.07471741122939     
 -0.246416929927436     
  8.454324843222601E-002
   2.17959472367204     
 -9.050933533438876E-002
  -1.97878074975662     
 -0.889176277067362     
 -0.454976760311985     
  0.827395903401908     
 -0.766786481983418     
 -0.964572009754392     
   1.55439015257893     
  -1.82951504602271     
  0.173246089651611     
  0.396299686401408     
  -2.29693996357750     
 -0.709607384697636     
 -0.732449024664018     
   1.87576111639960     
 -3.534426777474370E-003
  -3.59135858086844     
   2.00733509160441     
 -0.815753133036183     
   1.74334168400273     
  0.507327969847352     
 -0.639129524543370     
   2.00954661035692     
  0.157159283994332     
   1.76141257328843     
 -0.920820962468142     
  0.311561749146681     
 -0.820350741483265     
 -0.722007228333129     
  0.614412483913554     
  -1.67665338717217     
  3.167098799841777E-002
  0.823329860516745     
  0.206438032784123     
  0.751944686007588     
  0.698286647971414     
  -1.17927997494998     
  0.306665722235725     
  0.964182275971113     
 -0.169467805360531     
  0.230742908912225     
  0.473671101116920     
 -0.548254141314759     
   1.48194823806397     
   1.09676655671751     
 -0.924364942918182     
  -1.11639638475599     
  -1.19799368164176     
  0.542893012381958     
  0.510762097381920     
   1.56929201372215     
  0.744071644641438     
 -0.749977610500793     
 -9.471039393337990E-002
 -0.621866888407452     
 -0.297876425824072     
  0.115661218790561     
 -0.236183592730032     
  0.127569735004656     
 -0.257783043546143     
 -6.973291472271188E-002
   1.05111557045583     
  0.302964298613824     
  0.532975591208786     
   1.08212883888615     
 -0.485501770783416     
 -0.356666659483375     
  -2.04905616578215     
  0.472448125828925     
 -0.220674593785052     
  -1.46429424789983     
  0.778559965251073     
  0.538103115487238     
  -3.85410777443140     
 -0.257458740250690     
 -0.439373973622122     
   1.73421622574509     
  -2.05822303874254     
 -0.322547533071586     
  -1.60887096626936     
   1.06937767143193     
 -0.582880723301230     
  0.949643962016335     
 -7.393656142678917E-002
  0.566199685265198     
 -0.194675094079342     
 -0.517217260787175     
  0.646515702445197     
  -1.20882022137644     
 -0.243458468636823     
  0.862184389985622     
 -0.477770308590947     
 -0.431572970747840     
 -0.471930872795779     
 -0.272715435181194     
 -0.146855788932093     
 -0.518856573199268     
 -9.865930768343439E-002
 -0.611567225090227     
  0.757088144603147     
  0.658595297473377     
  0.625267462741020     
 -0.256851475967672     
 -0.907050438193476     
  0.944679711737866     
 -0.602738491131375     
  -2.63588857889653     
 -0.686852641724263     
 -0.766401510958089     
  0.233032337560037     
 -0.157823447956450     
 -0.787529370865427     
  -1.42163194920256     
  0.108086906997578     
   1.17079937727623     
 -0.782651059323889     
  0.572757292690232     
 -0.275086088977150     
   2.03231954296541     
 -0.261941869133654     
  -1.84719897978621     
 -0.541257433024493     
   1.22388628268021     
  0.714756036123008     
   3.04842550645260     
 -0.663252315123751     
   1.71669557538109     
   1.11999647294537     
 -0.855424321123584     
 -0.925245199073816     
  0.717893911591884     
  -1.71365178333847     
  0.283532937309861     
   1.54740562603225     
 -0.777668571488835     
  0.118466041646800     
   2.74556906680591     
 -0.169606721346742     
  0.493952818289866     
  -3.86443497726991     
  -2.71874072016615     
  -3.82832020712287     
  -1.81313191642605     
 -0.327300926933905     
 -0.413010152176554     
 -0.371331763007981     
  -1.08596242770660     
  0.550671067083027     
 -0.364887187346494     
  -2.23063530542047     
   1.08454502489671     
  -2.45864136863785     
 -0.550022841875516     
 -0.459697804466482     
  -1.40073388529903     
  0.113484383303248     
  0.952469499719969     
 -0.669157482127898     
  3.799729957299022E-002
  0.432755387364474     
  0.774142390180622     
  0.856620291220568     
 -0.368661057929896     
 -0.963895461394647     
  -1.59279616906043     
  0.615554554960180     
  -1.49771233938996     
  5.922119632842652E-002
  -2.79207255561590     
 -1.170532413316643E-002
 -0.469046093361876     
  -2.54427575613468     
 -0.794761358835517     
  -1.18633590649085     
  -1.65619627974008     
  0.827569759444728     
  0.177964026189494     
  0.387173503911693     
 -3.270217964938559E-002
  0.224453805493799     
  0.645416184129029     
   1.60936133379941     
 -0.847006536559361     
 -0.330568357351264     
  -1.45627014331321     
  -1.92510360874623     
  0.434234755181645     
  -2.11537751467379     
   1.08813075982094     
   1.58624910126168     
  -2.96512628792851     
 -0.726680584862315     
  0.264315339331143     
   2.68181357607638     
  0.206872901040092     
  -1.26596211248237     
  0.601222577328053     
  0.483994304343373     
 -0.594240056899988     
   1.63510095972073     
   1.24197971817495     
 -0.990417482323685     
  -2.17068805421666     
  0.188071676672690     
  -2.39409378754243     
 -0.853362176115421     
  0.295825041154607     
 -0.173649229891971     
  0.776929210365757     
  4.191547131285137E-002
   1.07807820409308     
  0.194309227921436     
   1.56128171478753     
  0.273448986048959     
  2.111794478085984E-002
   1.08884932871113     
 -0.544497069143919     
  0.260531267186666     
  0.194925264710814     
 -0.866852494748425     
 -0.475312151198574     
  0.909233984447496     
  0.324022833377707     
  -1.12300841744600     
 -0.107867004863265     
  0.233352640552929     
 -7.206907558151181E-002
 -0.942822279512007     
 -0.430120232496181     
  -2.88506281771373     
  0.340976005770155     
  0.889849646480059     
 -0.150201956561334     
  0.279384975716398     
  -1.60071542597486     
 -0.900245538072329     
 -3.352776155058966E-002
 -0.146785003725393     
  0.428729906233632     
  0.261431334410970     
 -0.273447276371476     
  0.468423623199116     
  0.985968258011285     
  0.956879090000462     
   1.13168931000403     
   2.02102670504563     
 -0.608942510373058     
 -2.844138824129575E-002
  0.155182966947463     
  -1.50349356884355     
  0.164818760331690     
   1.55063655013330     
  0.653810463115650     
  -1.02055330326091     
  9.448798096462900E-002
 -8.807868644018689E-003
   1.91188328024017     
 -0.456584700437203     
 -0.618384676564418     
  -4.16906383704507     
  0.938171571607944     
  -1.28482605067612     
  0.865212635889668     
 -0.110748074624704     
   2.22199987621974     
  0.416491551248067     
 -0.576525058792633     
 -0.157576821179794     
 -0.537814576246086     
 -0.610458462395910     
 -0.612920938670691     
 -0.164435409178214     
 -0.993567617433988     
  0.335052741983924     
  0.763332136868131     
  -1.05240387000359     
 -0.166893378842966     
  0.390928304211360     
  0.210863284387568     
  0.896405967148272     
  0.419096963434504     
 -0.249952710742689     
 -4.066560728404812E-002
  0.122840414389828     
 -0.338583708034414     
 -0.446929248189750     
  0.452001173934821     
  0.870148122687150     
  0.707397755923159     
 -0.345630767999102     
  0.249510453171100     
  -1.00563451131596     
  -1.22816787539993     
  0.252215900115841     
  0.836248818404417     
  0.327864629078212     
 -0.899493770483634     
  0.368401953489576     
 -0.690287108471221     
  0.259014581021664     
  4.697782054792966E-002
  9.651169911312231E-002
 -6.894261115003053E-002
  -1.05105902435277     
  0.132283584233503     
 -0.144571408909476     
 -6.688401081285292E-002
  -1.96768626831196     
 -0.339043070579831     
  0.253004744716456     
  0.592940156378251     
  0.620937620895450     
 -0.129386288025214     
 -0.155826548958362     
 -0.181812624905022     
  0.353371350443799     
  2.521519456409810E-002
 -0.644877117930371     
   1.00721777713899     
  0.350956606988098     
 -0.455879466908023     
 -0.655768963234465     
  -1.00628939336614     
 -0.102650956173945     
 -0.639370160554210     
 -0.309432142322742     
  0.119000515625257     
 -0.172142520259054     
   1.60828230888674     
  0.172654260080572     
 -0.837568785568391     
 -0.314290211108169     
  0.852474000667108     
   1.00962821787757     
  0.491797031370308     
 -6.111818994112559E-002
  0.184189751601697     
   1.95364224724822     
 -0.190440836036785     
 -0.434279390318429     
 -0.589773965414015     
 -0.777546302335453     
  0.130359801574105     
  0.355093248995699     
 -0.532323519888002     
  0.276250365022872     
   1.30729596544313     
  0.277258070259299     
 -0.797721795112578     
  -3.19480661386250     
 -0.583066420093940     
 -0.520257719704856     
   1.39996031141395     
 -0.148973461948805     
  0.607336101900116     
  0.124772501537404     
 -0.144074928643591     
  0.131699954392062     
  -1.36245524675047     
 -0.189828235656242     
 -0.271317240541108     
 -0.842667601046966     
  1.914890666238426E-002
 -0.264434600887957     
 -0.223074026049740     
   1.06813347491186     
  0.660337995589472     
 -0.922314606127624     
  3.707271960542582E-002
 -1.338288502592481E-002
   2.16664029131640     
  0.494135505886457     
 -4.207273361595136E-002
  0.723771828977608     
  4.106919254118030E-002
 -5.511135975060416E-002
  -1.13394634349019     
  0.293502073420947     
 -0.267682607710761     
   2.50407379937554     
  7.369331414867279E-002
  -1.68944981224861     
  -1.40226519473442     
  3.829213281635672E-002
  0.493382763037964     
  0.300216461585431     
 -3.214998061852654E-003
  0.100282377022639     
  0.253100458473177     
  9.365027310294645E-002
  0.308344020223126     
  0.333561789573351     
  8.435075185684218E-003
  0.420591549125862     
  0.219943577096878     
  0.180676292797983     
 -0.168457112515907     
  6.307916948432958E-002
  4.852449403930711E-002
  9.325895203342502E-002
 -2.629789464019961E-002
  5.245109745126537E-002
  0.248998248684083     
 -0.990354614910959     
  0.481965583720099     
 -0.146374313154613     
  0.971957636478565     
 -0.165208198142680     
  0.340439294160143     
  -1.03067823716108     
  0.279766987880545     
   1.09180039841401     
  0.816323354289469     
 -0.212809123203721     
  -2.01766494597328     
  3.637303064104370E-002
  8.369107041037178E-002
 -6.344882786802253E-002
  0.222722049687792     
  0.631383655509812     
  0.108889217209168     
  3.275876637997331E-002
 -0.436734916065451     
 -0.253828871061399     
 -0.599262205766670     
 -0.894484628652504     
  0.212858040428711     
  -1.63308604104295     
 -0.934610011459749     
  7.845690375414079E-002
  -1.24868267399615     
 -0.861349137817451     
 -0.241240969733379     
  -1.00363745569667     
  7.582489414617589E-002
  5.483342441578739E-002
  -1.50667905381168     
  0.915723865355191     
   2.04453564998036     
  1.423565665202169E-002
 -0.892835420333048     
  -2.83682738550112     
  0.423300667210173     
 -0.280545844460998     
   3.05323723763585     
 -0.694529107300181     
   1.11422636533185     
 -0.351540867075684     
  0.189250775145925     
   1.78402605564286     
  0.559650147884001     
  0.795710998249923     
  0.371609654676107     
   1.25016652067272     
  0.421952119552470     
  1.174914467525667E-002
  -1.15062202589942     
   3.91356499528940     
  0.145844708415546     
 -0.742105835883381     
  0.308993336329993     
  0.351662486950512     
 -0.191389008142851     
  -1.36174608490384     
   1.83997174530409     
 -0.328687944513127     
  -1.59498922707900     
  0.262593323613325     
  -1.70499745701285     
  -2.10503923807340     
   1.06144048119861     
  -2.20098607071464     
   4.50510049516229     
 -0.861650595282960     
  0.949761109594056     
  0.669197428894453     
 -0.770801004555195     
  0.212992908996004     
  0.229060278753214     
 -0.853588334332804     
 -0.419810974926792     
 -0.923733850732093     
  1.049407955143704E-002
  0.570765595784171     
  9.910737072568393E-003
  -1.78671957508667     
   1.64276432955483     
  -1.27659881115884     
  0.457127568560134     
   1.46224117141233     
  0.462212063580683     
  -2.29430474030342     
 -5.874061985249875E-002
  3.697209536961647E-002
 -0.973737445707073     
 -9.929698117717578E-002
   2.08909320999638     
  0.950482864089723     
  0.126765255360985     
   2.05318870383480     
 -5.010847897156705E-002
  -1.28633309884389     
  -1.71589277301992     
  0.524473640916062     
  -2.09799638630440     
   2.78921137332802     
  -1.39547569179590     
  5.134449864083743E-002
 -0.407092231166917     
  -1.13692887998429     
  0.600586929256127     
  0.266659547113281     
  1.382561365992551E-002
   1.19960555714821     
  -2.77618310390649     
   3.68280943991870     
  0.793123727323770     
  0.935333686391256     
   1.14200343261917     
 -0.731894752444566     
   2.94616416922317     
   1.31566594002592     
  0.471932331821233     
 -0.850059370755118     
 -0.325006819157051     
   1.42303537694487     
 -0.759345219658320     
  0.322968185965380     
   1.14219805295166     
  -2.57482184960838     
  -1.66791840508827     
   1.56832196977603     
  0.715065842973045     
  0.127050281313192     
   1.21331080344203     
 -0.465413851456161     
 -0.867818252035060     
 -0.584634234646443     
  -1.53762417596921     
   1.99352113274173     
 -0.910197316375067     
  -1.23836922882706     
 -0.640808157212235     
  -1.70832392895055     
   1.68640909652956     
 -0.191242210096101     
 -0.907829936262064     
  0.373365032677493     
  -1.53394860182210     
  0.567890008293389     
   1.41879115881212     
   1.77293707874268     
 -0.565257112041126     
  -2.60134338528453     
   2.50364842082463     
 -4.058139451360376E-002
  -3.64352226374881     
  -1.13246750072317     
  0.200056455365887     
   3.30267869059847     
  -1.53985620527645     
   4.80200130316491     
  -1.60117138621927     
 -0.161333227408182     
 -0.328810166807415     
  6.802432958494918E-002
  6.684708441603440E-002
 -0.218454354075996     
  6.021253855961514E-002
 -0.200020774081723     
 -0.217793586812551     
 -0.904950522905320     
 -0.261440564395476     
 -0.228999199405332     
 -0.634078647212823     
 -0.646311131278471     
  0.419572404524356     
  0.202152614341778     
  0.325620277854463     
  0.241862546197162     
  0.600752670721422     
 -0.534565570848470     
 -0.308904117263712     
   1.81241276567109     
 -0.339505663283260     
  0.687719497994054     
 -0.607084719229775     
  0.595880909969106     
  0.186298677892705     
   2.14431219622483     
 -5.691143187416328E-002
  -1.42993408110780     
  -1.11076886294911     
 -0.102354175890036     
  0.566864584588211     
  0.759516853861338     
 -0.239278598512941     
 -4.170561707235405E-002
 -4.867241874632808E-002
 -0.186853904106060     
  0.209177946534408     
 -0.243629564139591     
 -8.272238849240804E-002
  0.246340269529649     
 -0.610363378508513     
 -0.654243454056430     
  0.211114734420240     
 -5.987729019706468E-003
  0.362854998542014     
  0.607858060763675     
  0.467647721356653     
  4.295323105302943E-002
 -8.085592480815061E-002
 -0.280588372976859     
 -7.973083305316915E-002
  0.626028833287425     
  0.160104362936943     
  0.183038794229680     
  0.394129514069158     
   1.22901260507872     
 -0.104267437174196     
  0.218124620559730     
  0.327426674862245     
  0.163633183184165     
  0.947272682420947     
  1.502100859858698E-002
 -0.594373805370786     
  1.107934562997852E-002
  0.354738581575834     
 -1.663070675042522E-002
 -0.129817235053771     
  0.908649454929185     
  0.716987084654578     
 -0.290517479143124     
  0.597390309285784     
  0.695226989579413     
 -0.996505900190590     
  -1.07291663727382     
  0.779024051766651     
 -0.220745410990644     
  0.472371664730792     
   1.28991788314893     
  0.214085463182414     
  -1.78630768517992     
  0.506978515181520     
  9.688637193891194E-004
   1.19418657377554     
  -1.45740097374361     
  -1.18411488930480     
  -1.44027695274242     
  0.330026562727482     
   1.43778032672786     
 -0.121567295321597     
  5.565122903563593E-002
  9.239458612092991E-002
 -5.204630692084729E-002
 -0.609022745533209     
  0.100696837857829     
  9.278086939176811E-003
 -7.385954709212707E-002
  0.626465363476382     
 -0.570257243459180     
 -0.624337552859496     
 -0.561523573400046     
 -0.253165297369182     
 -0.750521041971476     
  0.103884888602933     
  0.348204406046155     
 -7.945332569205781E-002
  0.720114729851180     
  5.640902344200153E-002
 -0.288262221303910     
  0.179769321953443     
  0.405069605679894     
 -0.642777826637901     
  0.417760654077239     
 -0.345886650053461     
 -0.652804315568001     
  0.770061132164151     
 -0.141728452187519     
 -0.211601961306749     
   1.93792490542572     
 -0.912120400836200     
   1.24515710825287     
  -3.19342510279848     
   1.48397971668157     
  0.964444267408607     
 -0.231542286851934     
   1.93150309046483     
  -3.14217208208755     
   3.86536902991240     
  -3.12481811186047     
  -2.44108995152461     
   1.26319597164556     
  -4.49734003288749     
  -4.63751170326235     
  0.551616341183172     
  0.631022869428203     
   3.19641597402747     
  0.771595923270980     
 -0.651496629794611     
  -4.04630132274390     
  0.102672145753521     
   2.34263397226628     
 -0.644042387780578     
   2.33714554206105     
   3.01751582686624     
   2.24476122270309     
  0.742255006129362     
 -0.913805026427592     
  0.919627766004271     
  0.357249405874140     
  0.796645801548153     
 -8.586276533425374E-002
 -0.123881421428334     
  0.168695003007351     
  0.396133567524633     
 -9.309047150536555E-002
 -6.027358499834300E-002
  0.288555030303282     
  6.031152399094684E-003
  0.645319154097517     
   2.26919348643861     
  0.253955208769964     
 -0.410045873082142     
  0.160255801082177     
  0.954915360533641     
 -0.741731457875009     
 -1.024772885299566E-002
  5.250987372638441E-002
 -0.670070425774120     
  -1.18301897490409     
 -0.521401804173752     
  0.131671747634845     
  0.793329753869797     
 -0.541000548654978     
 -0.697467841013501     
  0.558894325539009     
  8.198283295305440E-002
   1.51740435409764     
  0.775699227043694     
  0.499350105456839     
  0.354676696517774     
 -9.508985882294853E-002
 -0.212952067777820     
  0.219151589876505     
  2.576960048202964E-002
  5.041467165155180E-002
  0.378818790694412     
 -0.799680796395826     
 -0.494993551435412     
 -0.511566532747173     
  0.236720681472249     
  0.486901376166985     
   1.27859737386176     
   1.29773246857985     
 -0.628373491982108     
 -1.343829693280542E-002
  2.147776737636469E-002
  -1.01140844315084     
   1.72971511356824     
  1.962422184347882E-002
  0.681414729127585     
  -1.86794892947388     
  0.870268617991129     
 -0.558052824642879     
   1.99222570358713     
 -0.433243646829597     
  0.686180490185259     
  -4.92653328906355     
 -0.177846806027142     
 -0.344181084873686     
  -2.20436488074645     
 
  0.378785468234219     
  -2.65678436543459     
  -2.13134384795663     
 -0.232634233494392     
   4.54248982890272     
   1.87355614573933     
   1.67080750593804     
  0.978575016721914     
  -2.90979291605327     
   2.58565481991832     
  0.691943315553725     
   1.32174083018275     
   3.40377043654702     
  -3.20535742865698     
  -1.07548608627982     
  0.988573558606842     
 -0.851700447236397     
  0.269707600636512     
  -2.89738437543155     
  0.926556369286935     
  -7.20173080353702     
   5.19224415983174     
   4.57122017411800     
  -2.11706942623194     
  -2.21403567690231     
   1.76738244937157     
  0.777721241082310     
  -4.05045900888997     
  -1.60526015619902     
   1.09392428488916     
 
 -0.187141201469736     
 -0.210223503910730     
  0.156680002734929     
  7.077906414529266E-002
 -0.185969846580079     
 -4.474356103477471E-002
  7.996877282238532E-002
 -0.224389338576667     
 -3.324538240258712E-002
  6.065048117328414E-002
 -2.719820103331053E-002
  0.265408518179985     
 -0.133027548525255     
  0.135334528683257     
  0.150384790142141     
  0.122651380855002     
  0.212754636017431     
  0.601763485449150     
  7.102152465983208E-002
 -2.741632450296765E-002
 -0.235378633764062     
 -0.183839689221143     
  9.758250106803519E-002
  0.354389609640882     
 -0.385411188952557     
  0.100191497478467     
 -0.266658352821810     
  8.253582419886971E-002
  0.284890518189670     
 -7.386329672693714E-002
 
 -6.796993440332245E-004
 
  tansig  tansig 
