 0.212040635699155056E+01
-0.148879325894471428E+02
-0.733251890080786772E+01
 0.561671197424951263E+01
 0.259746350279195006E+02
 0.993805703430230203E+01
 0.236455215502090654E+01
 0.586129349591922377E+01
 0.272274814702442658E+01
 0.261417958456568966E+01
 0.131255906872568495E+01
 0.114043016174076506E+01
-0.177570213569933588E+01
 0.863662207473030463E+01
 0.369339458026365031E+00
 0.192714577640372753E+00
 0.490847965660306529E+00
 0.272826607740290716E+00
 0.498761053483644190E+01
-0.391060843265454983E-01
-0.270774813537083721E-01
 0.927478105340283410E+00
 0.729095402020970118E+00
-0.298828592577134511E+00
 0.163690155530825748E+00
 0.139365362307401180E+00
 0.785267071373495940E+00
 0.322758623358732566E+00
-0.115410226037011743E+01
-0.514252750766584429E-01
-0.457570738232379037E-01
 0.843977917834295543E+00
 0.807943014301569029E-03
-0.191289687693183358E+00
 0.943200180322484039E-01
 0.106493805161248567E+00
 0.559641711969744549E+00
 0.217941629059122899E+00
 0.108105373523234127E+01
 0.506280425974586890E+00
 0.698774596495747136E+00
 0.225632458881017073E+00
 0.257247491941604012E+00
 0.132774132730705086E+01
-0.939460320795866000E-01
-0.132175593873496866E+00
 0.716834848716340178E+00
-0.709485741950764831E-01
 0.323160635934906049E+01
-0.336600367674007930E-01
-0.529510340210519043E-01
 0.145865921904298390E+01
 0.713103665046863178E+00
 0.530999793199613546E+00
 0.161008328081393370E+00
 0.275436706194307268E+00
 0.302131051621975866E+01
-0.834336925440888888E+00
 0.645472654187592987E+01
 0.100504177701485495E+00
 0.206864907651472751E+00
 0.318917582977714931E+01
 0.104149962034155230E+01
 0.181115613125393686E+02
 0.129696670081548415E+01
 0.306789874419449182E+01
 0.646783791900162264E+01
 0.337806435123365887E+02
 0.249204814060103246E+02
 0.384550548311688400E+01
 0.104916941946101598E+02
 0.272231240920337214E+02
-0.251765578624756827E+02
 0.213971821381067961E+02
-0.101917878357104446E+02
-0.341769126358141833E+02
-0.305570901898407641E+02
 0.852981406942877385E+02
 0.318165915706944020E+03
 0.280161519016103682E+03
 0.193633874501811256E+02
 0.135739867463733130E+02
 0.218880997846542797E+02
-0.918323048286635468E+00
-0.799379602124709354E+01
-0.290206412305065076E+01
 0.541198444833421455E+01
-0.172774744056269380E+01
 0.869866230729908452E+01
-0.488241469810753947E+00
-0.243767389447803573E+00
 0.220345769203925812E+01
-0.161706849847226553E+00
-0.163512946740647513E+01
-0.182974980781834662E+00
-0.112282699689600488E+00
 0.105844866362420453E+01
-0.637574587160078310E+00
 0.284182445339283785E+01
-0.430547522568782634E-01
-0.297208755008557014E-01
 0.784723267245527101E+00
-0.277997273790360155E+00
 0.153298044658476473E+01
-0.784768230527781024E-01
-0.642930155847498824E-01
 0.420536490814366171E+00
 0.143009535286112377E+00
 0.622674824268462213E+00
 0.153901051925027565E+00
 0.118313729499971015E+00
 0.876991180725109482E-01
 0.624536365669980165E+00
 0.407773886997336743E+00
 0.535548717017793417E-02
 0.481383853141312962E-02
 0.414969381624597455E+00
 0.187903176299332409E-02
-0.419585050291318595E+00
-0.132027304210969143E+00
-0.135812521204951353E+00
-0.195024251397338810E+00
 0.474561890175130494E-01
 0.718882089052670703E+00
 0.636663055944251995E-02
 0.812800602737826644E-02
 0.272661384029257992E+00
-0.136539166665028938E+00
 0.973563869005540039E+00
 0.104024528514920334E+00
 0.133628980942267744E+00
 0.246579112658384704E-01
 0.454545761995495956E+00
 0.114118874042133944E+01
 0.493915602703899614E-01
 0.787611226286988320E-01
 0.795545650806336435E+00
 0.433903805202925930E+00
 0.257212566414988353E+00
 0.234042068313997709E+00
 0.444255834722273646E+00
 0.108368309524018569E+01
 0.129513012318853682E+01
 0.513091648631358588E+01
 0.519995711226660551E+00
 0.106564283480135713E+01
 0.116530592448402048E+01
 0.699746144283462534E+01
 0.473615054368254107E+01
 0.157533904401893277E+01
 0.397157480139550234E+01
 0.335537274737103042E+01
-0.749006433487852102E-02
-0.194729376424990157E+02
 0.331462488061376170E+01
 0.970541069152023894E+01
 0.137651655116206477E+02
-0.105542280138062994E+00
 0.330152509491134509E+02
 0.572305834638234501E+02
 0.141518334965516033E+02
 0.101991264726183477E+02
 0.226518993083425109E+02
 0.117898238831893654E+02
 0.134402663316134152E+01
 0.465470250399097618E+00
 0.415309252122978201E+01
 0.269815745884856506E+01
 0.605167351747721582E+01
-0.450561707279269363E+00
-0.181455882769576943E+00
 0.189225050330040623E+01
 0.111783713705759480E+01
-0.252539130006526369E+01
-0.157823982919604061E+00
-0.742351439293828935E-01
 0.644755118622721612E+00
 0.339559451173935101E+00
 0.817691140749328693E+00
 0.105178256295184763E+00
 0.547061642798811198E-01
 0.282266074885929252E+00
 0.587599373393994928E-01
-0.511635389566922449E+00
 0.232130469937920664E+00
 0.145915494746062913E+00
-0.115818540354198946E+00
-0.591443296664998855E-01
 0.468293727366717871E-01
 0.887498578259093701E-01
 0.672955328688439602E-01
 0.693469338666752588E-01
-0.299320175741543543E-01
 0.233851879889602321E+00
 0.467547677921413898E-01
 0.433037990193938793E-01
 0.122275732721167305E+00
-0.250506167349610204E-01
-0.154073982895788525E+00
-0.258974047115281790E-01
-0.274886311799837461E-01
 0.125061470956218224E+00
-0.494397349629712504E-01
 0.273262298334299492E+00
-0.657095846570183214E-02
-0.783411998565050442E-02
 0.104520130230285613E+00
 0.966688756293621575E-02
-0.298227555421277546E+00
 0.102838062647386576E-01
 0.117635864300922079E-01
 0.135861221590316689E+00
 0.128603720098763280E+00
 0.316893865483135473E+00
 0.211412450996309072E-01
 0.332831653218744403E-01
 0.217781909608168706E+00
-0.269273266884103683E-01
 0.510138627685879698E+00
 0.292723367187828565E-02
 0.554148886409772980E-02
 0.302313422797422460E+00
 0.708599073671738466E+00
 0.819616055648115238E+00
 0.179952294836341870E+00
 0.365217999324172260E+00
 0.354183241052707820E+00
 0.880004670168024306E+00
-0.875718687605169466E+00
 0.576100664985509492E+00
 0.136013591702724734E+01
-0.676632609120543904E+00
-0.150480294074941545E+01
 0.158708773101537370E+01
-0.409351273587353001E-01
-0.117298018317923844E+00
 0.319236568419896205E+01
 0.171668584183963302E+00
 0.254894916439795205E+01
 0.425139892613750181E+01
