 0.169978795514609367E+02
 0.168185213255076107E+02
-0.636235489851176084E+01
 0.149917378676545763E+02
 0.134707214092528798E+02
 0.355477319995371177E+01
 0.484547986414120224E+01
 0.166189190455535289E+02
-0.101162978316224859E+02
 0.749261598376592786E+00
 0.245133016188004177E+00
 0.210102794176515761E+01
-0.833998959155993758E+00
 0.475396672143634635E+01
-0.253108770838582908E+00
-0.121204400891483113E+00
 0.106342767872753274E+01
-0.460741197341629605E+00
-0.172132843700100269E+01
-0.363797826515392386E-01
-0.240220289366193628E-01
 0.271557823750007088E+00
-0.139428896296101223E+00
 0.515272748150773108E+01
-0.770316646092400643E-02
-0.625276359821747181E-02
 0.621231549112667758E+00
-0.182600287407914647E+00
 0.175939498358034707E+01
-0.519396929138687784E-02
-0.459949837137081045E-02
 0.586320117408543506E+00
-0.172448750890283053E+00
 0.123252889056144777E+01
 0.142646465219304006E-01
 0.150028743137325029E-01
 0.105312198415678931E+00
 0.140388561425463715E+00
 0.138086465714354856E+01
 0.902337751101933983E-01
 0.122128792408486855E+00
 0.183133898535074946E+00
 0.363180328757594650E+00
 0.856125793481442021E+00
 0.137379500475170637E-01
 0.207901539475251126E-01
-0.194711164490196896E-01
-0.248592657283365298E+00
 0.333720824556651596E+01
-0.281449198085664438E-01
-0.436958153024925924E-01
 0.115221457888580936E+01
-0.650760099626088422E-02
 0.115415874742483981E+01
-0.576588699592290310E-01
-0.982961046273988781E-01
 0.107743242684332485E+01
 0.650567726826597692E+00
 0.423391187283709858E+01
-0.105068608646179569E-01
-0.202275450221777835E-01
 0.438636971372489981E+01
 0.176163334886419265E+01
-0.131457346259287422E+01
-0.105646693519423733E-01
-0.237710516672953003E-01
 0.467713653609859836E+01
-0.830062122888814358E+01
 0.198945794171828694E+01
 0.280996968148888637E+00
 0.790027764914216890E+00
 0.184216315330889415E+02
 0.443192565896283241E+01
 0.210631567496547127E+02
 0.650238334634278203E+01
 0.207677404968436221E+02
 0.252354906768010849E+02
 0.591490796730998891E+01
 0.154855926713595437E+03
 0.344964145795043322E+02
 0.630912570954243446E+01
 0.146974618028055755E+02
-0.188524497891981184E+02
 0.249921462386095747E+02
 0.665533595775811637E+01
 0.186003052271041236E+01
 0.424097296300105420E+01
 0.252426806933218195E+01
 0.251433684997800810E+01
 0.151149152030861833E+01
 0.611953519407824498E+00
-0.577141300557952541E+00
-0.626530597856596871E-01
 0.430386448226394247E+01
 0.801483872499604733E+00
 0.396170064372183106E+00
-0.193741030688236171E+00
-0.941125942080402345E+00
-0.519241215579461124E+00
 0.102552453283215037E+00
 0.636962808707513400E-01
 0.540120094544809914E+00
-0.629214414893261992E-01
 0.227428888110405042E+00
 0.123114933395475894E-01
 0.901304436835190410E-02
 0.194457896125694474E+00
-0.468913363038527334E-01
 0.580073093178970045E+00
-0.991227674450559891E-02
-0.809333991833788464E-02
-0.712399397878015622E-01
 0.156320004556680353E+00
 0.242304136929971325E+00
 0.146849902517376622E-01
 0.127016795033910498E-01
 0.221870694902702670E+00
 0.921649674387617357E-02
 0.650692404307437466E+00
 0.305308377152828832E-01
 0.310543035364211108E-01
 0.292397354557939637E+00
 0.821396767585359372E-01
 0.311019648917636726E-01
-0.184885824768056678E-01
-0.234080066590632609E-01
 0.233658023060111186E+00
 0.185822906043091207E+00
-0.229137542456157750E+00
 0.158218775396987213E-01
 0.218659233992946692E-01
 0.383755993126159656E+00
-0.183919136484092943E-01
 0.532571101653746215E+00
-0.814676864608917216E-02
-0.127191294951530115E-01
 0.471833810074802462E+00
 0.581747431062953124E+00
-0.414199227323725827E+00
 0.293773274539874063E+00
 0.512614117283110349E+00
 0.231465626796587345E-01
 0.547282546830162198E+00
 0.261418638207977416E+01
 0.216419884896351146E-01
 0.470983562412349288E-01
 0.199283867962928785E+01
-0.670726711686335908E+00
 0.234442013912418101E+01
-0.167933294543379824E+00
-0.418182552450340361E+00
 0.365219020560022090E+01
 0.145592048060088630E+01
-0.635617660661611250E+01
-0.461049717382264079E+00
-0.123869185026062989E+01
 0.863783815986131742E+01
 0.889473156079114841E-01
 0.348339766323274276E+02
 0.191641152747954564E+02
 0.102815750489125932E+02
 0.971490101338609513E+01
-0.121469918954347307E+02
 0.130542705943239206E+02
 0.229069744415274990E+01
 0.558976651088384791E+00
 0.267630807224228606E+01
 0.224424006511543395E+01
 0.572194938095808947E+01
-0.154264450953394694E+01
-0.519682291429698018E+00
 0.645508111068270884E+00
-0.634159706852730265E+00
 0.235427008866984622E+01
-0.664430852621432626E-02
-0.275323584555407048E-02
 0.193830557223548028E+00
-0.129755875364011647E+00
 0.200942896906283908E+01
-0.758225170324824081E-02
-0.395834987354122449E-02
 0.153219371616548833E+00
-0.217227067088950967E-01
 0.533554119888406064E+00
 0.669506981091545494E-01
 0.434282128053813735E-01
-0.804965794473232361E-03
 0.887675630429966556E-01
-0.180446518839102954E+00
 0.579505783490703538E-03
 0.430589680806819604E-03
 0.102364071728881414E+00
-0.165069028521103375E-01
 0.242716675853992508E+00
 0.234311654124854281E-01
 0.216085414303180783E-01
 0.429558304354118528E-01
 0.215393665134869725E-01
 0.246712155436670355E+00
 0.327495955996147305E-02
 0.340120571662923385E-02
-0.536562092301041127E-01
-0.119162384004091199E-01
 0.195006427143837563E+00
-0.646727162385727326E-02
-0.721539046135197173E-02
 0.876830359718231978E-01
 0.197015531483281658E-01
 0.551622434543933352E-02
-0.153993453762931126E-02
-0.197212815773662679E-02
 0.105466955038803767E+00
-0.226770373473503331E-01
-0.116096735169434362E+00
-0.166299143608373105E-01
-0.225902734664942539E-01
 0.109245351119309900E+00
-0.917886953914094778E-01
 0.206874219863890874E+00
 0.114493342203982329E-01
 0.197828639661707974E-01
 0.135662153814370690E+00
 0.238569696227735883E+00
-0.551852113197833560E+00
-0.920964699296145453E-02
-0.187949254059207767E-01
 0.563701921232010017E+00
 0.331757482435413809E+00
 0.986873224678528616E-01
 0.240465435621443242E-01
 0.676822542881979766E-01
 0.101957426499259007E+01
 0.118865563375311109E+00
 0.234304495481822750E+01
-0.121414466942191226E+00
-0.312728470962998495E+00
 0.305592926155103850E+01
-0.431293551248773721E+00
-0.462553747261142600E+01
 0.000000000000000000E+00
