 0.979663636193911991E+01
 0.379130195711639084E+00
 0.644807546139531773E+01
 0.517800764639996647E+01
 0.105698230146313161E+02
 0.404408007461811980E+01
-0.124194201768126700E+01
 0.216340141978725153E+01
 0.108576640363400978E+01
 0.135684936516823118E+01
 0.681263425688534041E+00
 0.173305937955036060E+01
-0.803275080632371519E+00
 0.392581871019027995E+01
 0.465450470944701489E+00
 0.242863547263389407E+00
 0.130506203003312754E+00
 0.276073572299378789E+01
 0.191017750279784448E+01
-0.172969566907180516E+00
-0.119766023710764224E+00
 0.687833028426219961E+00
-0.826540938674582837E-01
 0.139057660745264333E+01
 0.164600821008939302E+00
 0.140140700469226304E+00
 0.927632637975212671E+00
 0.141097552880267655E-01
-0.787746215153657253E-01
 0.734991048042592854E+00
 0.653978799229968599E+00
 0.169437531796161583E+00
 0.352124655293573549E-01
-0.153068792215375060E+00
 0.100629207074977953E+00
 0.113617314705237449E+00
 0.938089652671194263E+00
-0.402988792910079052E+00
-0.441212434903807571E+00
-0.235011755750626494E-01
-0.324366174102579813E-01
 0.106879572626551145E+01
 0.255326872237352620E+00
-0.177343312834087469E-01
-0.153616636138806557E-01
-0.216128022238286158E-01
 0.120460803536343120E+01
-0.852155773829567087E+00
-0.779413631159788234E-01
 0.424642596681981899E+00
 0.668010695860916659E+00
 0.255007073226962788E+01
-0.289270760883445444E+00
-0.139171656518317577E+01
 0.833564282490109276E+00
 0.142597717215119246E+01
 0.293404609908149006E+01
 0.124810260641562421E+01
 0.582175083719263586E+01
 0.119321364146088515E+01
 0.245595790537605874E+01
 0.549516206718406686E+01
-0.271682932192868609E+01
-0.569248822444885327E+01
 0.138910235808913529E+01
 0.328584024343856740E+01
 0.121566185243603027E+02
 0.898434827767805366E+01
 0.172475844813200609E+02
 0.340969036844654960E+00
 0.930265963762286208E+00
 0.474332817672445870E+02
 0.242381857454940288E+02
 0.173920447087456509E+02
 0.550521355964122883E+01
 0.184610596199918149E+02
 0.123753208130838544E+03
 0.427731770892856815E+02
 0.998654088812036207E+02
 0.467293140756357133E+02
 0.322970055597009686E+01
 0.628847362565272228E+01
-0.202670867689324163E+01
 0.638167838339374160E+01
 0.239111765998557724E+01
 0.868070283078652194E+00
 0.398964020073976666E+01
 0.302196610411106636E+01
 0.225473965903727658E+01
-0.434794415800255130E+00
-0.217082542634473574E+00
 0.254608462053334783E+01
-0.699131003949676977E+00
 0.336125444211218816E+00
-0.109075987125627050E+00
-0.669345407412629129E-01
 0.965867179509939611E+00
-0.154103370533863249E+00
 0.158239775468296240E+01
 0.332589418504693091E+00
 0.229587866196601126E+00
-0.362668927990556569E-01
-0.134443110672119726E+00
 0.124339327811193745E+01
 0.116573990728517624E+00
 0.955045465798803200E-01
 0.478548886500159809E+00
-0.159077702556062323E+00
-0.414095271733478043E+00
-0.885469039844280215E-01
-0.680717533443307987E-01
 0.232192044988595497E+00
 0.845007619023347145E-01
 0.433851083051876363E+00
 0.101587379448285303E+00
 0.913129330636029413E-01
 0.416700338743098475E+00
 0.106406462968327981E+00
-0.555615440406260985E+00
 0.942527640970623054E-01
 0.969549866905033558E-01
 0.379851496608138439E+00
-0.962614228460489524E-01
 0.361044564071140550E+00
 0.863575052295831175E-01
 0.110248948240662989E+00
 0.106818950630764384E-01
 0.201269859743361396E+00
 0.893879877913037468E+00
 0.335234598395457231E-01
 0.430639373229651859E-01
 0.522943873732732545E+00
-0.164252124988896214E+00
 0.123793365128557209E+01
 0.385489968727630028E-01
 0.614712767381268912E-01
 0.113568873370396362E+01
 0.125948801172708041E+00
-0.579498630278862059E+00
 0.467956133781316619E+00
 0.888268695982947998E+00
 0.132385152027212216E+01
 0.916532277012479080E+00
 0.248797886558558368E+01
 0.517332001750318349E+00
 0.106018401493770775E+01
 0.319552733955808099E+01
 0.177076049510031486E+01
-0.583918371712879392E+01
 0.451945541445149535E+00
 0.113939632920380451E+01
 0.709698328926968713E+01
-0.688104416982979417E+00
 0.330474590541941282E+01
 0.520614893410804136E+01
 0.152439009983484937E+02
 0.131599340579397381E+02
-0.200920765104543442E+02
-0.255741554035442353E+00
 0.130843392814166428E+02
 0.323546222519373439E+01
 0.604902421487445352E+01
 0.547377919835781945E+01
 0.127957619342108302E+02
 0.290271016962835748E+01
 0.100528158903732456E+01
 0.322263547062946376E+01
 0.144689620052418233E+01
 0.452691153873831009E+01
 0.125538207417859082E+01
 0.505583272619270385E+00
 0.126496228567728641E+01
 0.393892535344198436E+00
-0.238963522338655654E+01
 0.128896543026767407E+01
 0.606286398719659059E+00
 0.944140379701720878E-01
 0.127152206982186544E+00
 0.538763054958942278E+00
 0.358739591285638260E+00
 0.186590534069046105E+00
-0.179780264827655661E+00
-0.357003361923256268E-01
 0.562353312307383835E+00
-0.469439009941695767E-01
-0.295085885997918400E-01
 0.189490674117364283E+00
-0.131366305006163225E-01
 0.181336126953923343E+00
 0.214126365709641983E-01
 0.162363616513789763E-01
 0.189622514115089041E+00
 0.104652126251615421E-01
-0.204583692045277932E+00
-0.520669935657112372E-02
-0.482239294811043131E-02
 0.882607244977756944E-01
 0.588174488743726728E-01
 0.183501829615400847E+00
 0.204385720784836696E-01
 0.216943889153825009E-01
 0.193739509342860411E+00
-0.183710821443609784E-01
-0.231173643111406951E+00
 0.617722251667432651E-01
 0.736469460677375842E-01
 0.188075704238922281E+00
-0.280867632382784324E-01
-0.752570676632879354E-01
 0.574895763724271869E-01
 0.657619934756346336E-01
 0.242797556968590678E+00
 0.650979627732841820E-01
 0.301830160427074945E+00
 0.724654731130938007E-01
 0.114084118999833908E+00
 0.135336554562472261E+00
 0.187594383236828255E+00
 0.464533799187996754E+00
 0.917554651185613357E-01
 0.173700478051810686E+00
 0.436001513715982170E+00
 0.225182632964720381E+00
-0.655387232951911369E+00
 0.907730255216126908E-01
 0.184226285103813475E+00
 0.926008942363324761E+00
 0.107929583847730326E+01
-0.280477091530291156E+00
 0.581081897129273939E+00
 0.137189627968878880E+01
 0.123402829466110231E+01
 0.415960717111968359E+00
-0.389110250401549473E+01
 0.511874435956458318E+00
 0.146675632493140462E+01
-0.203186297668947156E-01
 0.328400515710909113E+01
 0.858825926479612001E+01
 0.324504391857876184E+01
