 0.129742860233809587E+02
 0.145503316276938808E+02
 0.428055732592251061E+02
 0.323802772537832269E+02
 0.143664602636021357E+02
 0.379114869736477278E+01
 0.465058982001818766E+01
 0.736121394471390378E+01
-0.634591575980916645E+01
-0.313156908249907995E+00
-0.102454333207167084E+00
 0.286968901591882242E+01
-0.362745434707971326E+00
 0.380736734065831461E+01
-0.120440442865847031E+01
-0.576744601630953979E+00
 0.139383853308879124E+01
-0.150380679955133045E+01
 0.982107553950950951E+00
-0.134870938833301715E-01
-0.890569805321669156E-02
 0.891164788920292050E+00
-0.264352157206750760E+00
 0.156670859497206139E+01
-0.428921120880046761E-01
-0.348161030239983876E-01
 0.118532625025773497E+00
-0.693713663774317563E-01
 0.264206382838483611E+01
-0.990642480179058753E-02
-0.877259417330453553E-02
 0.505971092404638445E+00
-0.540937921232270760E-01
 0.538508555566733937E+00
 0.785412169839031123E-02
 0.826059029955989767E-02
 0.440635181032192291E+00
 0.112286495963758570E-01
 0.124078618969125731E+01
 0.101086272141932720E+00
 0.136817331766221073E+00
 0.372436328139274520E+00
-0.225561593154789825E+00
-0.284708277291591372E+00
 0.133136707483790612E+00
 0.201480762055536000E+00
 0.261389578080491347E+00
 0.305117589014796131E+00
 0.199478243550289780E+01
 0.176716793659082633E+00
 0.274358016618888922E+00
 0.781587639432916537E+00
 0.621516673596803182E+00
-0.498826170334239039E+00
 0.601692937324395660E-01
 0.102575842992807378E+00
 0.138939579017363224E+01
-0.104849080155691346E+00
 0.269682293503277082E+01
 0.139652869691263448E+01
 0.268856202204888861E+01
-0.124628912146076631E+01
 0.182771976917711165E+01
 0.660474805780106511E+01
-0.176283513734656117E+00
-0.396647010283235624E+00
 0.193069141509138320E+01
-0.460192137253085232E+01
 0.203378761700688742E+02
-0.802060698094183344E+00
-0.225500732201900211E+01
 0.182475229450731504E+02
 0.395812039974565577E+01
 0.521914281445927841E+02
-0.492762901820595811E+01
-0.157381863332274339E+02
 0.332174704019220144E+02
 0.241895943764536874E+02
 0.125911583465702606E+03
 0.734937432704534785E+02
 0.134414335753496097E+02
 0.517275526392902485E+01
 0.685471811161380229E+00
 0.174409545398526511E+02
-0.305316100813598634E+01
-0.853296167455266708E+00
 0.458547346609577122E+01
-0.224336713257996490E+01
 0.656596850198452842E+01
 0.272413081321369699E+01
 0.110291153875149894E+01
-0.469181987970265446E+00
 0.974440582283277679E+00
 0.175295412125405892E+01
 0.117325749472746085E+00
 0.579936182323560964E-01
 0.399622490889475046E+00
 0.909306981751006535E-02
 0.109171038675364063E+01
-0.850697577062560495E-01
-0.528376163318106176E-01
 0.439779651691455442E+00
-0.184128372388853517E+00
 0.469240567220187976E+00
 0.117984317285508480E-01
 0.863744029368148855E-02
 0.185662964174404616E+00
-0.200892081189928649E-01
 0.902982419488253307E+00
 0.332995495843317404E-01
 0.271889678688532269E-01
 0.223807179227452469E+00
-0.494943910128545911E-02
 0.185480229868136948E+00
 0.175108296381735855E-01
 0.151458694959803273E-01
 0.152458722116629697E+00
 0.173606173482637148E-01
-0.339747872874662571E+00
-0.150325164232858449E-01
-0.152902561101779019E-01
 0.109648593591375354E+00
 0.782987594847214981E-02
 0.642220251787281593E+00
 0.123019444949830428E-01
 0.155752340137080194E-01
 0.159889663099799767E+00
 0.400380705681312662E-01
 0.764375909766206507E+00
-0.236426655534883595E-01
-0.326742962490128921E-01
 0.284298165372123490E+00
 0.459112876717765600E-01
-0.554181430613249648E+00
 0.486959964138764315E-01
 0.760265463756513715E-01
 0.433480293167845476E+00
 0.138789330171105285E+00
-0.846288728413547853E+00
-0.153477206867946719E-01
-0.267807148369486152E-01
 0.647959231870227192E+00
 0.138007463229527422E+00
 0.207110141673223547E+01
 0.152624057796634238E+00
 0.332147956207045625E+00
 0.847348575418864491E-01
-0.196354850317980789E+01
 0.274311889477347348E+01
-0.870230160543243314E-01
-0.216702155903478633E+00
 0.358432581612722556E+01
 0.217982650974055847E+01
 0.116285341638542175E+02
 0.301493284359436320E+01
 0.810015189608509623E+01
 0.229663899132498006E+01
 0.196819111927646304E+02
-0.234213661049909199E+02
 0.452421882533142417E+00
 0.242724982204244683E+00
 0.105063270441191303E+02
 0.907242760169475804E+00
-0.163572774302683115E+02
-0.201488915814828173E+01
-0.491673833578922248E+00
 0.320896145160923796E+01
-0.727602369378432590E+00
-0.394858998294833619E+01
-0.167115702613965272E+00
-0.562975272213214403E-01
 0.968250382518368036E+00
-0.219871341968457423E+00
 0.168350939648079057E+01
 0.168128597383447764E+00
 0.696683001929439549E-01
 0.404156764778958399E+00
-0.285473895767935047E-01
 0.752342142995335972E+00
 0.184893981332709088E-01
 0.965247655011672659E-02
 0.694617879470223465E-01
-0.111051658234268005E+00
 0.799803533589071747E+00
 0.100359027442498971E-01
 0.650988462227551287E-02
 0.128230452438263032E+00
-0.921556491577936107E-02
-0.209451320739032915E+00
 0.540798740346465981E-01
 0.401829220036162907E-01
-0.263530191264551399E-01
 0.615692376445042475E-01
-0.196892473791533018E+00
 0.459259017502924947E-02
 0.423534951516799617E-02
 0.693519481482660766E-01
 0.122526589599470884E-01
 0.183626755758862698E+00
-0.155498508468095674E-01
-0.161492808154012207E-01
 0.551899553536204998E-01
 0.275135191800189617E-01
-0.898303349465817552E-01
-0.245888009358680611E-01
-0.274331758502710903E-01
 0.169343370399902861E-01
-0.458512882007349534E-01
 0.304409029201763548E+00
 0.186544874703836079E-01
 0.238900025355132106E-01
 0.557036724236122313E-01
 0.105332649728214753E+00
 0.661704197276894307E-01
 0.478535897822245874E-02
 0.650048855380551231E-02
 0.157641902144126322E+00
 0.165825869864368036E-01
 0.306949414710060264E+00
-0.132047137975170020E-01
-0.228159167808284456E-01
 0.240376489888484646E+00
 0.165688228743134963E+00
 0.194230431772802442E+00
-0.390553433951898663E-01
-0.797036266836515933E-01
 0.487000680811295883E+00
 0.306212657269359201E+00
 0.663142612956235999E+00
-0.925853358609551036E-01
-0.260593969728120878E+00
 0.997167363570297005E+00
 0.605321530872092173E+00
 0.220424815563935361E+01
 0.210587538363021881E+00
 0.542412453266263750E+00
 0.163700414178417697E+01
 0.244144027905150418E+01
-0.393346492499638067E+01
 0.000000000000000000E+00
