     48 -    30 -    30 -     1 
rmse=  40.2612meV
  0.197827669353979     
  0.702820755532908     
 -0.152990888317315     
  0.753529345356516     
   1.08414077399129     
   1.83576825218171     
  -1.88737360589776     
  -2.78052405634468     
  5.992001428838700E-002
 -0.811116935469076     
  0.868766452963752     
  -1.10491408973368     
  0.139907872308749     
  3.571576996595904E-002
   1.07022373944443     
 -0.510498337041689     
  -1.07977411957729     
  0.888170911652037     
  0.487024243657063     
 -0.618703221559990     
 -0.116361932644380     
  -1.14904095529288     
  0.917220777346985     
   1.05111239170835     
 -0.729887882065833     
  0.287053023945817     
  0.518175486698205     
 -0.308136057063526     
  0.129527782257028     
 -0.168289185024102     
  0.888255090449010     
  0.819134032037785     
  0.740248852967201     
  -1.62494136501743     
  2.326738001671374E-002
  -1.42548281404405     
  -1.25525975231087     
 -0.629050245860261     
   1.00706185185428     
  0.490439628462246     
  0.139081771396271     
 -0.380119965469930     
  -1.00450825288872     
  0.954357702489843     
  0.277542449933443     
 -0.862274400763798     
 -0.300211559171352     
 -0.762613159114296     
  0.363991064087148     
 -0.211432776976356     
  -1.54830613663544     
 -0.254966937616898     
 -0.420160801283782     
   1.57821310859708     
 -0.435733095660941     
  0.295077676556611     
  -1.11446126381857     
  0.572980598849687     
  0.149595434912342     
 -0.794770786936209     
 -0.604099965921982     
  0.231700457637148     
 -0.900485680989716     
   1.00096659392588     
  -1.58180270619470     
   1.20769031432858     
   1.51489108324366     
  0.860616382514012     
 -0.211131878752854     
   1.00238836861522     
 -0.191597534501416     
  -1.04101853910814     
  0.853888244821769     
  3.051774318264375E-002
 -0.111346823888919     
 -0.405153109836292     
 -0.689095606310850     
  0.955711264737813     
 -0.716023023524962     
  -1.12701311690202     
   1.54420751896383     
 -0.208192602070847     
  0.125902685851283     
  0.386107395862238     
  -2.31083371184462     
 -0.404619586708792     
  0.224750734544855     
  0.921392778344165     
 -0.640158981166521     
 -0.101886546380972     
  0.465250432232862     
   1.69601981871725     
   2.13890744031311     
  5.046507637983975E-002
  0.727106290013604     
  0.191132640386072     
  0.261693412015977     
  0.485733071074177     
  0.378794269171013     
  0.807132530164902     
 -0.134570967929686     
 -0.228456033808145     
  0.380429953706903     
  0.369085243382024     
  4.840359896234585E-002
  0.747096674922981     
  -1.26291399353305     
  0.446211578679032     
 -4.577951628022820E-002
  0.204470508899294     
 -0.350576046314570     
 -0.314718624269309     
 -0.421735105032748     
  0.377717706410453     
  0.526514519130474     
 -7.751032042341989E-002
 -0.352300957579584     
 -0.833103847146559     
 -0.183554265500031     
  0.632245928961572     
 -0.272045088709115     
  0.249410757746285     
  0.335660628340883     
 -0.600654873354645     
 -0.386175816656723     
  4.585202022932778E-002
 -0.537186636532249     
 -4.152946170757125E-002
 -0.458412437917140     
 -0.433972544939910     
 -0.501434577108909     
  0.195203240873398     
  0.962430999996401     
  0.262758771493492     
 -0.787425021050486     
  7.543560218721779E-002
 -0.440408140174669     
   1.22904843335356     
  1.982256124286996E-002
  0.308951610789803     
   1.37618360320036     
 -0.297031801405322     
  0.684343782657658     
 -0.140184740691284     
 -0.694806896220441     
  0.624013164537317     
   1.44697642238853     
 -0.397914803598198     
   3.11884747478602     
   1.84389943192248     
 -0.897245233251492     
  0.397607158144244     
  -1.04824097087016     
  9.685462555665891E-002
 -0.246694157544056     
   1.10748121117885     
 -0.303485219601878     
  0.218528495038103     
  0.525943048422695     
 -0.333349064282082     
 -0.871572332017171     
  0.225198508840041     
   2.09010904763376     
  0.810858088138741     
 -0.264885113739465     
  0.620206598694190     
 -0.768292097019510     
 -0.497870425665564     
  0.502318539301908     
  0.278624618374376     
 -0.408728294955922     
  5.790222648239782E-002
 -0.917148107793790     
  0.338775754985452     
 -0.167817657821198     
 -0.538274719655601     
  0.745315274102636     
  -1.05784560761197     
 -0.175146647615244     
  -3.70101006104000     
  -1.46520108713661     
  0.548956238153287     
  0.376036942073644     
  0.889850499422267     
  0.725829199616996     
  -1.21550071974996     
   1.53473339767647     
 -0.452465099872343     
  0.231386360888795     
 -0.384477715210770     
  0.454973164371405     
 -0.156478085641208     
  -2.31623533863706     
   1.29529016051971     
   1.11047270492895     
  -2.01325352261715     
  0.944889330889526     
 -0.877180440683683     
 -0.698797399336326     
 -0.791406246893772     
   2.57082657422146     
 -0.468342732792313     
  1.711877580676012E-002
   1.42456830914313     
  0.856685441747954     
  -1.28455674526791     
  5.947353316889750E-002
  0.639373537690687     
   2.49595299318958     
  -2.31044988912936     
  -3.36696068508917     
 -1.943584028425290E-002
  0.622347877681208     
   3.96947818551869     
  4.605414386446127E-002
 -0.442662449462497     
 -0.599841798783565     
  0.683850390287263     
 -0.229656696751220     
 -0.941143477263540     
  0.837455539765574     
  6.272178881849653E-002
 -0.489551037472056     
 -0.125996076463234     
 -0.182795680630591     
 -0.128961967638789     
   3.80551061717164     
  -1.47270974111710     
  4.258489550783063E-002
  -2.30585152601819     
   2.30101955433932     
 -0.630650158250121     
 -0.176457758578437     
  -1.68656622843428     
   1.06526791461051     
  -2.48590405673618     
  -2.73528312866437     
  0.650715251967960     
 -0.766975231950137     
  7.847065791795728E-003
   1.99769393993512     
  0.248705537533617     
 -0.201403117640800     
 -0.750854007601502     
   1.60741508742468     
  -1.44688733337016     
  0.971077365812342     
 -4.248071734523535E-003
 -0.692186560395135     
 -7.475302531662409E-002
  0.942197180437982     
 -0.798876216917198     
 -0.261198584643010     
   1.02892347868843     
  0.797034952467896     
 -0.113523206895606     
  -2.75379965451468     
   1.62489239117669     
 -0.335793288102957     
  -1.91166737325221     
 -0.112889075327999     
 -0.708665243412515     
   1.08343820726978     
 -0.429480168772930     
   1.28798143599550     
  -1.67781496210493     
 -8.580054873421245E-002
   1.19365657955429     
  0.220871338923646     
 -0.624029036310909     
  0.330392847393513     
  -1.04401436578080     
  5.567017367617810E-002
  0.242756734314267     
  0.535433005470509     
  -1.94234266410064     
   1.98812738137235     
 -0.928572737815178     
 -0.734516467546845     
  0.898372835576250     
 -0.444827703022890     
 -0.315186638674064     
  0.290531375129960     
  0.391254314160432     
 -0.236163785898972     
  4.235924967081842E-002
  0.144256867842382     
 -0.137040836292934     
 -2.781894652462153E-002
  0.952819770254370     
  0.501373655362598     
 -0.324458851619370     
  0.450751123720051     
  0.888618987318427     
 -0.979913089204377     
 -0.812713498757551     
  0.706025876514098     
  0.142530838201762     
  0.303274067576413     
  0.391456553134648     
  0.163870258973615     
  0.346463607003507     
  0.780210663453519     
 -0.662659750333751     
  0.148876687210134     
 -1.581684846079471E-002
 -0.322423308577374     
 -0.733038719471764     
  0.842370444838091     
  -2.30511425310178     
  0.627720042299591     
  0.889803133149486     
 -0.593269141800424     
  0.733919100456983     
 -0.150153042970204     
 -0.492543345304382     
  0.137721286437226     
 -0.745735339368961     
 -3.557407142011732E-002
  0.526321934905904     
 -0.420840270548815     
 -0.601173077336915     
 -0.302066417430253     
 -0.564559400999114     
 -0.868676721727921     
 -0.577483016448321     
  0.592530093341561     
  -1.43932843132247     
  0.525409250318629     
 -0.687914665730099     
  0.600432356060502     
  -1.26279561342672     
  0.215981000626177     
 -0.197197060486366     
 -7.054832246237975E-003
 -0.330139743422353     
  -1.30894736062441     
  0.393801334944058     
   1.72759585469160     
  0.422527970238791     
  -2.43607486963796     
  0.673249730878899     
   1.07040770365681     
   3.40494646771618     
 -0.791388025286376     
  0.112606132425390     
   1.20029002484573     
 -0.439045885894114     
  0.371970453032139     
  -2.29928093590287     
 -0.137827062398513     
  -1.21085554533282     
   1.43595747531251     
  0.759503189405569     
   1.31131319888808     
   1.17016266244235     
  -1.19860661117060     
  -2.66980416419007     
   1.76179274395257     
  0.263238775008544     
 -0.628412324721364     
   1.29132983506929     
 -0.246674436566509     
  -2.27821321841723     
  -1.42638380327228     
   2.31026528741822     
  0.425847766779751     
   1.24569161603814     
  -3.49061642431563     
   1.78311001605649     
  -3.34748083030500     
   3.55635297191892     
  -2.87935976362469     
  -1.70466609428588     
 -0.463229706409047     
  -1.81440605405387     
  0.450861052107976     
 -0.857460607788572     
  -1.80694253623457     
   2.30281929255560     
  0.634354404113975     
  -1.85697651598913     
  0.711148417523175     
 -0.716514772218992     
  -2.18426857253895     
 -0.168036410722289     
 -0.110891533706652     
  -1.27796078995488     
   1.03480123680348     
  -2.27641756932260     
  0.457495071794641     
  0.116510457207895     
  0.365456563614843     
  -1.78174043132471     
 -0.139364560284758     
  0.304485923236168     
  0.517255800916651     
 -0.707599465722324     
  0.697086621323757     
  -2.07586786864918     
   1.84260679568042     
  -2.33147801332950     
  -1.97268878139781     
 -0.278391523244540     
  0.909213875519159     
  -1.50832732416747     
 -0.937495249295245     
   1.56751732764694     
  -1.10820237845553     
  0.696653614084957     
  0.777876745157023     
  0.167891925912949     
  -2.06028328865195     
  -1.26081080176623     
  0.566080181178402     
   1.55211209020433     
   1.75828936571209     
  0.451627167585686     
  0.757828518202431     
 -0.996168005173353     
   2.30017571027543     
  0.317136936072279     
  0.632736687078226     
 -0.742388043121699     
  0.882298537539731     
 -0.254658604639003     
 -0.830392469349157     
  0.230555538113942     
  -1.05164596794437     
 -0.320826559132899     
  0.328325195586083     
 -0.793084932414979     
   2.44800566515338     
   1.21816965986209     
   6.42609915276531     
   1.63756533584381     
  0.651503365503968     
 -0.487757441430349     
  8.269603466524464E-002
 -0.552326326117213     
 -0.462765621287758     
 -0.452646272960094     
  0.495029603741074     
 -0.329396724167666     
  6.900134788162623E-002
  0.287369515041750     
  0.304676659008785     
 -0.626285200315169     
  -1.59884270179182     
  0.479200562652414     
  -1.29343771419042     
  0.283989234536604     
  0.292073150680822     
 -0.197237925846208     
  0.542934670506386     
  0.408586122053674     
 -0.129501307936923     
  8.343424525845182E-002
  0.236395840745323     
 -0.250129010047591     
 -0.216699134027404     
 -0.515600732491672     
  0.145070451282422     
  0.448283235622298     
  -3.18957872650958     
  -1.26401930488178     
  -1.05416923626822     
 -0.474309279225418     
  0.167624600509917     
 -2.429625629260149E-002
  0.145517301315442     
  0.509696409182939     
  0.133112165611987     
 -0.438154895173882     
 -9.129741862566310E-002
  0.308487854841623     
  0.261171301585191     
 -0.151070059828506     
  0.138159163272648     
 -0.261191472975110     
  0.221649406523771     
  0.314906495170888     
  0.202453345353157     
  2.005313788576127E-002
   1.74474047603926     
  -1.18220764032582     
  0.186669273179170     
 -0.474641981540406     
 -0.935139815228690     
 -0.845154634371396     
  0.214396225360765     
 -0.452607324820895     
 -0.332227589324456     
   1.41564449435657     
   1.21208618908631     
 -0.581786660661839     
  -1.86167634536944     
   1.59176413040037     
  0.371985752962226     
 -0.487771418289352     
 -9.116996471594342E-002
  -1.42361305173441     
  0.498858140780109     
  0.764953109108836     
  0.156794423847015     
 -0.505339399187591     
  0.381328424072178     
   1.03364768587054     
 -0.645858410408906     
  -1.17366768280956     
  0.943310549676363     
 -0.168543226805333     
  0.473323752946705     
 -0.408546604285381     
  -1.01279737078860     
  -1.94363023955885     
   2.23659661240439     
 -0.198860868693809     
 -0.150768257715867     
  0.730093162483820     
 -6.535701504584321E-002
 -0.120230165296341     
 -0.225989865670735     
  0.473056216090349     
  0.195406555767321     
 -0.309741412380538     
 -0.182562056960472     
 -0.697813735034865     
  0.415865894966961     
   2.33582161737999     
 -0.215906376810106     
  -1.00279562941168     
 -0.469475840733506     
 -0.393150243389526     
  -1.13457407894917     
  -2.83962947805572     
  0.557213361308640     
  0.638703672885591     
  -1.94774811315247     
   2.41399361112806     
  0.522642588936926     
 -0.744256622054466     
  -2.45606469557383     
 -0.601472156159405     
  -3.77945459909894     
   1.29373304277254     
   3.31191876262894     
  0.332959100647978     
 -3.384944611838923E-002
   2.09245378437999     
  -1.45164823894669     
   1.18662657185767     
 -0.342853861676286     
   1.14257670222127     
  0.623047358467345     
  -1.49117443067375     
 -0.946912478790615     
  0.454738359881334     
   2.73848998577295     
  0.272011882935265     
   2.37383490091081     
  -2.48221210203792     
  -1.21125829694956     
  0.272447533593457     
   2.29829384686347     
 -0.425707387602273     
  0.303441481816493     
   1.58452642559628     
 -0.780837479910786     
 -0.190071771553515     
   1.20175093500175     
 -0.743227379534270     
  -1.12727428955969     
 -0.235058680511461     
   1.47113963713246     
  -1.34237281222955     
   1.33311878221137     
 -0.621393721890890     
   3.72005859043947     
   2.70620929611719     
  -1.48014976212606     
  0.301692141149868     
 -0.206310132391899     
   1.20830206951047     
  0.332130437185376     
  -3.04180704196217     
   2.60326294075290     
  -1.97834346463531     
  -1.49550477421767     
  0.510775336389682     
 -0.328027879042645     
   1.59802782922021     
 -0.474240397689232     
   2.77486481742673     
   2.28198660100888     
  -3.12747686827260     
  -2.86528685891124     
   3.17885520605607     
 -0.892135767962510     
 -0.403231421861619     
 -0.264426466747990     
  -2.73037779393389     
  0.968796546795850     
  0.774653723309195     
  -1.10082985912049     
   1.73065347508979     
  -2.17139315011677     
 -0.746654507696184     
  -3.33215823553087     
  -1.99830649837598     
  -1.83158741236768     
  0.786898695158399     
   1.80062253170296     
  -3.27338846639819     
  -2.76471367707500     
  0.289912898029065     
 -0.732904559298102     
 -0.670297676259115     
 -0.406932131219527     
  0.779021144736470     
   1.33625036944112     
   1.09406415300815     
  -2.41335929463751     
   1.96266450772347     
 -0.181591278648820     
 -0.142912757547047     
  0.724258923864130     
  -1.07211269299409     
  0.256869517568028     
   1.29036054184446     
 -0.943677453658084     
 -0.420599201172034     
  0.296381266921915     
 -1.709156190430713E-002
  -1.07303351446811     
  0.749988605213957     
 -0.217238724506821     
   1.18259391138549     
   1.24879815495720     
  -1.24078121622290     
  0.202340965589880     
 -0.261742151383679     
 -0.452679185765437     
   1.35168293309416     
  0.547228805532879     
  -2.81525969061698     
  0.770450007675233     
   1.85219591484427     
 -0.657308338017423     
  0.693094632433126     
  9.842547268343158E-002
  8.107013115551122E-002
  -1.39062168325820     
 -0.821612961211494     
  0.562072516554524     
  0.755944422290517     
 -0.219092802977336     
  0.832391796755549     
 -0.857818048973924     
 -7.213855100656433E-002
 -0.725765598127821     
 -0.105556679644830     
  0.340009742802720     
  -1.23161310025947     
  0.235285626134848     
  0.520299419866313     
  0.424874822878728     
  6.484085154891457E-002
   1.21606363888579     
 -0.995098605283318     
  0.525067403429311     
  -1.02572988650863     
   2.59302042671003     
 -0.606091430341343     
  -1.59171275347598     
  0.589872777460960     
  0.757025773468541     
  0.406328495213912     
   1.19147670600625     
 -0.601236239550355     
   3.30879297241943     
  -1.24253802919517     
  0.681976891486320     
 -0.440217520960720     
 -0.657770456324957     
  0.392922673088802     
 -0.200617707665613     
   2.35310308518825     
 -0.333779775659981     
 -0.221810499433723     
 -0.901946157090954     
   1.92139419717373     
 -0.380209583459360     
   1.03609663698635     
   3.27650496961194     
 -0.931330575153985     
 -0.275800998018569     
 -0.827426391837410     
 -4.641549231772564E-002
  0.336186704618170     
  0.680580331440558     
   1.47745421280496     
 -0.620285759905286     
 -0.843588903624224     
  -1.31630193063167     
   1.43036663005219     
  0.815469079957031     
 -0.962800761400298     
  -2.80221111130240     
  -1.97006653079334     
  4.321854054899102E-002
 -0.947554117222347     
  0.644304246038705     
 -0.490207831926967     
 -0.278344460476069     
  0.947931189854312     
  0.175393253809026     
  0.453308430854427     
  -1.70031413504425     
  0.896709474036660     
   2.68413709162759     
  -3.75925064327097     
 -0.533813525715827     
 -0.571332793185428     
  -1.12201112669820     
   1.37234907853436     
 -0.836161971295664     
 -0.897662086042711     
  -1.47935376694750     
   1.88996368134961     
  -1.99648098223691     
   1.84874110076826     
  -1.81640971474393     
 -7.305369207024037E-002
 -0.811023297614984     
  0.440827669025184     
  0.184160836169687     
 -0.517488701447095     
  -2.28982272888295     
   2.73756730524677     
 -4.117844243212688E-002
  -3.17746942911202     
  0.633545396869283     
  -2.02004779828164     
 -0.836726723355672     
  0.328731305283900     
   1.68305455662864     
 -0.102197750346847     
  0.265221092694041     
   1.32511867080311     
  0.492908242871696     
  0.682698186696119     
 -1.454722904187350E-002
   1.48428181526155     
   1.45021826987381     
  0.862534424771207     
  -1.28902641773538     
   2.98420268371856     
   1.21714911471410     
  0.294152087105048     
   1.67629356766066     
 -0.517480042711261     
   1.63177974156541     
  -1.54738186360628     
 -8.989038096917468E-002
   1.24062692426129     
  -2.21139497976566     
  -2.68665706595536     
 -0.851392031466250     
   1.21851168761221     
   2.23405916398929     
   1.66785932937203     
 -0.959785386189549     
  0.895313943764720     
  -1.17065947301015     
  -1.42794424791058     
 -0.729654315112460     
 -0.218935020809675     
  0.206194022625880     
  0.751949381989569     
 -0.178475060913864     
  0.581852319273586     
  0.304810428182319     
 -0.393099728211315     
  0.287162945730547     
  -1.27135858921676     
  0.594533358931060     
  0.239943377452372     
 -0.487001653889379     
 -0.209805153256471     
  0.752950250642826     
  0.612243564401151     
  0.212833243877092     
  0.418063372727113     
 -0.277440167430618     
 -0.564089633580658     
 -0.422794230526723     
  0.184351299755760     
  0.175833424429340     
 -0.404298630796455     
  0.116920854293926     
  -1.23797460261944     
 -0.770086666891701     
   1.00490439889112     
  0.607962132521313     
  0.376848128555936     
  0.624555371036537     
  0.964168964346005     
  0.762004442972111     
  -1.12919764954059     
  0.960059496059066     
 -0.473883943799816     
  0.910301243336473     
 -0.708462224823222     
  0.620978308399792     
 -6.762131808923014E-002
 -0.586187088103420     
  0.920998542754914     
  0.400297719662882     
 -0.477715094387355     
  -3.44485775714936     
   5.39091403101449     
  -3.86668184865069     
  -4.77020170666569     
  0.272784156406361     
  -5.88430880174441     
 -0.121228403654021     
   2.55973881369586     
  -1.14554186035180     
  0.282650460542602     
  -2.62550726012852     
   1.47089526118325     
   1.27270437361813     
   3.14139661820263     
  0.956614312287915     
  0.599400218675402     
  -3.20987050438524     
   1.58062215776910     
  -5.69578654064211     
  0.726258360451562     
  -1.52650453990201     
   1.41496236262443     
   1.98552864854519     
 -6.226321706797067E-002
   1.16164218690511     
 -6.263048224336709E-002
   2.05674648784519     
  -2.82790785714623     
  -6.13130189353917     
   2.42527895148083     
 -0.737559599604956     
   3.53893021370985     
  -3.06286873134830     
 -0.834295175154240     
  0.146086773444052     
   1.77760135548797     
  0.773131204758382     
  -2.38008719283959     
   1.88336414062628     
  -2.37289761088320     
  -2.43486593820910     
   2.11446218955610     
  5.523173807919093E-002
 -8.253632978874606E-002
   1.10084487432970     
  4.853893165826530E-002
  -1.20549068846467     
   2.15042185195951     
   5.20117891428496     
  -1.68882806177259     
  0.788307788774123     
  -1.53120195034598     
   2.11386119999258     
  -1.36227636086429     
   3.33433621389391     
  -1.57721199725556     
   4.19591066562931     
   4.35728043587182     
   1.34412650022244     
   3.30210790500458     
  0.967056357649352     
  -2.60939331842151     
 -0.127361155532833     
  0.689535157540294     
   3.31422882531708     
   1.39323869192911     
  0.676410872678088     
  -2.37366818246347     
   4.76864868448945     
  -2.13579237216039     
  -5.33830167643201     
   5.36147296793179     
   3.49724700546128     
  -1.59721250843861     
 -0.693603690939554     
  -3.36764897503684     
  0.636646796557431     
 -7.704807239327485E-002
 -0.603721086778889     
  -5.26254897746222     
   1.25503684607164     
 -0.776441402198025     
  -1.75868294208901     
   2.88538828809958     
  -2.03549168420069     
  1.095665208983388E-002
  -2.80848717127049     
  0.434247309590178     
  -1.79042689895452     
  -2.08603199453037     
  0.890935852538271     
   3.29464935688205     
   3.24036296635269     
 -0.516228305457423     
  -1.99592204280839     
   1.00972640998469     
   2.37415897012032     
  -1.61451586411353     
   2.34362592160519     
  2.677442190827545E-002
 -0.288880579932379     
  -1.39053727155592     
   1.97471742359848     
  -1.61636098401599     
  1.508470276298229E-002
   1.23634273668232     
  0.222732421960752     
 -0.212360578965677     
  -2.49650701506954     
  0.508287569757071     
 -0.405525354813174     
  0.327366031211478     
  0.539605922767651     
  -2.95793828983893     
  0.966915970676417     
 -0.570950143085662     
  0.228075046077942     
  0.788139079732210     
  4.246343745717319E-003
  -1.22662426059544     
  0.896536484543526     
 -0.769777564163032     
 -0.191774237899479     
  0.508670305439759     
  0.911191727572852     
  0.228722361160508     
  0.984894995597947     
  -2.93858927119133     
  0.275227325308704     
 -0.612746384341984     
 -0.943457642546870     
 -0.922640564754255     
   3.30185106738150     
 -0.781194652213664     
  -1.11067352527539     
   2.08597695345255     
   2.26434980595610     
 -0.130975611715974     
 -0.288307661328636     
  0.353983047330098     
   1.00320668972574     
  0.386150171691644     
 -0.772742605184363     
   2.14137934740892     
  0.635884196847163     
 -0.187716502815726     
 -0.346673279653616     
  -1.35831217302668     
  0.320520712843015     
 -0.948456051855474     
  0.386462428289790     
 -0.202277005676509     
  0.210824468507291     
 -0.302499625754387     
  0.104220472361130     
  6.038740496669750E-002
  -1.16714736776581     
   2.50397801020953     
   2.28506142872291     
 -0.517906851430562     
 -1.463783681906348E-002
 -0.236118400063796     
  0.355114950606062     
 -0.164824348844437     
  0.747028287706403     
 -0.520320528092386     
  0.140183567872355     
 -8.775360712108266E-002
  0.103517301496626     
 -4.944001818876294E-002
  0.337613548735271     
 -0.959454388681496     
  -1.45809895880354     
 -0.897239247527761     
  -2.10668987290021     
 -0.803412833762764     
  0.699740959371604     
 -0.514215370797228     
  0.271229185646435     
  0.766349173786759     
 -0.207337811320530     
 -0.340997867914645     
  0.199476073194724     
 -0.256827607985897     
 -0.590469662824697     
 -1.619299562479821E-002
  0.426381283579188     
  4.586336203589280E-002
   1.99297082108761     
 -0.707481635468120     
  -1.85975132781764     
 -0.452854343209070     
   1.36814842929688     
  -1.28624870267112     
   1.31585363787712     
  0.149794533471048     
  6.784242823385706E-002
   1.14866604480107     
  0.302241246588420     
  -1.66398069464471     
  8.457784414380645E-002
 -0.785938226871297     
  0.488842428831583     
 -0.505877316082705     
 -0.976551752573438     
   2.60405248764575     
  0.217218273625230     
  0.999381608352450     
 -0.818388616383909     
   1.07455873679462     
  -1.07399675386681     
  -1.79707854406599     
   1.46049676881078     
  -1.18195849806980     
  0.186196346908466     
  0.754486935070633     
  -2.73428545606726     
 -0.218136619521627     
 -0.709032339350262     
  -1.98119115190808     
  -2.31617884630162     
   1.41227799791787     
  0.691687644051172     
  -1.98584888375317     
   2.58076123343241     
 -0.425565002888898     
 -0.391089873651594     
  0.906215066363299     
  -1.22141740657949     
  0.482458495728429     
 -0.951503174129316     
   2.11547582584790     
  0.750991142947220     
  -1.20379528689363     
   2.21760769685756     
  0.221076391399552     
  -1.21078097571208     
   2.91985792532906     
  0.920647896945566     
  -1.42649743779482     
 -0.634706502801978     
  0.580935643564098     
  0.189663713388189     
  -1.17237090536039     
   1.20279653463677     
 -0.775877481012347     
 -0.192590137799009     
 -0.414512437520450     
 -0.628959338200416     
  0.117716844644323     
   3.62387789689061     
  -1.78993683674905     
  -1.69330807128784     
  -1.12122570029733     
   1.01729723338286     
  -1.49179724283476     
  0.872999767974378     
  0.184634247979080     
  0.269796623858839     
   2.43410350235495     
  0.438358759941205     
 -0.950242177220737     
  0.426954603470067     
   1.03324095470690     
 -0.285075336702791     
  -1.49293283767853     
  -1.90166787807037     
  5.254354988108881E-002
   1.58766912901985     
  0.481188164291608     
  -1.93648222271590     
  0.914410014990506     
 -0.923615582411861     
 -0.166641332211767     
 -0.631612070695585     
 -0.232642691784655     
 -0.610588552250653     
  0.115014069518405     
  0.846573902620156     
   1.90068948328717     
 -7.486393044678502E-002
  8.088407537420045E-002
  -1.12235336373859     
  0.516878728242518     
   1.05335037506319     
  -1.75892500138714     
  -2.66159178113614     
 -0.535446647380907     
   3.18136956770124     
  -1.20830983274973     
 -7.577730384535045E-002
   2.19150791565469     
  -1.93633645135724     
 -0.761622497805898     
 -0.313259562343462     
  -1.27386363040865     
   1.01045724752781     
   1.03347464932694     
  -2.53589304899731     
  -1.80518004742099     
   1.17270143598880     
  -2.00527150984708     
  -3.00798414173484     
 -1.130329069443477E-002
  0.621418181051973     
  -3.65876487311131     
  -3.53728631147273     
   1.88846814522157     
  -1.67403877642583     
   3.72903123227901     
 -0.533133607435370     
  -1.55362785071350     
 -0.408994157803513     
 -0.314122820438469     
  0.831842013307307     
   2.13622973089909     
  0.168684712137295     
   4.13897232207480     
  6.608812132050203E-002
  -3.04672849784657     
  0.328246221083055     
   2.05037469825563     
   1.39755832838910     
  -2.38161734630354     
 -0.576857679171821     
   1.81770239457493     
  -2.36656845769465     
   1.94951502710817     
   1.05286496798850     
 -0.782918746846054     
   1.93260444636331     
 -0.764744874941243     
 -0.837750260226972     
  0.414105255095866     
  0.567223966348136     
 -0.398967030676516     
  -1.34850072268111     
   2.67181661185258     
  -2.85771542185751     
 -5.154404558600783E-003
  -1.25798487258552     
  0.258199711442010     
  -3.89983888734470     
  -1.89328142068519     
  0.930238741197287     
 -0.888409069662205     
 -0.795546196410332     
  -1.03837004713118     
  0.772172446160456     
 -0.862744109675611     
   1.18656737341831     
  -2.38942110800547     
 -0.595753503550518     
  -1.22080479327110     
   1.36515270102511     
 -0.428991878539064     
   2.10539001569145     
  -1.06961262093495     
  0.727095794647816     
  0.641629513435473     
 -0.297265510023496     
  0.361019160331616     
 -0.224597985302228     
  4.309765065227232E-002
  0.161587629580088     
  0.196537888330278     
  -1.95869376847468     
   1.84786511955154     
  -1.49276298656552     
   2.39079281720523     
   1.45786461322102     
  -1.41778191539075     
  -4.15792477098649     
   4.12287801173299     
  -1.04619805512140     
   1.44077754756755     
 -4.190793135034742E-002
  -1.09296103492952     
   1.87787385659457     
  4.391598076694690E-002
 -0.795128034485359     
  0.738000618992196     
  0.742751336003384     
  3.011034177596621E-002
 -0.199479212973608     
 -0.653510712658952     
  0.688570095463658     
  0.573525768851701     
 -0.231138313638232     
  0.644598235294702     
  0.394578474114671     
 -0.509976067245626     
  4.001550018734761E-002
  0.261275075570614     
 -0.344413598141162     
  0.178842363767594     
 -7.710886109775564E-002
 -0.424866714024662     
 -0.305757335139687     
 -0.767958663962141     
 -0.234821589639208     
  0.136096855184408     
 -0.565248134004324     
 -0.586131379133076     
  0.809981940978877     
 -0.636164071217872     
 -0.293450861352516     
  0.142810989607660     
  0.726666914198742     
 -0.103694445290478     
 -0.297602834753158     
 -0.270781681283139     
  0.569779024868884     
 -0.474511571771696     
  0.172953080389580     
  0.308268684579354     
  0.666563068902254     
  0.779347537244405     
 -0.479466004527793     
  0.317701693544097     
  -1.11702284579050     
  0.821393111554023     
 -0.234571139644825     
 -3.605652887055640E-002
 -0.194800321920224     
  0.532615482043704     
 -4.134279095422912E-002
  0.264192424635131     
   1.34284172867054     
  0.230532692412427     
  -1.11098146472291     
 -0.359561459631513     
  0.468768054045938     
 -0.507192739663399     
  0.357665289605128     
   1.35942227582841     
  -1.06015751299510     
  0.720341533784910     
 -0.572090517088969     
  -1.82647410491973     
  0.100470477875674     
  -1.05311283155381     
 -0.923284704570815     
  0.870786113611459     
  0.856541697856246     
 -0.311533203741659     
  4.148795820731483E-002
  -2.98637279640580     
 -0.508328432925097     
  0.406500322668178     
  0.647743573075689     
   2.49633634281812     
 -0.646311370921529     
  0.272363573597998     
   1.75403253442690     
 -0.318751099006312     
  0.500872399831735     
   1.85520390779230     
 -0.696659187394912     
 -0.138120112840370     
  -2.28069956629074     
   2.01249880064557     
   1.10449171190838     
  -1.20980156828929     
   1.75755192114904     
  -1.61050592232694     
  -2.72354463144525     
  -1.14157062363393     
  0.439771567395265     
   1.49020037851894     
  -1.92190904893729     
  0.959405950942738     
  0.234082723566467     
 -0.175194684592295     
 -0.519458484232791     
  0.721537565562202     
 -3.918811477076507E-003
  0.644141278876257     
  0.173425119005515     
 -0.275116445117802     
 -0.667249798808558     
  0.500463822881340     
 -0.971324136891139     
 -0.825767310134212     
  -1.59926900280524     
  -1.93099934428335     
  0.357715047058197     
 -0.119283583959924     
 -0.186630016381315     
   1.27278027186377     
   1.13927278441183     
  0.960838560657771     
 -4.294015842598015E-002
 -0.989501721513256     
 -5.169983371974787E-002
 -6.968941935432341E-002
  0.429223709924924     
  -1.78095525650689     
   1.99297481373667     
  -1.59295812487479     
  0.678367183415480     
  0.387149677251869     
  -1.15137076728878     
  0.789655984923528     
 -0.450887380904618     
 -0.419611871782761     
 -0.176500015965705     
 -0.209961451928967     
  0.849930186178622     
 -0.221695303097206     
 -1.385870369584943E-002
  0.930445074241072     
 -0.617866127411849     
  0.606993791022410     
   1.87947175479310     
  1.782950970815125E-002
  0.838386443940503     
  -1.06918705127654     
  0.713968207335269     
  -1.60954231724521     
 -0.613655719085620     
  0.102678439077766     
  -1.42813579730619     
 -0.661613606696595     
  -1.44787994186357     
  0.704867635680088     
  0.593706661552215     
 -0.360543789013599     
 -0.590610990602847     
  0.294278419679929     
 -0.139820116433103     
  0.693816853341963     
 -0.325527872213046     
  0.719239573532074     
 -0.357030312103980     
 -0.671642062291885     
  0.392965153373330     
 -0.926621017117825     
  0.867471323630329     
  -1.16533205318841     
  0.206958434108117     
 -6.977064755732872E-002
  0.525166915250628     
  -1.63042727792922     
  0.124268234444651     
  -1.29637654774504     
 -0.122142594567738     
  0.685319027922805     
  0.954021494268442     
 -0.485866363092324     
 -0.398432521688545     
  0.808695990571603     
  -1.40576069181497     
  0.337676410303257     
 -0.180502997855897     
  0.777508970528162     
  0.851471367732717     
 -0.685266449889458     
 -0.947129316407445     
   1.07485042927729     
 -3.173037515663162E-002
   1.65995972934464     
 -0.426992880658644     
  0.103426386512280     
  -2.76021625786298     
  0.499476104242812     
 -0.688667178017397     
  0.622214897487658     
 -0.844086030714465     
 -0.962293670810033     
  0.678500608209054     
 -0.524644372264858     
  -2.47640842062110     
  0.876791809521591     
   2.14942217476501     
  -1.72040972680463     
   1.14950533309154     
  -1.73312587057765     
   1.02144754472216     
 -0.684049432376641     
  0.819590529598305     
 -0.582280223447865     
   2.05385234529963     
 -0.556837610068719     
  6.840662999337105E-002
 -0.633329872615207     
 -8.632971957112885E-002
  0.668712885092005     
   1.87910755216961     
  -1.84795456085334     
  -2.81515320107993     
  0.492019444946352     
  0.653604401565637     
  0.711378195990021     
 -0.807070084104286     
  -1.01197796266003     
  0.477870628359356     
 -0.386623015067688     
 -0.861819448875342     
  0.284529239306118     
  0.719324888836131     
  0.231430594941812     
  0.197564158346958     
  0.307407130235563     
  0.656835680302633     
 -0.940926258188480     
   2.40722374444467     
  -1.34092030836495     
  0.371709853716064     
  0.210140238319263     
  0.602171187140134     
 -0.200504298730479     
 -0.125491517855060     
  -1.06188892915769     
 -0.380455360519268     
 -0.446676425002716     
  -1.23987886047384     
  0.598469551588133     
 -0.834477635747818     
  0.272489724970836     
 
 -0.447822203818757     
  5.943165593104382E-002
 -0.583906919985030     
  0.600003783111176     
  0.439155321708634     
 -0.532160572722206     
  0.973203687479314     
  0.866625965411679     
 -0.306609516896585     
  0.578436910478549     
  6.196300940654434E-004
 -0.970163792050063     
   2.91424366285481     
  0.246620205730738     
 -0.233503463778894     
 -0.732113026837070     
  0.291478580805123     
   2.87231846954805     
  -1.75733431671551     
 -3.354490103087795E-002
 -0.682212994271204     
  -2.23753286214011     
  0.211250475241500     
 -0.277220250788767     
 -0.658709810783702     
 -2.446205694467904E-002
 -0.476641593333386     
 -0.297820831968629     
 -0.871362563978786     
  0.488747047600949     
 
   6.80667256287874     
   2.00676417223583     
  -3.00941734677944     
   2.93552270509393     
  -5.39371444240684     
 -0.347860502313373     
  -3.90534646730785     
  -1.17888769355696     
  0.148081594059616     
   2.00673587683750     
  -4.05257878575802     
  -1.19327410954983     
  -1.00619759607591     
  -4.91800937557460     
  -1.66695895054345     
  -2.41682079574920     
  -5.81584489102374     
   1.31712324539964     
   5.32758084622268     
  -1.80922690474253     
  0.776922669908269     
  8.241070082278902E-002
  -1.64134827009780     
   1.78468874819075     
   3.57117782946692     
   1.68067129722696     
   1.35311542681531     
  -2.80173367366870     
  -7.14099599156992     
  5.695467012064657E-002
   7.13141783505029     
  0.825559862618746     
   2.17081197031249     
   5.33908648935369     
 -0.561340238550172     
   1.22955741717164     
 -0.479413510182805     
  -2.45595768815340     
  3.171077473858520E-002
 -2.037911619014005E-002
 -4.984035031960675E-002
  0.899999944852206     
   1.28862417688636     
  -3.62044093262896     
  -2.71013844685933     
   1.21629423199966     
   1.93564017860441     
   1.72964618075083     
   1.47675986127171     
  0.152744292375354     
  -2.40402793469769     
  -1.44377665629390     
 -0.449645275139218     
  0.488330292699917     
   1.97809748579268     
  -4.72700436128102     
 -0.277189523794655     
  0.569090974443165     
  -1.07564918097680     
  0.752361146758553     
  -1.64791406221646     
  0.774123230097268     
   2.74173672471690     
   2.17829644309530     
 -0.280568925208432     
   3.10481652289356     
  0.104455297915112     
  0.340703667537673     
   2.27917296214937     
  0.254552595260916     
  -4.19574595116508     
  0.508192746277901     
  0.381271731499898     
   1.06264747870611     
 -0.688521995668480     
 -9.564122147514521E-002
  0.550902130540499     
 -0.533016430712210     
  0.638501737639775     
  0.247721506260172     
   1.54962626092076     
  0.194666262727249     
  -1.04547377044799     
 -0.403494016714568     
  -1.00734697232653     
  -4.14249320440838     
   1.24466941579220     
 -0.426140681073777     
  0.590476849126161     
   2.68585566817373     
  -4.05155785458109     
   1.31609130046027     
  0.973173457775450     
  -2.89389899520545     
  0.410755032890836     
  -1.27357888696173     
   5.42024114913011     
  -2.20516585595257     
   1.58123876450332     
 -0.557738963146989     
  0.185501306499494     
 -0.594608152700042     
   1.05644615701977     
   2.10128565961005     
   3.50403008601673     
   1.29836477225006     
   1.39909569165610     
   1.50549986379908     
  -1.24433100963945     
  -3.24321285917544     
 -0.517146648600972     
   2.23441409098328     
  -4.07826016553532     
  0.694707562349617     
  -7.19757879664018     
   7.18849462329898     
  -1.36168801840947     
  0.338549631777553     
   6.04078364884925     
   3.34691387292900     
  -1.55385557040177     
 -0.675304284542618     
   4.77516547818547     
   2.08201526441459     
 -0.955676812635384     
  8.347756870664472E-003
  0.805805120974264     
   1.06987143188723     
  -1.58548841101281     
   2.27165940512557     
  0.968092741324935     
  -1.68378284692686     
 -0.162413251958247     
 -0.364213842796657     
  5.427210250606646E-002
  0.380944853691217     
  -4.07626206232299     
 -4.580051816144583E-002
  0.587853549266572     
  -1.95492326389683     
   3.73127091455304     
 -0.108872924234983     
   1.29948700534537     
   1.36356187787507     
 -0.962446605893516     
  -1.56515580918770     
  0.510293324325951     
   1.07525281751355     
  -2.72090944209386     
   3.64028125028021     
  -2.11196149038688     
   1.47861018890331     
   3.08970536672327     
   2.73508704614022     
  0.525296665425805     
   2.15091257444487     
   1.51538382041012     
 -2.655691595049955E-002
 -5.541801902056979E-002
 -4.004320587753104E-002
 -3.687201100769288E-002
  0.637995471777268     
  0.793108898759941     
  -1.35096740359573     
  0.966831821854634     
   1.09704263898853     
   1.10133454893904     
 -0.387649771588662     
 -0.697160066900597     
 -0.920410762049210     
  0.126794153720062     
 -0.157013999836100     
   2.09312603851629     
 -2.657584605775797E-002
 -0.431400284227780     
  -5.01225053762978     
  9.856988091569861E-002
  0.745972937174016     
   1.83093082618180     
   1.81260288697283     
  -1.38012564582981     
   2.87175309705680     
   4.56519020509126     
  -2.27221122041584     
  0.178190710008620     
  0.866783972752844     
   2.01417699534481     
  0.165290085692574     
  -1.97282406299734     
  -2.87344892445779     
  0.889529254399355     
 -0.683597517567844     
   2.19416379678236     
  -2.28460099377115     
 -8.689484464041038E-002
   1.54612782143516     
 -0.246669681946393     
  -1.32679985753288     
   1.11170700444771     
  -3.52714893855935     
   5.60581961631250     
  -2.69022745835275     
   4.28116208818339     
   3.13661513255941     
  -6.56827863186666     
   3.04509401469822     
 -0.621435035525988     
   2.87268091898105     
   2.50777476420829     
 -0.123005693429783     
  0.177477816005418     
  -1.55871717179282     
  -2.09701742688172     
   3.63878390443111     
 -0.469097313669329     
  0.338182366427073     
  -2.10920994885143     
  0.374962630443000     
 -0.895289185330820     
  -5.16722706525990     
  -3.17415644317944     
 -1.448156275243290E-002
  0.147897276667703     
 -0.873981811589591     
  -1.31485920564575     
  -4.76238207434036     
  0.119280277487143     
  -1.00033158743483     
  -1.47294436425079     
  0.564691791367983     
   2.27923430402086     
 -0.461260985085812     
   1.66727049677463     
   1.89725140052270     
   1.49827429701722     
  -1.83569372212895     
   1.27037312370814     
 -8.732346221698979E-002
  -2.01708008192126     
  -1.10411335513665     
   2.15988032573107     
   2.14854041483597     
  -2.31795380960981     
   3.36747360698064     
  -1.71015981762094     
   4.89394623123214     
  0.483676077070501     
   1.33195630146168     
   3.19858700463239     
   1.32226252625934     
  -5.55934176447084     
   4.11290477632569     
 -0.383530099147887     
 -0.218975890006990     
  -1.55875160101304     
 -0.412212338338820     
   4.97940956237905     
  0.393372574262886     
 -0.990066257894161     
  0.404070795148139     
  -3.56428237790927     
  0.379992913771134     
  -2.67700104740440     
 -0.614784636997754     
   2.06080009431007     
  -3.62803421769910     
 -0.934544149312529     
  0.292440050210760     
  -2.02207948927803     
 -0.348833792195781     
   3.10561962800074     
   2.45618928472520     
  -1.29855380308221     
  -11.9234611925227     
   2.25802644927945     
  -1.38526823852520     
  -2.32861488158017     
 -0.225303291596628     
   1.25209943010512     
  -5.55916782416839     
  0.628487983441924     
  -1.61582194449795     
  3.992577319318370E-002
   3.45975097188841     
  0.535654179986756     
  -1.04088429940052     
   5.51386882433195     
 -0.298103238770467     
 -0.633408297949077     
  -2.07613965970200     
 -0.500310519954534     
  -2.30983873219928     
 -0.760309147469817     
  -1.60364291265048     
 -0.615538245419186     
   7.87144252154324     
 -0.465183384833784     
  8.902485289466730E-002
  -1.57909508859378     
  -2.18756892398687     
   2.03445381498524     
 -0.799830020259999     
  -1.06669459905798     
  -3.29044443632091     
  0.796551031633468     
 -0.103554883323906     
  -1.06314297136195     
 -0.894642476699477     
 -0.372472319382496     
  -2.20941730480020     
  -1.49898944123837     
 -0.600118739131381     
  0.288595113728100     
  0.965516260514528     
  0.445314425288216     
 -0.865066520750016     
   3.29543315185849     
  0.190371314304933     
 -0.421230365729297     
 -8.485725164926325E-002
  8.769613560015271E-002
 -0.239872027090894     
 -0.421587883492819     
  0.493563964671098     
 -7.581487174575631E-002
   1.55715764840576     
 -0.558004627641959     
  -1.20672716664319     
 -0.757715462086494     
 -0.756787106409886     
  0.534800054817210     
 -0.122948930671491     
   2.62666725874430     
   2.66812146683441     
  0.381212924667542     
  -2.50025243337749     
   4.77328954478283     
 -0.831590445734893     
 -0.299508840819708     
   7.99742386509927     
   3.82954726372268     
  -1.27743964350438     
 -0.220209378812006     
  -1.44554184795763     
   2.17322413079275     
   1.62019246712208     
  -2.33619901350725     
  0.145842851992497     
  8.472119652502356E-002
  0.196318162881677     
  -2.60525020696041     
   1.19503477803125     
  -1.63211665640806     
  0.436981900580091     
   1.39248516484761     
   4.40060712478282     
   1.96217890097653     
  -2.24481220099340     
   2.31104348135420     
   2.04419546797132     
   2.24765845007539     
 -0.748116495407422     
 -6.180024761941647E-002
 -0.882732088388928     
   1.09266361923618     
  -7.01951891451134     
  0.927780511566381     
 -9.709742277495349E-002
  -1.09592044391891     
   2.37782484020611     
   6.20785717007077     
 -0.816043826315253     
 -0.719798866039031     
 -0.589970450790196     
   1.09288507957174     
   1.01642619272051     
  -1.13135821318257     
  0.280733450555470     
  -2.46620451405539     
  -1.05565528258836     
   2.20058493781066     
   1.89309124234870     
   1.05803992232251     
  0.648534799961160     
   2.22206498016307     
   8.39806870219123     
  0.204472231189435     
 -0.860592318580287     
  -2.15508005419299     
 -0.920599895639059     
  -3.28371018299972     
  -1.10691020082403     
 -0.690610659455627     
  0.225836717426584     
   1.72533100497128     
  -2.45127229577712     
   3.40523498006178     
   2.59372282751736     
  -1.08273151497714     
   3.30087061519163     
   4.87220468967293     
   4.78939032428599     
  -1.06150098206101     
 -0.449288532555923     
   1.78291592274494     
   4.00350082605914     
   2.74057796106851     
 -0.103389048851760     
   1.23060413409516     
   1.29497402624867     
  0.238203868445763     
   3.44380381621308     
 -0.679593143988226     
 -0.860573356741145     
  0.124320079112360     
   1.13525944647117     
   1.60633354329222     
  -1.43097972398497     
 -0.467827364534233     
   2.80309118734640     
  0.414434643106286     
  -3.10618961187588     
  -1.70222335213078     
   2.10877973665621     
  0.607498719028668     
  -4.12914291789487     
   5.30696040235221     
   1.22690987014844     
  -2.54002046089569     
  -1.27836084902603     
   3.90847876183499     
  -2.93374206371414     
  3.474483823386926E-002
  -1.05397376861296     
  0.852967639164063     
 -0.551169318095491     
 -0.253802199324574     
  0.223803641568293     
  0.142275886246849     
  -3.84424702345544     
  -4.39257573135645     
 -0.360902856698269     
  -2.19768548521338     
   2.01672597291664     
  -2.61291788680835     
   4.50863550386241     
   6.01444506517787     
  -2.21769724902080     
   3.33807999432065     
   3.72052561709180     
  -3.08095783977855     
  9.471300985874462E-002
 -8.346291463913200E-002
  -2.20101416551282     
  0.216041869781621     
 -0.865949080943040     
   1.24634005143708     
  -1.28544981509746     
  0.622535675607731     
  -2.30798117162246     
   1.44325488129429     
   2.62713939598901     
  0.219871230621372     
  -1.25919803766028     
  0.735140280618996     
  -1.93328115552303     
   3.49813402807979     
  0.387459442117320     
 -0.787553203109807     
   1.06435772347292     
 -0.782142460837254     
   1.27982903775905     
  -1.79662943851039     
 -0.290727409671617     
  -4.21167949085880     
  -2.32822696754891     
 -0.342828802316330     
 -0.783385967305988     
   4.94637526542964     
   2.06543367217535     
  -6.14046407153265     
   2.48706647697836     
  -3.32139742488330     
  -4.96733694393082     
  -2.83064903856386     
   5.22374667073574     
 -0.796601976893419     
   1.91997384291937     
   3.41678936340806     
  -4.26122461080466     
  -3.52774282922013     
   2.01396325676529     
  -2.60220588225339     
  -1.66376665197026     
  0.941721603741838     
  -4.04895464830925     
  -1.17188744775197     
   1.67049977011333     
  -2.22596845053614     
  -1.15566009703980     
  -7.07437626105999     
  -2.08230488241778     
  0.965061722804921     
 -0.604051192693569     
  0.664784350020555     
  -6.64404497911068     
 -0.858787464701214     
  -2.00236911831936     
 -0.146533850505099     
  -5.47999019552329     
 -0.316872886703879     
 -0.829147177521438     
  0.161075666802937     
  0.683353933991419     
  0.768719107890444     
  -1.75679453715662     
  8.610862768943198E-002
 -0.497806087584378     
  -2.32674785171399     
 -0.522064612124301     
   2.32414368277322     
  0.101076368838542     
 -0.305334529434310     
  -2.05287341426578     
  0.713145645871973     
  -1.03281976918214     
  0.266794810038319     
  0.437798944457609     
  -1.27614535901759     
 -0.883421172339162     
  0.111146126543972     
 -0.166863988830828     
   1.08619145625421     
  0.922466070798707     
  -1.10876747228260     
 -0.239501540671771     
 -0.978077489470021     
  0.648835367140790     
  0.683001067324401     
  -1.92359707848828     
  -3.55590354878365     
  0.518599544240680     
  -2.02569576065703     
  -2.89511223061740     
  0.180766112700887     
   1.23138127604998     
  0.706118452864394     
  0.545586718740442     
 -0.476296181338244     
  0.297039488994842     
 -0.331583498204600     
  0.720025131179207     
 -0.165158500283257     
  -2.08024376161777     
  0.717786596520111     
  0.338287941499268     
  0.606028980666876     
 -9.647177787094381E-002
  0.108048053187698     
 -0.328098775666190     
 -0.703553419809915     
  0.872254530753799     
  0.327829743404412     
  0.724250905182939     
  -1.16865854441623     
  -2.82027082105475     
 -0.795523594047528     
  0.811868696478756     
   2.39928420494482     
  -2.74027945681361     
   3.92163840194462     
  -3.48403306086039     
 -0.555839454916322     
   4.08191393693951     
 -0.155747692779436     
  -4.36757320522471     
  -2.14806149508438     
  -2.03387479296857     
  -2.44542223592895     
   3.50617172005147     
 -8.619734656618626E-002
  0.832636745740416     
  0.780348139125699     
   1.02280439644198     
  0.322186517426593     
   2.33276515552391     
  0.967113663393111     
  0.452988073974288     
  0.316687664602036     
  0.336774396954837     
   1.93649826209666     
  0.135198082819635     
   1.12885348450475     
  0.228401066297313     
  -1.76365197838613     
   1.51957352666382     
  -1.09757666587091     
   1.36689830439891     
   1.26748509461716     
  0.531843546607069     
   4.23692447391426     
   3.19714159579560     
  -2.79171397467266     
  -8.83585667626927     
  -3.69901397648770     
   3.83302670535626     
   2.43648653544254     
 -0.497578427068136     
   2.12120009502343     
  0.847266831190014     
  -2.30367316682990     
   1.18411697550949     
 -0.381148870096968     
  -2.78109826636933     
   3.07002761585712     
   2.29754113254920     
   5.88873732331234     
 -0.248293021162122     
   1.30411927344552     
  -5.67233641471083     
  -5.11820173682521     
  -2.92036747224952     
   5.00805880370509     
   1.28417491620620     
   3.04882561476274     
   1.75969015119913     
  -5.26008863716420     
  -1.23822331940973     
  -3.35327144238794     
  -4.29617978865547     
 -0.905450620549689     
 -0.893128263276428     
  0.809554752738277     
   2.23073409836640     
  -1.59814585577470     
  0.597604446514597     
  0.258134970385104     
 -0.778314367192960     
 -0.131387629021155     
   1.78828204248018     
  7.471656509226250E-002
   1.30055161074785     
 -7.914138743274418E-002
 -0.901951054723550     
  5.873865142583236E-002
  0.942674405140369     
  0.220913108724008     
 -2.457636216101357E-002
 -0.237031202495501     
  0.411702105742729     
  0.342110111777090     
  0.234473045824402     
 -0.483188243412737     
  0.330836734713755     
 -0.851447438056887     
  -3.45856274677065     
  0.229430908652451     
 -0.330424619504789     
  0.194078207728171     
  0.806385042821046     
   2.20519770640980     
  -1.33767283812329     
  -2.97772094285546     
  -1.27342742503206     
  -1.88753017010012     
   3.54349778808302     
 -0.737684372669319     
  0.781183168602739     
   3.57677551509423     
  0.645021953460099     
  -4.38183327972788     
  -1.71077329790788     
  0.577625658027239     
   2.31975866127963     
  0.138409817166291     
  0.625466483865582     
  0.294117440499526     
 -0.595231562683151     
   2.58583398083914     
   1.30603137057095     
  -1.64375521883087     
 -0.684200458033391     
 -0.949139475398195     
 -0.336562842930428     
  -2.18211513346865     
   2.07495516300738     
  0.560030044953660     
 -0.614760410348241     
 -0.454049044341169     
  -1.06277889697598     
  -1.41749551227702     
  0.564315055998461     
 -0.445127428169964     
  0.764890111258763     
   1.28759781759082     
  -1.52004149327132     
   2.19230812046787     
  0.169334251807613     
 -0.186969168145893     
  0.197343166955662     
   1.99272479863632     
 -0.677336118158347     
  0.190501131032049     
   1.69906938143813     
  0.425011177984940     
  -3.19252882946375     
  -4.54604592601089     
 -0.333394998453613     
 -0.458699437967011     
  0.481134768035807     
   1.07034651129886     
   1.35440368059935     
  -2.30022966325493     
 -0.904995188492460     
   3.09546170180278     
   1.58512988683724     
  0.302974168136915     
 -0.668596949397013     
  0.955998916402827     
  0.616943329799491     
 -0.601583945198100     
  -1.56497911731276     
   3.05187531422737     
  -4.54622500295191     
  0.323087791643210     
  -3.25403459840740     
  -1.75660859044871     
   1.91613528690976     
 -0.983726009525666     
  -1.04366064575003     
   2.13517508318300     
   3.42125524076079     
 -0.605829574799629     
 -0.789090988926344     
  -1.61556063428599     
  -2.10709832588631     
   4.75783634010608     
 -0.186174789082989     
 -0.789114927497640     
 -0.940657661535479     
   2.22716679374001     
  -3.83318638895367     
 -0.639881716488670     
   2.17763043379431     
  -4.69268753783741     
  0.559671512313638     
  -1.59313929085918     
   1.03748567525601     
  0.933655905968092     
   2.62455272512981     
 -0.587875612542118     
   2.96150456081120     
  0.149388279262417     
  -4.95100992120231     
  -1.54765275274210     
  -2.85910287544048     
   3.10340035891096     
  5.076846148259950E-002
  0.177463810344374     
   2.27279158079839     
   4.55004475666575     
   2.82381816736767     
 -4.624719954615859E-002
  -1.20849405803216     
  0.712886025614440     
  -2.86286024615089     
 -0.837912681643447     
 -0.538278208090781     
  0.832875654409775     
 -0.724826092505170     
 -0.389246213430944     
   1.42565576430102     
   1.88613379928943     
 -0.247947879448495     
 -0.286828759247454     
   4.11625442100371     
  -2.16534406473002     
 -0.116431165675615     
   2.04086311877955     
  -2.29637227477544     
   3.10118486005814     
 -0.867568661654325     
  0.454801196734834     
   1.62426088523654     
 -0.104436689943173     
   1.03143585746248     
  -1.67269804011733     
  1.171411030519535E-003
  -1.77042691536055     
   1.85721667294247     
   5.42435569754092     
   2.76888644925185     
  -1.46234197365034     
 -0.566254577287494     
  -2.13314509019304     
   1.96902375600981     
  -1.56904017320793     
 -0.201756887092083     
  -2.47947505768785     
   1.01891514644707     
  -1.00466799325589     
   3.00992231611145     
   4.89969322083861     
  -1.34354628660869     
   1.90717642476336     
  -3.87226722771947     
 -0.948228180473589     
   4.31651087921694     
  -1.85369880666117     
   2.71865261053431     
   1.42741575592958     
   2.44321090397369     
 -0.417452953367684     
  -4.11063643509395     
  3.944613052780695E-002
 -0.588550051989236     
 -0.148923202590426     
   1.39038464451397     
   1.21302469948376     
  -4.22625232255610     
 -0.621184904908607     
  -3.29781742183300     
  0.561334896347639     
   1.11565626228300     
  -1.28620319558415     
  -6.43443431962211     
   3.20212985210062     
  9.029763749481763E-002
  -1.09619002992498     
 -0.866303433106229     
  -2.76981800463189     
  -2.39272587179247     
  -5.13814427577129     
 -0.971752169348816     
   3.85169821326130     
   2.01770825959945     
 -0.302452495953298     
  -1.87153215496317     
 -0.957375374570014     
 -5.392219012087641E-002
  -1.71900862828757     
  -1.16337834654563     
 -0.263986084050354     
 -0.512071485002497     
  2.736422808742916E-002
  0.140190064844532     
  8.120454373322319E-002
  0.400781336207673     
  -1.31781020911186     
   2.20329546915082     
  0.281413626451499     
  2.570272984574970E-002
  0.158857373847662     
  -1.47462124135589     
  0.665422091440185     
  -1.94245761102819     
  -1.02018955349199     
 -6.080344409996914E-002
 -0.207272126271454     
  0.531154192065637     
  0.485575128052031     
  0.187885071441217     
  0.144227864713472     
  0.583125415796693     
 -0.493230294658509     
 -0.209253711684806     
 -0.668083570137108     
  0.907532737366390     
   1.55877573836624     
  -2.03310775438049     
  3.077803716155367E-002
 -0.315821012419496     
  -4.62179479062548     
  -2.60588678337313     
   2.66773252104487     
  0.105983509557786     
  -2.44743241257876     
  -1.01707107735634     
 -0.820387939748506     
  -7.82958675777901     
  -3.00258882537822     
   4.12839385504286     
  0.173818880665145     
   2.87767834760689     
 -0.320975347473629     
  -1.97231096620032     
   2.49840959272808     
 -0.374418488965894     
 -0.892249015071037     
   1.25823290188370     
  0.267792152147042     
  0.780267087492534     
  0.826043757980615     
 -0.215076907068440     
   3.18359123432837     
   5.04658306635567     
 -0.285507996563026     
  0.785049446000129     
  -1.29338570079016     
  -4.12577707797773     
 
  6.687258421850593E-002
  9.780321168186006E-002
  0.534178786856947     
  -3.41545718810565     
  -1.49644558757497     
 -0.514593054988744     
 -0.750193669203858     
   2.55691769966813     
   1.37838700136171     
   1.93979256876272     
   1.22528866966161     
  -3.83480382556309     
   4.20280716614870     
 -0.584748951462745     
  0.953439155739345     
  0.162137900529309     
   5.84536090379075     
  -2.42588288032271     
   2.01862892523138     
  -1.17934901029471     
  -1.54031442756595     
  0.297527817368386     
  -2.65365358243296     
   1.59380403642196     
  -1.66242255838406     
  0.643399996744230     
  -2.65409093992081     
  -1.75128621365665     
  -1.80223947127189     
   5.88562082720509     
 
  1.695719410394804E-002
  2.564669448052724E-002
 -0.191382086767259     
 -2.212089145288092E-002
 -0.194023391767508     
  0.137182791706516     
 -2.449604525725042E-002
  8.466705440688357E-002
  4.508316386955145E-002
  9.069684175932657E-002
  0.292207877304643     
 -0.185043305791313     
  0.153226089021095     
 -3.428148007360160E-002
 -3.860339996514409E-002
  5.470875251437152E-002
  3.121982918876149E-002
 -0.285470836556491     
  0.277645322256434     
 -0.178608749454770     
  3.112208405341685E-002
 -0.320909147432919     
  5.774346023766364E-002
 -0.134322285245640     
 -1.772404823821245E-002
 -6.961851818296738E-002
 -2.051212540112510E-002
 -4.921382597341388E-002
 -0.514445983878246     
  8.039495113174733E-002
 
 -6.796993440332245E-004
 
  tansig  tansig 
