 0.759677203354874298E+01
 0.212745922191070314E+01
 0.499442557489900807E+01
 0.163755827011293107E+02
 0.233169272524108084E+01
 0.112666598585900490E+01
 0.120984811938445835E+01
 0.953759126130843460E+00
 0.906224280459052700E+01
 0.516620031479504832E-01
 0.273820824441890834E-01
-0.675289516242289278E+00
-0.209163031477190459E-03
 0.333486011662650750E+01
-0.312672210476312232E-01
-0.159432102617322290E-01
 0.794073988937655573E+00
-0.746837519345357470E-01
 0.241968022105663572E+01
-0.240354834373787719E-01
-0.159447635578730193E-01
 0.563546006431204227E+00
-0.736199902448648053E-01
 0.169942638053682837E+01
 0.153036143150279413E+00
 0.135909232318051298E+00
 0.148785061649852474E+00
 0.312456884468232499E+00
 0.584097881125853591E+00
-0.326189308020611093E-01
-0.382184951156647745E-01
 0.340618530694092703E+00
-0.340056402397273805E-01
 0.123677171602648706E+01
 0.311812826623903028E+00
 0.401513323815473389E+00
-0.683261130306314218E-01
 0.427581204093639144E+00
 0.752097175211227098E+00
 0.569323457023917789E-01
 0.787665117145799065E-01
 0.597475829941245595E+00
 0.161457533783900181E+00
 0.114137681788200784E+01
 0.963503917488880007E-01
 0.139625843851245823E+00
 0.664096391744898651E+00
 0.375474950073425795E+00
 0.654583858292239196E+00
-0.340187434033549715E-01
-0.544415515629343150E-01
 0.117612594947867133E+01
 0.880914622350804227E-01
 0.280862154739982328E+01
-0.345442977434884557E+00
-0.616027736789438451E+00
 0.927203092509336968E+00
 0.117363054481662243E+01
 0.746794500919278725E+01
 0.404479602714230072E-01
 0.830718100508400087E-01
 0.453201691549764973E+01
-0.343898002279774850E+01
 0.752565834976801540E+01
 0.146275839510502403E+01
 0.358757596801495549E+01
 0.144312645095698162E+02
-0.319658113669057053E+01
 0.486761971879252364E+01
 0.107173091463700598E+01
 0.290075738501319202E+01
 0.363099178815827912E+02
 0.106296407178599956E+02
-0.157934265803402560E+02
-0.273819091397867043E+01
-0.872556415982741029E+01
 0.828344632593906596E+02
 0.245652836650352349E+02
 0.119814817213523654E+03
 0.810016218823322731E+02
 0.322738316974736872E+01
-0.384605028408746641E+01
 0.200333816617698490E+01
-0.231156428580299043E+02
 0.118559700107127708E+01
 0.510622945241574033E+00
 0.204214728324853656E+01
 0.202239059981395380E+00
-0.883657827806406360E+01
 0.612602520527965461E-01
 0.319870980505737174E-01
 0.801979234461429491E+00
 0.951478576026335843E-01
-0.330163026664217929E+01
-0.282825909078372600E-01
-0.188170121312309022E-01
 0.540503469397033864E+00
-0.415377564496279619E-01
 0.165235592344266013E+01
 0.347124930137728688E-01
 0.272492990631712471E-01
 0.451249190410669632E+00
-0.479654583547655528E-01
 0.116532665159999627E+01
-0.447943904763792380E-01
-0.367804939613003215E-01
 0.312449682642715332E+00
-0.142057137173714931E+00
-0.319235140784247640E+00
 0.644819021715783564E-01
 0.524490127980715218E-01
-0.110396501945061246E+00
 0.131691237570930986E+00
 0.631890056482914630E+00
 0.107029705302817495E-02
 0.103557661319744147E-02
 0.189548309011752625E+00
 0.611510344801787509E-01
 0.486128491380852956E+00
-0.370097786318919972E-01
-0.385753384123280335E-01
 0.151254231402100786E+00
-0.340422811571404582E+00
 0.486018074988965765E+00
 0.277761609346444879E-01
 0.331130426165161043E-01
 0.117034259278502348E+00
 0.139438367981257472E+00
 0.736175713184230140E+00
 0.125543063825151013E+00
 0.164350683831308297E+00
 0.256822365197680647E+00
-0.175951426318114418E+00
 0.134836256617565109E+01
 0.115325595394791217E+00
 0.178816220244335938E+00
 0.503429988030076436E+00
-0.111001202246010025E-01
 0.100445673755022447E+01
 0.202801217360692898E+00
 0.392144028289053925E+00
 0.857255013109374353E+00
-0.528536408513474609E+00
 0.343027656217271515E+01
 0.851017329894151131E+00
 0.179800377065157102E+01
 0.211427670152332725E+01
-0.220557783177871114E+01
-0.175410920581989344E+00
 0.389701972998535082E-01
 0.990354632868770679E-01
 0.584321940673880302E+01
 0.329704216914124881E+01
-0.417589910009978116E+01
-0.622051946401225742E+00
-0.176477704146912284E+01
 0.127566124380103911E+02
 0.678765555142232113E+01
 0.107172401058836950E+02
 0.208775605960270667E+02
 0.355082498036702709E+01
-0.333025458067169877E+01
 0.573919205051042347E+01
 0.144232247786841246E+02
 0.108341339470087727E+01
 0.360687498632673853E+00
 0.159021854937997609E+01
 0.217336196540296907E-01
 0.195820838125241448E+01
 0.568960972277823412E-01
 0.238864106729492071E-01
 0.798732690237252463E+00
-0.649486125260526209E-01
-0.325850575184793545E+00
 0.159343445470100847E+00
 0.731655188104402832E-01
-0.379105960144389187E+00
 0.319601958743344960E+00
-0.662850772729159710E+00
-0.271039414627837552E-01
-0.158973106565717288E-01
 0.218786128905970184E+00
-0.247877340988472590E-01
 0.496538975236824442E+00
-0.976315449809776921E-02
-0.661543304055871393E-02
 0.128702135979700150E+00
-0.324311293534313913E-01
 0.414474529023358573E+00
 0.327322980266496338E-01
 0.275748160660815693E-01
-0.323633783618023224E-01
 0.773523768516159310E-01
 0.208644782002155055E+00
 0.368335275907243857E-02
 0.345961745511805989E-02
 0.146540787330273425E+00
-0.360076515872611302E-01
-0.946434356440766233E-01
 0.942175796469022983E-02
 0.993910226394454158E-02
 0.103183498166776536E+00
 0.187201680003030932E-01
 0.160180175843880612E+00
 0.677319147123747571E-02
 0.803873292552446939E-02
 0.874755997576958794E-01
-0.574545855430706135E-02
-0.952963670939862839E-01
-0.120563804472748927E-01
-0.157652761723443627E-01
 0.117095003165666192E+00
-0.304848136939479680E-01
 0.325591449545664158E+00
-0.170246204567352441E-01
-0.278960107945872213E-01
-0.107018263522711075E-01
 0.317593324983614089E-01
 0.714104227497241451E+00
 0.305402207719631565E-01
 0.533140082042196442E-01
 0.460072132361852459E+00
-0.185743302229108911E-01
 0.303931203695458341E+00
 0.630462321241847812E-01
 0.129490140857904279E+00
 0.931216139529417397E+00
-0.297825231897757732E-01
 0.190497248760691656E+00
 0.271176259471896330E+00
 0.622039516656705205E+00
 0.423243754427288288E+00
 0.605543297113212420E+00
 0.221139140787821420E+01
-0.412723381845991055E-01
-0.111339978206655144E+00
 0.252549062812048231E+01
-0.291352716880860452E+00
 0.607342354023299169E+01
 0.914295020165765471E+00
