     48 -    30 -    30 -     1 
rmse=  40.2612meV
  0.226491767925710     
 -0.370082651340546     
   1.61620428885600     
 -0.640741020298729     
   1.25855104656260     
  0.625860520710477     
  -1.34220583631959     
  8.549355304323478E-002
 -0.450454029764413     
  -1.56247384765423     
  0.678212180375384     
  0.204884351438333     
 -0.655016597726157     
  1.696484461892434E-002
 -0.205632347298468     
   1.33280190906251     
 -0.254965770598883     
  0.664253875311444     
  0.228938706027676     
  -1.00717399223260     
 -0.152578632365499     
  0.914508262222812     
  0.231600952521665     
  0.600971183337347     
   1.16512015421699     
   1.67598517649895     
   1.32336542457248     
  -1.25174207170280     
  0.783583272713471     
 -0.219585691546532     
 -0.240180190400653     
  0.520598707750071     
  -1.38602005776671     
  0.669062198494090     
 -0.639855351189117     
 -4.758750631297556E-002
  0.226851929560756     
  0.191366889995347     
 -7.867335803456196E-002
  0.426930352622890     
  0.274185167258209     
  -1.16247918116440     
  0.208304961751956     
 -0.126299870951186     
 -5.435719007600897E-002
  0.522635772807995     
 -0.262219580974978     
  0.271407536081340     
  0.165525562071928     
  1.750596884673794E-002
  -1.62929618512777     
   1.04572068666114     
  0.389417144648178     
 -3.149697566780216E-002
 -0.579746865773839     
  8.499714277739748E-002
  8.157108628736993E-002
  0.132059321736045     
 -3.906968623057935E-002
 -0.203658030443695     
  0.559599005329882     
  0.656085659556788     
  0.140568226643159     
  0.561412564852221     
  3.990909547586369E-002
 -0.332151937318949     
  0.707029137129388     
  0.157964397255987     
 -0.611967215591419     
  0.598394096142540     
  0.568775899012273     
  0.109407778647130     
 -4.340021258857332E-002
 -0.463328806873162     
 -0.403697185994397     
  0.826054966071792     
 -0.339257877130103     
 -0.572487012216749     
 -0.226870782665486     
 -0.277809107376532     
 -0.276886530443211     
  0.414403903165203     
 -0.552274482807880     
 -8.592628701411972E-002
   1.19773383036663     
  2.845518773485461E-002
 -0.417639583898852     
  0.174057904801698     
  6.497824227992310E-002
  0.344661321255604     
 -0.215544167957851     
 -0.290245433755410     
 -0.412355266606495     
  0.629625446113620     
 -0.604633812993802     
  0.204861049746673     
  8.304846454798032E-002
 -0.484542710762481     
   1.65139331583786     
  -1.22981131984991     
 -0.113196968548490     
 -0.324215426958276     
  0.226675436156919     
  -1.11898074655341     
  0.800904158620124     
  0.784808640491825     
 -0.993046743968351     
  0.117372679106589     
   1.05377297291622     
 -0.767786545004956     
 -9.624895153412683E-002
  0.201480770590153     
  9.203681584378398E-002
 -0.985076890475925     
 -0.282812619608920     
  0.830940066169085     
 -0.181591292274201     
  -1.29000526113570     
  0.263410779573057     
  0.801094250018841     
 -0.368448173918025     
  -1.05604801233205     
 -0.895514978076454     
  0.531563658276058     
 -0.717134573518538     
  6.527058875764247E-002
  -1.00318701842482     
 -0.257558925424169     
  0.935128631185406     
  0.330292150742982     
 -0.251048136239684     
  0.562332060445405     
 -0.267480009813126     
  0.208309281161786     
   1.64157260108236     
 -0.562980311258999     
  0.129369534248881     
  0.688735677331219     
  0.362178673343602     
 -0.873197604088038     
  0.819014021800490     
  0.819696838281104     
  0.658526571445772     
  0.225351760444438     
 -0.552613631537961     
 -0.205687398961166     
 -7.150027179674476E-002
  0.412225933529203     
  -1.16579044457097     
  0.954058990943782     
  0.112352758004058     
  -1.51799153046335     
  0.612949732071189     
 -5.107239698153089E-002
  8.060826550617592E-002
  0.911482841386159     
 -3.221121221911732E-002
 -0.906377332618965     
  0.208498661788720     
  5.041714809235089E-002
  0.431656313661352     
   1.34704478405242     
  -1.23661115523343     
  3.510186342902844E-002
  0.439936754289769     
 -0.237470630323508     
   1.03893340760723     
   1.36922530635946     
  0.517451594133459     
 -0.838904063489939     
  0.525060946769708     
 -0.574301550686133     
 -0.683089853961817     
  8.176587632842190E-002
  -1.16298750588167     
  -1.01208193815319     
  -1.08210615397076     
  0.192870452353642     
 -0.159042867003458     
   1.35223245385452     
  -1.15077350699398     
  0.448345305815834     
  0.371333980235232     
  1.000610439394002E-002
  0.455452281299492     
 -0.274047976446936     
 -0.790101335023427     
 -0.434048170255651     
   1.98390221149366     
 -0.813075476479908     
   2.48348905899336     
   1.22012485870379     
  0.256588442506886     
   1.03062724790820     
 -0.543233024133259     
  0.859816843737717     
 -0.769644333564297     
   1.71021551023570     
  -1.15505320451117     
  0.687166896801801     
  0.574756821359524     
 -0.180077692061014     
  -1.27028372734838     
 -0.187139141094284     
  0.290937277818279     
  0.944562685294153     
   1.03165013266310     
 -0.886074561088730     
 -0.612912182686501     
  0.642436106868569     
  0.704060494652920     
  -1.38497759117799     
  0.617481288969275     
  1.558741429970429E-002
  0.443183575383340     
 -0.539718072049169     
  0.700677948737538     
  0.501907267764641     
 -0.435053963385332     
  0.768924353060919     
 -0.591150418478528     
 -0.500549382669003     
 -0.642390740456481     
  -1.18416495275434     
 -0.660666319386625     
  0.102990449270147     
 -0.287708145308560     
  0.672582654063746     
 -0.411593109209370     
  7.218337896927757E-002
 -0.142654889931786     
  0.508054960932223     
  6.917123791732069E-002
  0.107610559081839     
  0.830188867299708     
  0.257669068250471     
 -0.509474216961733     
  -1.78707810597518     
  0.673586249863958     
  0.866361160187338     
 -0.137642659147423     
 -0.470802171862134     
  0.995862862283014     
 -0.580438853297299     
   1.85842217878444     
  0.400383966486355     
 -0.768154934440557     
   1.16398343167392     
 -0.584190030988325     
   2.38050493386043     
   1.07961426689508     
  0.600068511416239     
  -1.69391912947040     
  -1.67245725398849     
  -2.34571717651551     
  0.918706027625146     
 -7.076156654991533E-002
 -0.177467822585944     
  0.878748785016321     
  -1.80344759772017     
   1.08375977144201     
 -0.265549121142366     
  0.252331366337527     
  0.533323894902619     
  -1.52729194329960     
  0.407427058795807     
  0.618515216261593     
  -1.24830044121676     
   2.13939715764837     
 -0.610467757870561     
 -0.441127805323460     
   1.67773864197786     
 -4.564826460108579E-002
  0.668095187760536     
  -1.45747730681865     
   1.04171798735694     
  -2.63305696765856     
   1.40479174686187     
  -1.46501533314255     
   2.10988757475837     
  -2.92576557848922     
 -0.211880102410016     
 -0.611421606357995     
  -1.90979584190711     
   2.12557825184720     
   1.94150338650981     
   1.65569039796617     
  0.704350615359276     
 -0.366371639806913     
 -0.263605614507209     
  0.857544780637544     
  -1.31108568689061     
   1.05930343645303     
 -0.741638377528110     
  0.173617393258752     
  0.680509236267939     
 -6.250491605616794E-002
 -0.615905685540863     
 -0.337575085407235     
  0.793491407008724     
  0.707182026444019     
  -1.00104146945656     
 -0.356587905600474     
 -8.131998797140508E-002
  0.338178978484358     
  0.976426148633081     
  -1.75567800177971     
  0.328710752783828     
  0.201198291870855     
  0.663484559922802     
 -0.235081781427196     
  0.197320724459332     
 -0.160902170942461     
 -0.230591108139092     
  4.174962120443756E-002
  0.204782119644777     
 -0.272768939835824     
  0.368956059191774     
  0.567883113806484     
  0.520459627453748     
 -0.617876831834563     
 -4.333840199288373E-002
  0.677825950394861     
 -0.911365246922917     
  6.931460084986904E-002
  -1.91946834060871     
 -0.816532222180095     
  -1.27070231112220     
  0.594469934976559     
  0.644609748222893     
 -0.450583874269507     
  -1.06559912784682     
   1.04894093157757     
  0.829331714932095     
  0.231041769243131     
 -0.101744024678798     
  0.600211961810549     
  -1.04384476630457     
  0.801792410667929     
  -2.22620944686749     
  -1.66323730502654     
   2.81064439513867     
 -0.811828334273005     
 -0.526433569204502     
  -2.34152686097005     
   2.62235912287894     
   1.32322149332944     
  -1.06422356092193     
  -1.42978454548731     
  -2.94745262153633     
 -0.791545134375426     
  0.860030811831033     
  -1.41182514582971     
   1.37089933025209     
 -5.867997036286569E-002
   1.45049674758778     
  -2.05796276756725     
   3.24508095172002     
  -1.39201176471760     
 -0.630348960079516     
  0.390677820753194     
  0.860908222506289     
  0.206784420820984     
 -0.733496922146900     
  0.907322698614182     
   2.79959478547628     
 -0.593977602712231     
  0.191029747183415     
 -0.551886161976557     
  0.880304300022170     
  -2.20408513380897     
   4.11879199951067     
  -2.76691766711560     
 -0.320686961965590     
  -1.16820928737229     
   3.52415467608372     
  -2.61077944387907     
  -2.62297347244142     
 -0.466876550824022     
   1.40128512544283     
   1.72918754404529     
 -0.377316895761180     
   1.08250270633792     
  0.315210638618386     
 -0.105889451639371     
 -9.608587451206777E-003
  0.631383841409802     
  0.590329185637209     
  -1.17252010020699     
 -0.436387687054270     
   1.83831586250630     
  -1.23984862851333     
  -1.25822560175715     
   2.12245783995458     
   2.14371971893025     
  -2.54016238212987     
  0.473240496401077     
 -0.479853444618122     
 -0.475040272969846     
 -0.213511581579682     
 -6.215523018821702E-002
  0.560688185263333     
 -5.514578327614449E-002
  -1.63414826543495     
  0.844029102962693     
  0.652170976786352     
  0.803008064457135     
  -3.05554708693418     
   1.11112542899330     
 -0.345836447630947     
  0.223934578917573     
  0.615634410380471     
  0.797355109388696     
  0.567768643400947     
  0.142939904723656     
  0.685486133041246     
 -1.051561044265440E-002
 -0.847135636572983     
   1.05824942376260     
  0.183628167805500     
  -1.27668475088304     
  -2.03161689615701     
  3.086227025940101E-002
   1.12200671754488     
  -1.60172607978150     
  0.300935873657027     
  -1.23595853218732     
   1.76934521548335     
  -1.02005739380238     
  0.996843829972129     
 -0.741297275281770     
 -0.797732189565966     
  0.155365161568836     
  0.240970321490268     
  9.422782322496914E-002
 -0.866659652517992     
  0.581694334865234     
 -0.774598405342116     
 -0.370485529273804     
   1.14873792690428     
 -0.490936578923537     
 -0.247699998261442     
  0.300066685651064     
  0.808040702567807     
  -1.60569490505234     
  0.179406236484004     
  0.701002582273831     
  -1.71833944195074     
 -0.246275457879446     
   1.31526493263453     
  -1.32526042528526     
  0.223635110670829     
  4.619844340910421E-002
  0.247637504937612     
 -0.404669240721332     
  0.194686664630410     
  0.216142544674000     
  0.397343001112338     
  -1.59091509438078     
  -1.39048710539652     
   1.05027292248800     
 -8.516233336541087E-002
  0.899587381470564     
  0.987985084004633     
  -1.65879228726764     
   1.02645133202727     
 -0.432371773676392     
 -0.247191438658940     
   1.31961165537961     
 -0.667110898187666     
 -0.443481386318300     
 -0.651647575322021     
  2.322684241837611E-002
  0.481270134667233     
  0.531412403610914     
  0.515454630663546     
 -0.101619610343676     
  4.943013716570482E-002
 -0.597056730535529     
  -1.48427490167093     
 -6.472727064557088E-002
 -0.554239175389508     
 -0.474998725769188     
  0.400925712961309     
 -0.682587678928934     
  0.224189561293836     
  0.437294998117876     
  0.116598122842837     
 -0.358626169526274     
 -0.640202463882782     
  2.394319811603436E-002
  0.115174751957564     
 -0.158413482228580     
  0.513684211806703     
  0.159698640730210     
  0.240693623559254     
 -0.112715514578228     
 -2.344954187060520E-002
  1.037569567763035E-002
   1.33713303503320     
  -1.26094237443494     
   1.15204035417661     
  1.098600480603349E-002
 -0.345236532981466     
 -0.140105818786408     
  0.282244356171815     
  0.456782346647267     
 -1.431127756410635E-004
  0.130038731910802     
 -9.805631902537611E-002
  0.164571358060870     
 -0.241636617076967     
  0.962833073975219     
 -0.731856108310182     
  0.112544726922104     
  0.734676413529318     
 -0.593863698009684     
 -0.516562376758733     
 -0.589147482791161     
  7.360894178133799E-002
  0.358448291699892     
 -0.172120905046003     
 -0.391733694712758     
 -0.349391493338606     
 -0.399379741629381     
 -0.269928457907605     
 -0.190498551920927     
 -0.482270166728117     
  0.140405426116906     
 -0.130945052329675     
 -0.817053449249629     
  8.052751487940522E-002
  -2.56323522932891     
  0.730797724608315     
  2.876319671658238E-002
 -3.362041304302925E-002
  0.179356175543650     
  8.855614497163239E-002
 -0.275202074936022     
 -0.330786641146566     
   1.37938077659820     
  0.141780092345156     
  0.579707089820745     
 -0.654483921407925     
 -0.216026377896854     
 -0.962412119447943     
  0.757263615625486     
   1.49713206043480     
 -0.852973941871527     
  0.323192126562368     
  0.482289589471819     
 -0.210611966954896     
   1.02835415400640     
 -0.264763435142558     
 -0.132871359558648     
  0.748691544022866     
  -1.32979466050927     
  0.355156824212909     
 -0.470443424640875     
 -0.692888803157580     
   1.57697136061007     
 -0.386983579219050     
 -0.167223506084251     
  0.952576468272507     
  0.132322114697047     
 -0.275023371214355     
  0.728724877268700     
 -0.236851812980965     
 -6.574208096507950E-002
  0.800354255843789     
 -0.109204750276026     
 -2.771020440316889E-002
 -2.885912121096617E-002
 -0.284703804804131     
   1.03665078429648     
 -0.406538328114835     
  0.359259536919844     
  0.133804256458398     
  0.215188530753617     
  0.964976355604588     
  0.125534181566125     
  0.140777006134414     
  0.143396464142060     
  5.751803956523385E-002
  0.170380461048316     
 -3.228482790147401E-002
 -2.948200719838632E-002
  1.220444164738847E-002
  0.371086546692663     
 -5.585113097152750E-002
  0.223058055271696     
 -0.160613375112879     
 -0.323068812568415     
  0.103026287842746     
  0.104832886407160     
 -0.680786767818410     
  0.343630520200140     
 -0.334864303396351     
  0.353162519032376     
 -5.577178329507431E-002
  3.966894497167324E-002
 -4.227887747649232E-002
 -0.198457391549141     
  0.428783580598055     
 -0.226123823924793     
 -0.136306039823071     
 -7.696753713749091E-002
 -0.360682295366512     
 -0.564673008502027     
  0.451710102042869     
 -8.236926367959818E-002
 -0.245221303923150     
  0.172588317295947     
 -0.118100393723775     
 -4.758833194708132E-003
 -0.121349569813127     
  7.339931787506186E-003
  0.264437918526282     
 -0.101759717928050     
 -0.187442532592603     
  0.204999792362690     
  0.216581935674801     
 -0.199564296869635     
  0.404112386829990     
  -1.45581057401305     
  0.444278060483600     
  -1.52399129260426     
   1.51840893153687     
  -2.51731876877756     
  0.178132042280695     
  0.495093586430047     
   1.39751582428017     
 -0.490127043917354     
  -1.04528505229755     
  -1.78270341572636     
   1.79532038790005     
  -3.33786404372738     
 -0.203670980781739     
  0.518840703301832     
  0.606916747234080     
   1.98536445882664     
 -0.572088203506117     
   1.12920701392120     
 -0.299552251212776     
  3.716603405691911E-003
 -0.426620326102528     
 -0.471790513809602     
 -0.522914715819945     
  0.776365705715773     
  0.537508892710465     
 -0.768916137005128     
  -1.86263414964349     
   2.10431694293720     
 -0.343175993270438     
 -0.176064847977564     
  0.155528292944021     
 -9.033489571174835E-002
  -1.04908246403270     
  0.564855342475642     
  0.963346887321236     
 -0.669694718870175     
   1.74949275185586     
  0.785896264359829     
 -0.143989473854138     
  0.145941906968901     
  0.992082621684013     
   1.08384739534305     
 -0.513287223531225     
  0.187748477806884     
 -0.195146194439687     
   1.50059380232197     
  -1.48245492235544     
  0.668376697060620     
 -0.953812278386795     
  0.370405317135630     
  -1.17796277025643     
 -0.569587874768577     
  0.714383992202895     
 -0.579726365394609     
 -0.921042681579501     
 -0.187203544241561     
 -0.409205357740781     
  0.533009290787376     
  -1.38843091713304     
   1.23962665846343     
   1.23420386791136     
  0.550225086860475     
  0.104330059225520     
 -0.800030054714752     
 -0.983452855945910     
  0.227993975572124     
   3.50420160823370     
  -2.34682393675506     
  0.923085445929890     
   1.69158052082547     
  0.515757096272331     
  0.519359526721300     
 -0.221680801420996     
  0.740635910953967     
   1.03360393822568     
 -0.877128648915363     
  0.120805159075719     
  0.383498187188336     
 -0.780014084322739     
   1.16861286039751     
  0.601596718050521     
  -1.10779442937969     
  0.160531546243769     
  0.726738835190510     
  0.686562597085238     
  0.886181474399697     
  0.688571953656122     
  1.604563321403349E-002
   1.11974694643356     
  0.181996127910155     
  0.202401078752509     
  -1.33428404677375     
 -3.080179633984897E-002
  -1.39302272724909     
 -0.537607851077359     
 -7.056824787863858E-002
   2.01800074447468     
  -2.61802405286170     
  0.808346555324264     
 -0.386682552166058     
  0.115083463320977     
   1.36819013687456     
  -1.31809449427010     
  1.480358911454585E-002
 -0.156904608891899     
   1.74520560205507     
 -0.580832250418187     
 -0.414688605859940     
 -0.647776824744217     
  0.626611974756911     
  -2.55356025510436     
  0.473710818375919     
  -2.28015000881219     
  0.447388475454124     
   1.73959330076122     
  0.387737309077692     
  -1.92287907406612     
   2.80287331358899     
 -0.210430039135865     
   1.06256642357083     
 -3.090897854537328E-002
  0.506605916267874     
  0.507822932061974     
 -0.360961797362343     
  0.597483997062859     
   2.83506920466737     
  -1.79914655844566     
   1.63653986554474     
  0.555471471523467     
 -0.160861721603878     
 -0.948540524070840     
 -0.865931652392481     
  0.280887208197857     
  0.850880920855260     
  0.548135718864007     
 -0.577844091517111     
   1.59657245329537     
  -1.38575327998112     
   1.99228210247596     
  0.475265735264536     
  -1.24849286901811     
  0.307644920275499     
   1.59531123999674     
 -0.915117559661464     
  0.881164220019075     
  -1.16329512794540     
   1.50187634991922     
 -0.405818144101397     
 -2.627055827657551E-002
 -0.435440604324734     
   2.51919661390416     
 -0.201878092814570     
  -1.37315447449014     
 -0.159686042744049     
  0.119874533244330     
  0.128057826272399     
  0.598111006194849     
  0.543586585249030     
  -1.37980327859287     
   1.42153937980184     
 -0.180874949534673     
  0.451534749743859     
 -0.986832933180353     
  0.329613228187520     
  0.896174188322163     
 -0.329918825131683     
  -1.08852537108517     
  0.414547397162077     
   1.13999001403346     
  0.591579259573962     
  0.168135494525396     
 -3.832734479533693E-002
  0.558476289510108     
  0.595780798564817     
  0.139892953479916     
 -0.679235042194491     
 -0.321958599220058     
  0.592491499585114     
 -0.778544054319102     
  0.846057281352727     
 -0.520676245496867     
  -1.30059176393094     
  -1.13991361058240     
  0.425920427679936     
 -0.107931944505428     
  0.423776417887562     
  0.310900890740887     
  -1.04080281826763     
  -1.00955505207707     
  -1.35539962972810     
 -0.533265497435611     
 -0.404394139086770     
  3.128801093620701E-002
  0.716983001426430     
  -2.33841701696503     
 -0.757379122103430     
   1.05609164869248     
 -0.218082891319379     
 -0.667971546755566     
  1.417936917118537E-002
  -2.27827213397514     
  -1.80272320729381     
  0.812022319589875     
  -1.86381939704925     
   2.28017996139041     
  0.919276272847551     
 -0.370327762669120     
  0.234845362066079     
  0.489611979773461     
 -5.635316550259780E-002
  -1.55862459404183     
   1.87552914443654     
  -2.02012562213972     
   2.74623292967477     
  0.505010998088078     
  0.475928216682141     
 -0.308811898123426     
  -1.48576654378234     
   1.04434688607358     
  0.851301563556569     
  -3.18956424445999     
 -1.713341979103392E-002
  3.708330467082730E-002
 -0.444736588529522     
  0.207761583192534     
 -9.985139429259542E-003
  0.124694434650765     
  -1.30692037571381     
 -0.241800653600418     
  0.325023568711733     
  0.310489822372724     
   1.93025334834145     
   1.78657280656968     
   1.31375981518049     
  0.574125401240104     
 -0.337025298322273     
 -1.434371128180947E-002
 -6.705185631547678E-002
 -0.579951766759205     
   1.17943015122163     
   3.34826330099153     
 -0.122467775585762     
   1.31027619818838     
  0.153741654199807     
   1.00136214651038     
  6.702690564921438E-003
 -0.585226247372515     
  0.565742800242468     
 -0.216696186979559     
 -0.276139775459407     
  0.470160542484947     
  0.748839162628096     
 -0.844503693529854     
  0.269984325038694     
 -0.189464655108441     
  -3.27921905184997     
   2.66989675100830     
  -1.05882725785524     
  -1.01985046820280     
  0.420478662590138     
 -0.411639783110920     
 -0.722563957723737     
  0.540727374983549     
  0.160203124751705     
  -1.32785267477388     
  0.184518663982524     
 -0.136567467205468     
 -0.805377128966171     
  0.919858328397221     
 -2.263314231854516E-002
  0.311697539611830     
  0.279314420476806     
  -1.04737593301383     
  0.474249521916247     
  0.348579120499062     
  -1.36177255468720     
  0.696293293815048     
  0.906681519736727     
  0.307639680361239     
  0.821383260447811     
   1.02549251973092     
  0.331226780870000     
 -0.127603381748238     
  0.664955932093134     
 -0.676272556363634     
  0.527690714750328     
 -0.553261208874458     
   1.14781555107789     
 -0.785605074899139     
   1.89966597087916     
  -3.21963732013168     
   1.78084329614898     
   1.29351909596560     
  -2.75435263359494     
   3.64358134462820     
  -2.44268433097295     
  -2.57334759306095     
 -0.762131570058816     
 -0.398655682589280     
 -0.938950151064084     
  0.329279152076914     
  0.590374794751724     
 -0.794783606326400     
  -2.09930869924957     
   1.47687040331783     
  -1.47618118993714     
  0.568681657936784     
  -1.12391054084444     
   1.05248440543825     
  -1.75847699108430     
 -0.311753653167064     
   3.78135991806306     
   2.02613091795234     
   2.48278345015049     
 -0.863802692457232     
   1.10871794104500     
   1.43915218253786     
   1.13861096394351     
  0.432984500740822     
  -1.03512899745281     
   2.07894001537303     
  -1.90157307527128     
   1.54305516494758     
  1.813163913988316E-002
 -0.498533359710653     
 -0.642794774221031     
  5.072325584554340E-002
  0.372490774148902     
  0.825475217695427     
   2.49802753314289     
  0.359081498095026     
  -1.22836699578523     
  -1.63406695064254     
  0.887428343721670     
 -0.932189843302996     
 -0.729803607674665     
  0.717684529686725     
  -2.18436432191409     
   2.35775465439724     
 -0.410960103782943     
  0.959593039952372     
 -0.141751598157204     
  -1.39131336104328     
  0.516993349776151     
 -0.999980209650726     
  -1.14336713825894     
 -0.766118949215979     
 -0.147286361491597     
  -1.30717549094166     
 -0.993515777493935     
 -0.297741071881590     
   1.30579759779817     
  0.431540782836683     
  2.550161467039554E-002
 -0.508349006598777     
  0.156450189832720     
 -4.724802895451207E-002
  0.386419324515165     
  0.119243128543790     
  0.536295650799607     
  0.492581826136115     
 -0.446585616941168     
  0.372732466903212     
  0.270588123407895     
   1.13890167869985     
  0.363835568409525     
 -0.860137646933206     
  -1.18071609573075     
 -0.625156121439114     
   1.00474379570999     
  -1.34194604111678     
 -0.716589599425100     
  0.452489689365570     
   1.41403254675321     
  0.518784891300413     
 -0.262201898628455     
   1.38592318644012     
  0.803740062139498     
 -0.293098689240682     
  0.578404144924493     
 -0.119313768274058     
 -0.400388442063212     
   1.43141081298357     
  0.190581028723556     
 -0.231345641479748     
   2.19410594134137     
  -2.83560737800418     
 -0.515134868759647     
  0.785083504035525     
  6.347125752602854E-002
 -0.467222946578226     
  6.374300353842567E-002
  0.152376633425631     
  -1.46262153885275     
  0.691712999996370     
  -1.15992865693017     
  -1.43647533597367     
 -0.616248835288682     
  -1.78388441940798     
 -0.646728251832316     
   1.63525739606518     
  -1.25278713895063     
 -0.102604228824466     
  0.793160225262635     
 -0.580727271527681     
  0.850276097087330     
   1.05954901317360     
 -0.318531551907330     
   2.45487778709310     
  -1.83812711044399     
  0.682357034345056     
   1.74452962814067     
  0.615944735901087     
   1.10534974280353     
  -1.69662472029501     
 -0.259160231677644     
  -1.53273941396027     
   1.85280312710386     
  -1.45340806267166     
  -2.40158265815258     
  8.234005768387823E-003
   1.30606455366992     
 -0.198591214865498     
  -1.92498266286852     
   1.02471046094600     
 -0.817905114528131     
  -2.10621341421334     
  0.624697473873483     
 -1.056446572213662E-002
  0.255382233178100     
   1.45408995382976     
  0.123073692345712     
  0.113438063260139     
   1.37643825203799     
 -0.233859554139418     
  0.424207565069459     
  0.380055792890699     
 -0.536766343076552     
  0.254495489537455     
 -0.197580050359126     
  4.522093672533971E-002
  0.748936527024400     
 -0.558500284319673     
 -0.805754923942787     
  0.461562556509815     
   1.02522473764436     
 -5.186288157272489E-002
 -6.397642831443022E-002
  0.160113777454721     
 -0.505519496212192     
 -0.195141556894950     
 -0.380803435033611     
  0.653113094419670     
  5.114487191737150E-002
 -0.199391266977089     
  0.310277632467159     
  0.571029063689065     
  0.231377945998180     
 -0.338325568919183     
  0.728273149188963     
  0.578706554741812     
  0.211260340262135     
  -1.15355586126727     
 -0.708208151799628     
  0.652171333682030     
 -0.106637767300592     
 -4.276115495339181E-002
 -0.155596837994303     
  0.342375547413481     
  0.170133964397466     
  0.268747406245476     
 -0.312273977326181     
 -0.753407774919211     
  0.640869420888812     
  0.569976157993309     
  -1.07132473861183     
  -1.05020589017360     
 -0.210037193685683     
  0.849826671219903     
  2.528879255142390E-002
 -0.647066496645692     
   2.08746472505964     
 -0.470459200727522     
 -0.891226154539023     
  0.975932362301344     
 -0.331756688039602     
 -0.330507382189121     
  0.542064833345001     
 -5.049501976349430E-002
 -0.431611119277391     
  0.260235552977113     
 -0.154207239119455     
 -0.414913988757397     
  4.584031576276998E-002
 -0.246450941529743     
 -8.660369202199558E-002
 -0.760654064618112     
  0.716151216867760     
 -0.281580422824143     
 -7.243180904979332E-002
 -0.194145505205655     
  0.162716538636294     
  0.203293326916369     
 -2.355177498630209E-002
  0.269172752808164     
  0.319232605294695     
 -0.258893182642232     
 -0.134354232376234     
  0.357416725602522     
 -0.377731640761321     
 -0.603837736296488     
   1.16021596314350     
 -0.601296497196418     
  0.248287487035528     
  0.362778257610846     
 -0.935232642935144     
  0.626744686821723     
  0.853336665480143     
  6.239531927298688E-002
 -8.350594324191679E-002
 -0.116569313226034     
  0.221875239372506     
 -2.877862752296842E-002
  0.394208767339794     
 -0.505173725255718     
  0.513102891473655     
  0.900316590848430     
  0.773304065997052     
  -1.42679244616839     
   1.17131704700329     
  -1.10205454969471     
 -0.726116682141632     
  0.693139994828404     
  0.144206755146923     
 -0.420811232328188     
  0.576545637156079     
  6.211687535912336E-003
   1.21048046272339     
  0.364440394627257     
  0.710149779461732     
 -0.243952402951183     
 -0.604510987628889     
 -3.268552038678621E-002
  -1.26875600408634     
  0.406476445174762     
  0.361697111172268     
  0.301858995963408     
 -0.333640733256224     
  5.742825954203638E-002
  0.444011265181985     
  0.574023490397501     
 -0.475000646891218     
  -1.12035122669864     
  0.543370258938734     
  0.543398398514757     
  -1.00516832139258     
  0.231813674558212     
  0.521704748168310     
 -0.833998924824717     
  0.395137425544342     
 -2.336604409298212E-002
 -0.506437611605206     
   1.13334613665256     
 -0.439527661735804     
  0.419057719360475     
 -0.594577618245279     
 -7.560221057846528E-002
  1.469172534711932E-002
  0.590907070777497     
  -1.87346123799136     
 -0.246333334012443     
  0.829691347281370     
  0.663610809529690     
 -0.203385453087973     
   1.70988954588744     
 -0.263477743566601     
  0.437626435121677     
  1.517186747161849E-002
  0.156505053293083     
 -0.886021358883508     
   1.21392972599905     
  0.321296447642869     
  0.370477396967779     
 -0.396163809392460     
  -1.26412234717476     
  0.139964347811718     
 -0.997847329752427     
   1.19994321996851     
   1.03444050997203     
  0.912141075379978     
 -0.881643933494968     
  0.642222950042812     
 -0.752237709882176     
  0.433794236378759     
 -0.178057696181962     
  0.800041073899106     
 -0.458469666770836     
  7.314217222682859E-002
 -0.769100876462528     
   1.14745633470696     
   1.36905910494036     
  0.538194049712260     
   1.49308188852136     
  -1.51806953851509     
 -0.394122450373355     
 -0.186536727649524     
 -0.311532056781380     
  0.172215163581131     
 -0.272774561096615     
  0.533172978731897     
 -0.498246925951768     
  -1.03136513825971     
  0.324699833908633     
 -0.182349151411793     
  0.655431564869756     
  0.106773889427095     
  7.687898324413850E-002
  0.313695565075204     
  0.602911292228207     
 -0.606451882047148     
  -1.38881291960551     
 -0.759441118279563     
 -0.621562205645097     
  0.429076556165799     
 -0.872326001270088     
   3.09714002677372     
  -1.99805285675427     
 -0.310344564359376     
 -0.765658707015296     
  0.943005189534020     
  -1.27444275625735     
   1.01712052427282     
  0.185481609679500     
  -1.06802850771715     
 -0.294935192376084     
  9.479781121249442E-002
  0.848488052618975     
  0.198097374306715     
  0.418942935276677     
 -0.656031920691101     
 -7.607319480619923E-002
   1.02814103517670     
  0.590077176069225     
 -0.467179944060347     
  -1.05126777574250     
   1.65462126016404     
  0.551776749964657     
  -1.23819770669184     
  0.113073911497278     
  0.105334853780858     
  0.267333922646536     
  0.158147080714394     
 -0.274615441150763     
 -0.817607752928757     
   1.23607796640836     
  0.568868226379848     
 -0.771507700679825     
 -0.109904759857317     
  0.101491888539351     
  0.200258931660152     
 -0.707944303006479     
   1.39743629134021     
 -0.375701105008678     
  0.798399450809722     
 -0.863484146630684     
  0.832514797729256     
 -1.304255867806063E-002
 -0.975623275531861     
 -0.377845879502251     
 -0.235062694062883     
  -1.48788894653790     
 -0.180969974993675     
  0.142129145909846     
 -0.137951140100133     
  -3.58916932847818     
   2.23153962649623     
  -1.79323696969240     
 -0.681791217048135     
 -0.704345702683993     
 -0.247691974710828     
  0.510163144012601     
 -0.518097454970599     
  0.575145107394658     
  -1.33819809905148     
 -0.129904008631643     
 -0.533805538288329     
  0.579991069010896     
 -0.107478837152225     
   1.53111388733350     
  -1.19228882482022     
  -2.64582691759841     
   1.18778435374202     
 -0.417481421092083     
  1.407718264146708E-002
  0.489526958160064     
  -2.55151731036193     
  0.375807979132379     
 -0.104031317298330     
 -0.669200596705491     
  0.956996073051450     
  -1.19552362047091     
  -1.45664299806859     
   1.32804191745383     
  -1.34812721873210     
  0.710461039441134     
  3.909830843287610E-002
  0.219026349414585     
   1.00967020276024     
  0.684631294306246     
  0.206752938658283     
  0.199954811472699     
  0.281195507677016     
  -1.21560469102534     
 -0.629668542243259     
  0.366941724792046     
   1.09855383122475     
 -0.873140226392294     
  0.107807924381907     
 -0.823077602685430     
 -1.165640895374175E-002
  0.730671032960670     
  0.811914887731432     
  -2.38473167844556     
  -1.75700763960132     
   1.58023610070686     
  -1.48885376486540     
   1.11728074520179     
  0.449720518680903     
 -0.244873413644603     
  0.341171977281505     
  2.233021437416285E-002
   1.45741600781946     
  0.573180394589739     
   1.17955593311563     
   1.03469626402930     
  0.347397798283069     
  0.259455701385214     
 -0.993644029482896     
  0.678006161934674     
 -0.258889041798924     
  0.454991358840294     
 -0.602788931536544     
 -0.457447573539554     
  0.304557815329105     
  2.311216691427127E-002
   1.05499845537552     
  0.298977006083813     
  -2.23966188990917     
 -0.292037346920887     
  -2.01493549198480     
  -1.23202860857158     
  -1.75102401220696     
   1.56689052522731     
 -0.544537608596686     
  0.879278430299098     
  0.356812225732831     
  9.489667201088822E-002
 -0.661384604222159     
  0.147415550666316     
 -0.145369646656190     
 -0.711201861541945     
  5.864231796538654E-002
 -6.321354564957567E-002
  0.143174627840389     
  0.572508728734869     
   1.70458762980286     
 -0.579784664990304     
 -5.588991343160450E-002
  0.178090007762725     
  -2.25161488932607     
   1.53803293353677     
   1.91082278029680     
  -1.25958342801272     
  7.378668607459801E-002
  0.473905593496923     
 -0.871555091082352     
   1.46076128806030     
 -0.471829608033892     
  -2.32404015649667     
 -0.491924087343034     
  -1.03026814340582     
  -1.16717823627343     
  0.780476773613438     
 -0.286983776363742     
  0.647327126329032     
 -0.997777432202457     
  0.370881002413825     
  -1.92370554745015     
   2.63310273276078     
 -0.984569203940505     
 -0.947127105021652     
  -2.35140821287342     
   1.02620102732558     
  -1.49021241280927     
 -0.508064100898638     
   1.39858574718957     
  0.939858504277598     
  -1.09165360031556     
   1.56640178542663     
  0.304390560602701     
  4.217001210394532E-002
 -0.234441014392828     
   1.55404519689530     
 -0.251333814118403     
  -1.37931295323435     
  -1.52793045465732     
  -1.44310071820122     
 -0.557319487542191     
  -1.50656050505820     
   1.34585281919337     
   2.02409106339630     
 -0.239422109788225     
  0.603759980358834     
  0.116330782339636     
 -0.799387845886361     
 
 -0.107862279532523     
  0.328124787742063     
  0.591055335362846     
  0.212478486575389     
 -0.748452220293655     
   1.92107763164243     
 -0.858340386188379     
  0.430374314970167     
  1.735456864859747E-002
  -1.65824562318324     
  0.208203341574997     
 -0.706265330233389     
  -1.99234057094533     
  -2.06500515204265     
   1.07894036293478     
 -0.782866138294999     
  -1.98287318803549     
 -0.423544511843847     
 -0.363328171105436     
 -0.743947664591015     
   1.01469036944997     
  0.184088872943836     
  -1.06634825242902     
 -0.119421858427605     
  0.180820549638359     
 -0.666208316592478     
   1.26337785263587     
 -1.362668297404967E-002
  0.100111256416583     
  0.763337094509870     
 
  -2.08461978378361     
  -2.16111143181164     
  -1.43578423462257     
   1.66841199071297     
  -1.42348397214637     
 -0.340337981826225     
  0.605042025769647     
  -2.89244037756624     
   1.73722194802042     
  0.233017834849162     
  -3.28316840617323     
  -1.70362401668988     
 -0.942561305721514     
 -0.804137996642125     
   1.60304101501108     
  -1.26924482784872     
   1.80768145113500     
  0.759853850544185     
 -0.961320878002421     
 -0.270758171576866     
 -7.310506577840662E-003
  3.397573068591096E-002
 -3.517585481577087E-002
   1.84172303471869     
   1.52410088613631     
  0.674417194067052     
  -1.29926680020934     
 -0.485553951363868     
 -0.125497716095417     
   2.01217541456212     
  6.033088268387193E-002
  0.275523510474231     
  -1.17491000503229     
  0.411908137963222     
 -0.814373161544420     
 -0.605539433108910     
 -0.356028724986933     
 -0.459914518707314     
  -1.88042819992828     
  0.361530816855459     
  -1.01326361437108     
   1.25042030777423     
  0.574743607744191     
 -0.265061206538215     
 -0.203924313118852     
 -0.832588349761274     
  0.511987354289543     
  0.388224089665977     
  -2.36937992574064     
 -0.489808781281295     
  0.668462971253164     
 -0.213184394963203     
  -2.34947470998757     
 -0.494293495864810     
 -0.277210011436087     
  0.326009481401076     
   1.07893903842402     
   1.13048711961832     
 -0.678309409068920     
 -0.268526607905437     
  0.794639398221971     
   1.01842845041364     
   1.12422246010482     
 -0.928895342080014     
  0.665661103185741     
  0.651139574689565     
  0.277329712121637     
 -0.763500248801736     
 -0.642334663438531     
  0.330337393744068     
  0.717710401361005     
  0.302686885007972     
  -1.59837295477764     
  0.377483939738841     
 -0.888403992481391     
 -0.147428869680982     
 -0.982605669733338     
 -0.743599357502791     
 -0.578444772755460     
 -3.069864929062392E-002
  0.588629375320229     
 -0.442684098027186     
  0.640285505103002     
  0.456997212265229     
 -5.270682128399416E-002
   1.55140976681751     
   2.62339263019090     
 -0.250362554135534     
  7.534429053283871E-002
   1.89787756395821     
  0.698662791960319     
 -0.967385355630419     
  -1.15732178252293     
  0.858676432786902     
 -0.752557359628799     
  0.504863022696051     
  -2.94334074128911     
 -0.164991743874801     
 -0.403807109522608     
  0.176230652588347     
  -1.72908820209735     
   2.69189596705350     
  -1.71495588525119     
 -0.737044592675755     
 -0.764958864357804     
  0.600581092916639     
 -8.478838591882699E-002
 -0.167547583679450     
  0.316691619929044     
  0.387549435517659     
   1.16574713326092     
  -2.67495768753997     
  0.977609751753234     
 -0.262973186527338     
   1.50368363585868     
  4.968349897259334E-002
 -0.623855769777190     
   4.51743279100261     
 -0.688648807921114     
 -0.948417900087815     
 -0.566066212247932     
  -1.23819727386229     
  0.777832197891839     
   1.12943713031418     
  0.790444362338615     
 -0.455425778385978     
  0.529000331330193     
 -0.292353785066991     
   1.07724649335091     
  0.348914121521132     
  0.240980186563273     
  -2.06584334169063     
  0.102801429813392     
  1.532275403605832E-002
  0.748917921101906     
 -0.296412503093019     
   1.00441788001471     
  9.530231906984993E-002
 -0.826702728936446     
 -0.306015492176598     
  0.513475777533701     
 -7.016010540599667E-002
  0.195597138763028     
  0.287891638052353     
   1.32888601940665     
 -3.044425516666736E-002
  0.897079127156479     
 -0.392462069358267     
  0.404708584562291     
   1.93986763010005     
 -2.799269033008427E-002
  -1.17025884438187     
  0.159907276077882     
 -0.457915437704037     
  4.435846215473500E-002
  0.134691393029268     
 -0.819450852033773     
   1.17351952676128     
 -8.517371249228982E-002
 -0.391971384828391     
 -0.619736793209029     
  8.598546841232492E-002
  0.719527576966425     
 -0.352172444204480     
  0.292001488297415     
 -0.281491358313670     
  0.574679013487973     
  0.255985387406949     
  0.785630380269504     
 -9.916492613130715E-002
  -1.23346192705808     
   1.50222287375394     
  1.246453687211765E-002
  -1.25182089521448     
  0.364238116530078     
 -0.423296387365793     
 -0.363384889981878     
  0.200438575496503     
 -0.171287588098976     
 -0.758848318736894     
  0.818426579414181     
  -1.08604702006669     
  0.274778435868674     
 -0.964883579045696     
  0.357596641813652     
 -3.231279254848510E-002
 -0.767425386694863     
  0.864333367983145     
 -0.739011031240260     
  0.224585571162090     
  0.439325733749827     
  0.503097241104953     
   1.78023537655210     
 -0.115579168901475     
  0.302424577625350     
 -8.967213912403975E-002
  0.788036278109794     
  0.266286647922121     
  0.485762891835548     
 -0.511159847578501     
 -0.756614436601153     
   1.81125504450084     
 -0.280831947089266     
  -1.01190468380555     
  0.320625072695250     
 -0.535385470921203     
 -2.249148023351121E-004
 -0.418034628228184     
  0.234384859937819     
  0.336053104853436     
   2.53934776615604     
  -4.08343643629949     
  -1.57588648870084     
  -1.33875442471736     
   1.39039100175247     
  -3.78983739497646     
   3.08471925806836     
 -0.583180982879183     
  -1.58841993702434     
  -3.96532104467829     
 -0.242083697615898     
   1.76524343881412     
   3.04296797470911     
  -2.45835841703490     
  -4.46296745321061     
  0.461484574469024     
 -0.315687561122030     
  -2.80869526531140     
  -1.89736839892791     
   1.03490962492880     
   9.19611581074020     
  -5.60074196305513     
  0.803386687302826     
  -5.39475698079189     
 -4.683130790678425E-002
  -1.68634604123882     
  0.169846340155817     
   1.55257207991246     
   2.26501447325118     
 -0.114174592302632     
  0.815050366945605     
 -0.604756189184445     
 -0.178463274398807     
 -0.813529859208830     
 -0.100122829239252     
 -0.543183394439773     
  0.164526096782698     
  0.622910508134521     
  -1.05557367737605     
  1.923549359601584E-002
  -1.44315499979298     
   1.13703234409969     
  -3.15839940640228     
  0.397421412283434     
 -0.464192313981016     
 -0.272762410017803     
 -0.869702739435750     
 -0.281527306286518     
 -0.433119332777322     
 -0.495244721364320     
  0.866712024802270     
  0.818954424616324     
   1.07292775209901     
  -1.08618711010947     
  6.570975759303342E-002
  0.950094879647262     
   2.35004948213402     
  0.334986600114927     
 -0.121447425466614     
 -0.200827119612215     
 -0.533606412917791     
  2.961544648997622E-002
  0.476274063046894     
  0.106045894933494     
  -1.79098099671270     
  0.203672532617951     
 -0.950314853851058     
  0.654935288587408     
 -0.269082331128855     
 -0.190173337124307     
  0.462638168962475     
 -0.398275338082865     
  0.986667116850837     
 -0.483088734011009     
  0.360489397444884     
 -0.198186624305703     
  0.324943094138540     
   1.55995737345261     
   1.18825330594609     
 -0.117129779479127     
 -0.872805279123406     
 -4.167095143000001E-002
 -0.240670673533507     
  4.840944351937382E-003
  -1.17149733849314     
  0.588276989080620     
 -0.619510273076013     
   1.29933975622016     
 -2.037845439837966E-002
 -0.381052277723685     
 -0.480160321394180     
 -0.707158922287689     
 -0.471386304518558     
 -0.252117098360291     
  -1.59316252782962     
 -0.213817127288291     
 -0.433644402304064     
  0.465444440767649     
  0.703214457414763     
 -0.126265799176800     
 -0.584820096372047     
  0.146541962517214     
 -0.807061227580434     
 -0.458454352534405     
 -3.019267429537485E-002
 -0.232770084209563     
  0.340078592381575     
  0.680287380849971     
   1.14599500531012     
 -4.106143326315558E-002
 -0.622715430989083     
  0.697427012569876     
  0.738128820121525     
  5.408103010629262E-002
  0.743093165580952     
 -4.415114318069436E-002
 -0.740251568721795     
  0.409864539531555     
 -6.178949977540014E-002
  -1.00808063143501     
  0.523704445764585     
 -0.340387451954234     
 -0.806939782259520     
  0.553972059760734     
   1.06993331325513     
 -7.789245834558889E-002
  3.857368500382831E-002
  0.122692995742919     
  0.225827361226265     
  0.931333186318813     
 -0.537390287393771     
  0.329360080131352     
  0.533184870777162     
 -0.137045273069265     
  0.409204813663177     
 -0.169401757934855     
 -7.321226658557335E-002
 -0.351636599701879     
  0.538743060585419     
 -6.386268596027111E-002
   4.51666595953961     
  0.603495987224031     
 -0.860594820874667     
  4.531931707720994E-002
  0.753965893281575     
  0.512249586397574     
  0.894795292662155     
 -0.848890540318256     
  7.302093318032463E-002
  0.432718482152893     
 -0.714843015937555     
 -0.120485484368284     
  0.600617421637418     
  0.393626523962510     
  -1.56152132579428     
 -0.585247036565672     
  0.251176197060203     
  0.953318732180982     
  0.100337938276499     
 -0.199545032743698     
  0.404775321366295     
  0.393589092626232     
   7.17558597539773     
  3.505483987701002E-002
 -9.037263764540177E-002
 -0.164024330931749     
 -6.190992842110121E-002
 -0.267829191635540     
  -1.23853492110473     
 -3.678622451003288E-002
  -1.12941335707628     
  0.753557321126290     
  0.286609083512785     
 -0.296275965869379     
 -0.824816750733922     
   1.24167473902350     
  0.915397476655821     
  -1.20334266958196     
  0.191217353141405     
 -0.919690867493782     
   1.10489132575252     
  -1.03263690703927     
  0.367668264585553     
 -0.691006993094755     
  0.413654488544673     
 -0.248029033897026     
  0.117373209995351     
   1.55694362869622     
  -1.18718938402674     
 -0.421809356634224     
 -0.163249665293391     
  0.392185797730207     
  0.104955194823231     
 -0.131616221452547     
 -0.215928244463548     
  0.147687226805508     
  5.241922292251049E-002
 -0.482015873561405     
 -0.890441807468755     
 -0.116614681547068     
  0.510872219027480     
   1.20440932046076     
 -9.283064147385497E-002
  -1.41962061193619     
 -0.204457661950463     
 -0.254415693581953     
  0.113199887879256     
  0.669449825582529     
  0.369686281272860     
  -1.75314731363452     
   2.02120426609456     
  -1.58107660908107     
 -0.895727393962562     
  -1.60907843365055     
 -0.735600781675636     
  0.323739429812994     
 -0.935159093357777     
  0.376818790538169     
 -0.888892849337430     
 -4.081559839158237E-003
 -0.742962737616877     
   2.79522473669484     
   2.58909165188812     
 -0.229286872112223     
  -1.39097416543384     
  0.522645188240381     
  2.788465163211153E-002
  0.401918776894979     
  -3.10953718989347     
 -0.567322489877243     
  0.435515259348847     
  0.717925590734044     
 -0.606515644477265     
  -1.82784868183630     
  0.481983410506073     
   1.45787860102689     
   2.14331420915586     
   1.08078268262430     
 -0.607741980262765     
  0.510523507710230     
 -0.193173299403132     
   1.76743969905036     
  -2.08043681670189     
   2.76584566811442     
 -0.139329500356117     
  5.579177899360273E-002
 -0.920266746324983     
 -0.173549962613563     
 -0.287666740258735     
 -0.281437957662410     
   1.30341134681606     
  0.573937188206041     
 -0.829479412018536     
 -0.337080219665816     
 -0.233797310808506     
   1.01396724109761     
  -1.09589101141439     
  0.203907430934480     
   1.85922816477937     
  0.318192574475684     
  0.979665380195780     
 -0.863915657170433     
 -0.582040326816407     
  -1.20008979857691     
  -1.08302238259461     
 -0.939216101567102     
   1.00453212473545     
   1.13460090454617     
  0.732198878115136     
  -1.68246710747152     
  0.866111855656851     
  -5.78108747626214     
  -1.17525600437377     
 -0.713336988027826     
 -0.628286105729090     
  0.387929257013526     
  -4.10971564308868     
  -1.56943673929014     
  -1.57942002510240     
 -0.290095179885763     
  -1.45195449734158     
   1.58636951932297     
 -0.674875632940628     
 -8.888784188238748E-002
   4.28132957468597     
  -1.64210714420762     
  0.483428797372472     
  0.859090694173574     
   2.20574601349090     
  -1.86242869090319     
   1.52081914486761     
  -1.03918098340543     
   3.65459381714074     
  -2.70284523630708     
 -0.736028659242861     
  -1.62551341773388     
  -2.62744856816813     
  -1.86608953783954     
  0.129582255664374     
   1.13930509355985     
 -0.292067100684341     
  0.808521082032226     
   1.31518737013053     
 -2.221802989405421E-002
 -0.762269539056071     
 -7.144073726642153E-002
  -1.01604454126348     
 -0.283308577388758     
 -0.912411845093547     
  0.598450570738661     
  0.772234063958388     
 -0.521097811041295     
 -0.179113999441565     
 -0.254941334663724     
 -0.523769470242260     
 -1.920308409280835E-002
  0.958449749537490     
  0.722725914438760     
  0.992820331511727     
  0.246286250050212     
 -0.825844449243465     
   1.35548642293451     
 -1.587729525596111E-002
 -0.452344818008606     
  0.319987452680480     
  0.194567662382527     
  0.118069675854122     
 -0.834216170498837     
  8.318718720075091E-002
  0.782785562104233     
 -0.151694695000744     
 -0.619689062167376     
 -0.308696880816564     
   1.17656794920151     
   1.17155973892521     
 -0.946551160482687     
  0.377246604965058     
  0.621256171817360     
  0.914190842930811     
  9.813337697613414E-002
  0.485913414434500     
  -1.26122218981386     
   2.22390509523844     
 -0.363215383819160     
  0.466160366903704     
 -6.261122276685546E-002
  0.304504236138837     
 -0.351432983157147     
   1.17096757018308     
 -0.147572724873751     
  0.317807946326579     
  -1.04452977900964     
 -0.956531706236416     
  0.802930658476007     
  0.234639975467908     
 -0.412588040994539     
 -0.650617060686500     
  -2.33393650426149     
 -0.408737389041876     
  0.624869438001230     
  0.544296968753355     
  -1.00746591991684     
  -1.05442076242195     
  -1.22335175506402     
 -0.474399066026989     
  0.359431381811995     
 -0.383199100242354     
  0.446399316490856     
 -5.066689943871416E-002
  0.370426870006663     
 -0.259268735333792     
   1.09023419961041     
   1.25888793180960     
 -0.169462750899801     
  0.358535591253536     
 -0.356843564524823     
 -8.347327973806863E-002
  0.488207438462700     
   1.79620693597033     
 -0.624171826666882     
   1.03370634564519     
 -0.254924362950548     
 -0.101418357437227     
 -0.397141736917948     
  0.172348871563508     
 -6.376294627072526E-002
  0.360528451838636     
 -0.500672808118950     
  7.315286714354857E-002
 -0.202861028984155     
  -1.31878399097990     
 -0.661935815924930     
  -2.31258015777794     
  -2.07649786707519     
  -2.11794399055912     
   1.58588194590963     
  0.985899443972621     
   2.26384748845988     
  0.537535505587539     
 -0.208715367956950     
  -1.64627019921657     
   1.02377506609315     
  -1.60071530591313     
 -0.196994082685491     
  0.182757126693220     
 -0.162867117271886     
 -0.327491212270391     
 -0.546007309329328     
   2.41560997575263     
 -0.538128034778447     
  -1.09380037167657     
  -2.89994512438212     
   1.02383476834074     
   1.84381746880328     
 -0.840779552790782     
  0.607951337618130     
  0.776853547075284     
   1.17244071804570     
  0.660544499956530     
  -1.52454589172650     
   2.77105648363278     
  -1.81906407720647     
 -3.511546324688105E-002
  -1.83219643657146     
  -2.32771960734171     
  -1.08104710988417     
  -1.20205961734455     
   1.41015051672254     
   1.02200926836883     
  -1.24836196155799     
 -0.835656085102929     
  0.853770129000745     
  -2.02005480274911     
 -7.539727034569389E-002
 -0.594823790966334     
  0.406871635026866     
  0.604612615286025     
   1.69773176224572     
   2.74829978529978     
 -0.857711204910634     
 -0.834574663821396     
  -1.65904282647825     
 -0.163567306966317     
 -0.141434807775718     
  0.720986132521337     
 -0.226938008289693     
  -3.53240368081202     
  0.737612035745498     
  0.331161778325675     
 -0.429831674026958     
  -2.00941177296743     
  0.448430744150154     
  -2.27168335486143     
   3.85921402659205     
 -0.755813081810640     
  0.512787779616715     
  -2.18271016881721     
 -0.666183229691459     
  -1.68775651979217     
  0.469450837655699     
   2.39823954267705     
 -0.191278913187965     
   2.70993176051907     
  0.855966105010436     
  0.322007998024872     
  0.373101547167928     
  0.198632875825373     
  0.868312564801864     
  -3.11834396263189     
  0.133061446942649     
 -0.645442942999428     
   1.57299547140767     
 -8.779916527819633E-002
   1.45792290869246     
 -0.646654573683881     
 -0.479111589405121     
 -0.410272750343588     
   3.75472884417940     
  0.494268090680552     
  -1.99746826973273     
  0.626418468918789     
  0.840892464430803     
  -2.56850244014384     
  -1.24557447771981     
 -0.748215331758674     
 -0.727524601598034     
   1.51872948236137     
 -0.478727501237128     
  -1.05297193298181     
 -0.234967800750682     
  -2.28764324020462     
   2.13370074150179     
 -0.743419925637819     
  0.443890407978951     
 -0.427436272492723     
  0.153813539987646     
  -1.96583821005024     
 -0.966880981666552     
 -0.359578750281790     
 -0.427611383368679     
 -3.458583577609570E-002
  4.172320060296028E-002
 -0.558644481855772     
   2.34974221750120     
 -0.993413708436616     
   1.21643644085136     
 -9.482735837071035E-003
   1.62628987732879     
 -0.145746321975075     
   1.31263615265050     
 -0.488289005029504     
  -1.22606988121092     
 -0.847966312413736     
  0.228521556521457     
   1.47507690347093     
 -0.675398976626227     
  0.352681600717041     
 -0.653756701698753     
  0.989056001563596     
 -6.030130603714706E-002
  0.197594531440785     
  -1.65617049788180     
   1.33412092054274     
 -0.314716360190014     
   1.21456300020523     
 -0.283940173534293     
  0.915763668740547     
 -0.401903092944890     
  0.644075573639953     
 -1.096757957156440E-002
  6.709505618226916E-002
 -0.602210637953888     
  -2.11131237716301     
   1.03915641199211     
  2.613922759792222E-003
  -1.14244377125294     
  -1.95047682474336     
  -1.71807615232361     
 -0.483673916501007     
  0.709474765516479     
  -2.02399953454317     
   2.13837966850377     
 -0.467452303146669     
   1.24490548811967     
  -2.05560687216124     
 -1.696964821021813E-003
 -0.830107872065359     
  -1.06026288231075     
  -1.43749464861065     
   1.34267054227057     
   1.55850456425842     
 -0.876256794377963     
  0.425754849121012     
 -0.516021800731443     
 -0.132471843228097     
 -0.114611829481532     
  0.640005932462370     
  0.293783748823200     
  -1.59547495527040     
  0.711830086641853     
 -0.713880810630695     
   2.87649090270092     
 -0.346489759796733     
   2.90737042667249     
  -1.12239644494523     
  0.609121903515261     
  -2.20048318509177     
 -0.719957533165612     
  0.236002829704651     
  0.210722676446789     
 -0.291835104383240     
 -0.110075710199506     
 -0.213262988055893     
  -1.38693543805246     
  0.702386893969197     
  0.120794821208657     
   1.67893002007263     
   2.17992379777376     
 -0.907885159366154     
 -0.142092592059972     
  -1.84548968272222     
 -0.190913047938783     
 -0.694285210070784     
 -0.232363201742506     
  0.749246563046317     
 -0.572765914696907     
 -0.326994161731621     
 -0.744662985921862     
  0.191017355767262     
  3.055209668726079E-002
 -0.104413275296866     
   1.24703377483223     
 -0.498727630076900     
  0.590888568784497     
  5.470856420400848E-002
  0.348693317474305     
 -0.429733321465417     
  -1.56118202955409     
  4.448317437827212E-002
  9.910982130732011E-002
 -0.220371951180870     
 -0.155001003227795     
 -0.166364775157928     
   2.63052736720589     
  -1.29988962188603     
  0.955403063786538     
  -1.70985066214530     
  -5.00450772898328     
   2.81382452190389     
  -1.19957532038232     
  0.992513361776642     
 -0.537375862867917     
  -2.51200610049228     
 -0.864933563220100     
 -0.725816652985368     
  0.652511841150875     
   1.81084997892299     
 -0.733664134375138     
  -2.73445100324967     
   1.05905253445818     
  -1.48383326719119     
   1.93335063532931     
  -1.19267027773929     
  0.114580471617899     
  0.453333601298850     
 -0.666485890264416     
  0.215756233622241     
   1.14321715447445     
   1.20195475866289     
   1.18916234271802     
 -0.215807590615197     
  -1.96540595375774     
  9.077219534278277E-002
  -3.87252378203568     
  0.672704229842234     
  0.649563192615321     
  0.689380404063158     
   1.55163628746620     
  -2.19191174801711     
 -0.366943577174491     
 -0.789933392483002     
  -1.15760120421370     
  -1.99003877935985     
 -0.387283084706903     
   1.24269877583984     
 -0.290455453394504     
  0.261812431343384     
 -0.765653596664994     
  -2.41595176474994     
 -0.107571631390603     
  -2.51400660487355     
   3.28178110269978     
 -0.305976790702935     
  0.159204885431904     
  -1.24042566912428     
 -0.577377366654061     
 -0.846361642689463     
  -1.30624306120388     
   1.14023560214455     
  -1.96898871553160     
 -0.250890162515823     
  -1.02683771203398     
   1.63590644567524     
 -0.441933250159683     
  0.513284681292179     
 -0.766682883258710     
 -0.433191349388922     
  -1.61484587700647     
  0.664691252120898     
 -5.966412490758707E-002
  0.178878261755228     
  -1.56770485149238     
   4.23479858542602     
 -0.489927802003977     
  0.541851374416786     
 -0.631816208456595     
 -6.905995388864404E-002
  -1.09618898481385     
  -1.20797942341242     
  0.140557011908984     
  7.898586914116608E-002
  -1.16542480181321     
  -2.07970154641524     
  1.052535471348412E-002
 -0.298285599887898     
  0.128715670256771     
   1.72663913685890     
  -1.62462006370957     
  0.801376716418915     
   2.23551741845171     
 
  -2.50325869857960     
  0.268068602395757     
  -3.23508425609853     
   1.58175551481823     
   1.12086032809383     
   1.89292025196874     
   2.97011655957394     
 -0.220798574579899     
  -3.00790484882058     
  0.462820951083311     
  0.983819870238044     
   4.32470737867316     
   5.43863145980008     
   2.21736835972303     
   2.53778272732983     
  -4.76184057886670     
  -4.62168532705272     
 -0.770179444790459     
 -0.285711912986304     
  0.818901719862776     
  -1.10524934510228     
   2.17692532544078     
   2.58372141593158     
  0.205833218379312     
   1.04889085733605     
  0.766549407159769     
   1.20934509506275     
  0.945461976351691     
   3.68018450645301     
  -1.45224416567308     
 
 -4.232541556648318E-002
 -6.459225023902865E-002
 -0.128902446897750     
 -0.293199167845668     
  9.611975183975938E-002
  0.342715431538537     
 -0.273218231870736     
  0.489232305830635     
 -0.129826573444761     
 -8.020054272380411E-002
 -0.294136291918796     
 -0.472071140370091     
  5.208910681767528E-002
  0.166071670037492     
  0.134499712995165     
 -5.781215691979504E-002
  1.970775171404165E-002
  0.154449776307480     
  0.146505798012573     
  0.197810951526115     
 -3.206275253389559E-002
  4.677986620963948E-002
 -1.925900348713563E-002
  5.139406970351998E-002
 -0.134911215268834     
  7.839109077715756E-002
 -0.111321143804363     
 -3.659342436274902E-002
  4.267593102173049E-002
  5.437268277595837E-002
 
 -6.796993440332245E-004
 
  tansig  tansig 
