 0.419093375871174567E+00
 0.438588503906689464E+01
 0.305605639045873101E+01
-0.117276467627904015E+02
 0.546209083680332164E+00
 0.229820788753345717E+00
 0.214199148030780373E+01
 0.115970581710506848E+01
-0.209601264077666061E+01
 0.758223264240199035E+00
 0.459759575127301312E+00
 0.156063158297075133E+01
 0.674747867137247548E+00
 0.179415390287422771E+01
 0.865275924182863990E-02
 0.714082339358679177E-02
-0.718788388336009804E-01
 0.345709228409497471E+00
 0.458176079130463709E+00
 0.858781275238992420E-01
 0.701476219970179199E-01
 0.349012939119354271E+00
 0.184776734588113306E+00
 0.398402468841390245E+00
 0.667236400245132255E-01
 0.544606358940033022E-01
 0.218018652086754527E+00
 0.125111376211673536E+00
 0.720999683261785207E+00
 0.969994216943105697E-01
 0.881547932223850916E-01
-0.301391148599784164E+00
 0.359202368869774163E-01
 0.671547401042734138E-01
-0.110976188908060401E-01
-0.124595143260933724E-01
 0.212293093217451101E+00
-0.768147267220090774E-01
 0.836728469189819357E+00
 0.624957058024694714E-01
 0.832357971641175809E-01
 0.968590043688925539E-01
 0.269457054343699189E-01
 0.127054225884680405E+01
-0.246581513837451395E-01
-0.414782211924308100E-01
 0.372938108508301946E+00
 0.184103015903266304E+00
 0.817147087577005715E+00
 0.673930223828373420E-01
 0.120354006241650172E+00
 0.465703499756699002E+00
 0.970047020713736163E+00
-0.159245500045197108E+01
 0.192121968981672581E+00
 0.367426721328249051E+00
 0.266536146408831165E+00
-0.250916732591067553E-01
 0.417610251015136225E+01
 0.556017298925922443E+00
 0.111345487032209411E+01
 0.393265831195190207E+01
-0.619882860048698192E+00
-0.150235845310586802E+01
-0.474315899359254833E+00
-0.103789990341181326E+01
 0.307810855129166372E+01
 0.306554378969943953E+01
 0.179445827532578051E+02
 0.237840326976277971E+01
 0.593328783538484039E+01
 0.243665583185666463E+02
 0.102856709136822335E+02
 0.389961282419042998E+01
 0.112918016881097594E+01
 0.334039043327513463E+01
-0.532603284886332684E+01
-0.120849197641867967E+01
 0.128232777804961813E+03
 0.279898375116015821E+02
 0.176979004124360317E+01
 0.123705217169910425E+00
 0.181142056434738330E+01
-0.484903225588708597E+01
 0.133704750272670481E+00
 0.508528763343380208E-01
 0.102498949987765120E+01
 0.243814148544822751E+00
 0.420554234374306546E+01
 0.381593907776709040E+00
 0.192719073267396485E+00
-0.120049465001582326E+00
 0.227402449613229918E+00
 0.175916791315575582E+01
 0.171297449093357090E+00
 0.105018126051650423E+00
 0.550582705399023986E+00
 0.326949285906959708E+00
-0.905336875356454351E+00
 0.120888967976801112E+00
 0.809397344510918576E-01
 0.195220350998055375E+00
 0.119624191765140761E+00
 0.582581595328898749E+00
 0.152045691413079248E+00
 0.110607503352229158E+00
-0.463955939152772227E-02
 0.201929726191855341E+00
-0.394237671864525852E+00
-0.791823697588287835E-02
-0.593271465207928419E-02
 0.209747667802493126E+00
-0.596422307510891675E-01
 0.422320520823851187E+00
 0.397735985026933647E-02
 0.379031797317945030E-02
 0.197174859577583905E+00
-0.490485758221120699E-01
 0.308739362228130532E+00
 0.983502656723490680E-02
 0.104497033426060350E-01
 0.868145906228170450E-01
-0.506963255306884311E-01
-0.325812176058221992E+00
 0.471351994979036584E-01
 0.611985893328026859E-01
 0.114026073353421700E+00
 0.991996460657547929E-01
 0.754596116470654055E+00
 0.478070585784044350E-01
 0.752435013785397871E-01
-0.972041213613766414E-01
-0.466396816830036073E-01
 0.887149386821849406E+00
-0.498879376466450225E-01
-0.800079582091734742E-01
 0.210618002870058635E+00
 0.255701533550443116E+00
 0.491726117529378448E+00
 0.152397521044545348E+00
 0.274642802539698860E+00
 0.114669185345379865E+01
 0.149594478564501587E+00
-0.107902792153464655E+00
 0.583032728838339467E-01
 0.116737645922213182E+00
 0.228096531219697043E-01
 0.102249780877131713E+00
 0.479317210363968904E+01
 0.727589970196033664E+00
 0.170640507210700010E+01
 0.571567738648804990E+01
 0.353693628204175603E+01
 0.273464181730805045E+01
 0.138430455775600425E+01
 0.393453549530363222E+01
 0.162034459402318487E+01
 0.480427453181169994E+01
 0.262499288896665561E+02
 0.171748144555135585E+01
 0.296423832725728698E+00
 0.231493628307020849E+01
 0.368103146735882236E+00
 0.280538123728558420E+01
-0.770332404491096079E+00
-0.275236138163915178E+00
-0.156684529652214105E+00
-0.351204678724438668E+00
 0.405734203784099190E+01
 0.169936203114634671E-01
 0.798920804415876110E-02
 0.948470477632550185E-01
 0.206500928532365709E-02
 0.150290915126507740E+01
-0.346972981833436542E-01
-0.225186642335471476E-01
-0.149724924315868674E+00
-0.458136961589969346E-01
 0.772671002134297069E+00
 0.618138785211189354E-01
 0.390873762143085571E-01
 0.939605170403569195E-01
 0.143806564110982971E+00
 0.232076588239905041E+00
 0.319657815381207203E-01
 0.178198025884149895E-01
 0.396385815807324057E-01
-0.491433696418718674E-02
 0.223743787065790956E+00
-0.277186942445642667E-01
-0.181385268951621860E-01
 0.935978768717381643E-01
-0.477775519728465756E-01
 0.137717742815886418E+00
 0.102687950961016638E-01
 0.829150832800764660E-02
 0.451325268181524894E-01
-0.549624975655600440E-02
 0.136961703268157764E+00
 0.120497296271361021E-01
 0.133836479556215387E-01
-0.241975985382009394E-01
 0.391313230106173221E-01
 0.151695102115417174E+00
 0.236986287187342451E-01
 0.306078023200167977E-01
 0.473442431248261280E-02
 0.419882507348369460E-01
-0.179408106229966474E+00
 0.152739805131203461E-01
 0.219703471571748611E-01
 0.168810995868044489E-01
 0.268269213369402119E-01
 0.223060061331477988E+00
 0.318650796177176801E-01
 0.481048033222998897E-01
 0.761393719242248104E-02
 0.286568413366278460E-01
 0.333640322460836136E+00
 0.109965820431825581E+00
 0.183287627397916070E+00
 0.366869584090072989E-01
-0.527680402455439276E-02
 0.337728356775627223E-01
 0.103724987978185256E-01
 0.194631949333787142E-01
 0.208326219036789911E+00
 0.228533630667075466E+00
 0.875016369223884927E+00
 0.164921090359000044E+00
 0.373205496924313207E+00
 0.137360116179282121E+01
 0.110014300302657309E+01
 0.672386851528658736E+00
 0.100422934844283274E+00
 0.273859302174465746E+00
 0.182685758680475652E+01
 0.195022343763669070E+01
 0.169108555669421889E+01
 0.632545321250726555E+01
