 0.575586974882044577E+00
 0.186753382006628321E+01
 0.565813964744762310E+00
-0.177115452072010271E+02
 0.640534208237764746E+00
 0.269508657689874920E+00
 0.511775212595177553E+00
 0.576900660234333951E+00
-0.699640754840145984E+01
-0.965368937413517980E-01
-0.585365331609937548E-01
-0.409485311511858630E+00
-0.104802970380071178E+00
 0.115762733030383336E+01
 0.272067913257750642E-01
 0.224528253397318182E-01
 0.436342163377353931E+00
-0.811524266751924577E-03
-0.118695070882081741E+00
 0.499108866642815896E-01
 0.407685881400673272E-01
 0.134329032734945952E+00
 0.349758479851433809E-01
 0.904592591770081778E+00
-0.148180449305692040E-01
-0.120946661382417345E-01
-0.126979645000352387E+00
 0.139606964256244383E-01
 0.131653086779353634E+01
 0.312938762232694255E-02
 0.284404292252707228E-02
 0.295731067676957005E+00
-0.126848509633110933E-01
 0.105975235412024960E+01
-0.122689076263357896E-01
-0.137745431556033707E-01
 0.384744391959349563E+00
-0.130109554664020077E+00
-0.719339885063211698E-02
-0.826640727433575022E-02
-0.110097324340548280E-01
 0.382911611053837309E+00
-0.583997680241629055E-01
 0.177163611067231774E+01
 0.731640407981501290E-01
 0.123071442799163461E+00
 0.572530933681945298E+00
 0.832376756747465057E-01
 0.296107645409907638E+01
 0.344748784081254783E-01
 0.615670522616050403E-01
 0.780651465003993211E-01
 0.308035399873558269E+00
 0.318927169175477498E+01
 0.614614353676393277E+00
 0.117542901548203793E+01
-0.752281206635470268E+00
 0.388659667778785689E+00
 0.502209801451440629E+01
-0.476542207679077845E+00
-0.954301679245063039E+00
 0.148926942783480931E+01
-0.136677506741933485E+01
 0.164536750426030380E+02
-0.138474807315455667E+00
-0.303011114179039309E+00
 0.557633812779780413E+01
 0.350146295121418616E+01
 0.133812442139932308E+02
 0.134843169837270630E-01
 0.336386747130568639E-01
 0.644897820994184579E+00
-0.320719339877540932E+01
 0.589677522099272409E+02
 0.169015310974921036E+02
 0.499988525703693867E+02
-0.157739464512596204E+02
 0.759594646441408514E+02
 0.904646221037797886E+02
 0.809885449585251216E+01
 0.512088433035730262E+00
-0.181814101841673259E+01
-0.394412255723774474E+00
-0.764391298022478960E+01
 0.131468744336588572E+01
 0.500024403317387844E+00
-0.240687637257412657E+00
 0.767459099120206156E+00
-0.557460782273374100E+01
 0.132185093171413737E+01
 0.667583735919229038E+00
-0.211232119482865216E-01
 0.781716242109659509E+00
 0.355439423661420284E+00
 0.806206845272638972E-01
 0.494264990802065415E-01
 0.379987405193597583E+00
 0.135785771387996884E+00
-0.648544835250226326E+00
 0.305173753533430139E-01
 0.204325365546828980E-01
 0.302091305767425267E+00
 0.204104267337617273E-01
-0.247233809198448874E-01
 0.790308826122494701E-01
 0.574919850225500059E-01
 0.850005778740548779E-01
 0.843388455607168436E-01
 0.548470757920509144E+00
-0.181257499786737983E-01
-0.135806623123215803E-01
 0.193911923983710432E+00
-0.743743037682809000E-01
 0.617332025142623864E+00
 0.296214849143813493E-02
 0.282284859529722014E-02
 0.211222064068616877E+00
-0.110876568252472482E+00
 0.686367047239127448E+00
-0.454235079727191744E-02
-0.482624200199659962E-02
 0.122067788780715086E+00
 0.426138934157082715E-02
 0.726632691998931879E+00
 0.422702741824390812E-01
 0.548821513058645946E-01
 0.232988692674572645E+00
 0.118878362418051969E+00
 0.969203373941193935E+00
 0.513581329888470675E-01
 0.808325353045495354E-01
-0.526472745437242332E-01
-0.701848074548215156E-01
 0.960595237588676598E+00
-0.161285583253635817E+00
-0.258662330283097430E+00
 0.399569797350781075E+00
-0.131725123135531780E+00
 0.187717300031762879E+01
 0.112307894935717772E+00
 0.202395385443729148E+00
 0.585639529957488261E-01
 0.577054606275561710E+00
 0.250427060702442983E+01
 0.624127601339989832E-01
 0.124965860974350210E+00
 0.145815554534929759E+01
 0.889505969788150885E+00
 0.384775880802178571E+01
-0.210601337212610623E+00
-0.493919933936541988E+00
 0.290611474001544279E+01
-0.442035767370454202E+01
 0.178257484740037819E+01
 0.315073508700295157E+01
 0.895516739192641964E+01
-0.168499055923031027E+01
 0.113383952194253670E+02
 0.298590906472865747E+02
-0.499761311738512071E+00
-0.862548843583054309E-01
 0.193719553871178740E+01
 0.763332749585406867E+00
 0.472471211084019327E+01
 0.227319808803671108E+01
 0.812202965090314977E+00
-0.538620743929182078E-01
 0.719090909542497880E+00
 0.202121758724672196E+01
 0.843060106319906272E-01
 0.396347715182080243E-01
 0.277166983467356354E+00
 0.248915881195742178E-01
 0.123977776709496323E+01
 0.734505681774891023E-02
 0.476696679324196612E-02
 0.232312511048284681E+00
 0.349455431030220058E-02
 0.619532229203387068E-02
 0.218688751222948854E-01
 0.138285603450174835E-01
 0.927641753616414433E-01
 0.525629986716635994E-01
 0.199695862763362014E+00
-0.273896786791547608E-01
-0.152687856682183661E-01
 0.973847584897618163E-01
-0.317131548693522641E-01
 0.233156791483294962E+00
 0.252468421993677326E-01
 0.165209992292819144E-01
 0.270866936657087921E-01
-0.112809288135059631E-01
 0.248555456371980205E+00
 0.197948421621057559E-01
 0.159832869487292611E-01
-0.430645660883572645E-01
 0.656643587001774220E-01
 0.134937657272299838E+00
 0.104503846503086195E-01
 0.116072537300410498E-01
 0.501202977354803653E-01
-0.827405874132404462E-02
 0.244964591982672897E+00
-0.154760433070150350E-01
-0.199879782015689178E-01
 0.698609090383306690E-02
-0.237150319193871022E-01
 0.207421889800012194E+00
 0.563933455940315992E-01
 0.811171245760806819E-01
-0.129189277855037213E-01
 0.456464154523470653E-01
-0.185361372338079755E+00
-0.177132424515347581E-01
-0.267406218516871678E-01
 0.953408712273465797E-01
-0.304581790238181889E-01
 0.187017724869623009E+00
-0.405228683605920043E-01
-0.675422632960361036E-01
 0.153267932188060646E+00
-0.833426466290695389E-01
 0.733491230191517740E+00
-0.375392335741441333E-01
-0.704394799117127046E-01
 0.614787300895779376E-01
-0.192023055630302031E+00
 0.126020723361640896E+01
 0.438219496517936111E-01
 0.991661676525980446E-01
-0.183823524753303186E+00
-0.375993280727297652E+00
 0.240482628735760873E+01
-0.584738089586574805E+00
-0.159461546724677872E+01
 0.194603538248131547E+01
-0.254700230667871508E+00
 0.477846938305136870E+01
 0.136909554536106026E+01
