     48 -    30 -    30 -     1 
rmse=  40.2612meV
  0.114365458435392     
 -0.296611900052663     
  0.202884305705640     
 -0.835721366892400     
   2.57598448570429     
  -1.49337437514602     
 -0.655529538348763     
  0.321192815115950     
  0.795180207392004     
  0.434934804408107     
  0.776742555850307     
  -2.59233862264779     
  0.796717275106724     
   1.37072577675307     
 -0.278789908768086     
  0.242566131861080     
  0.528130098473667     
  -1.58967972413716     
  0.518398469471920     
   1.82401956068762     
  -1.55752102884153     
  -1.11451001989403     
   2.30909817117599     
  -2.07626492817583     
   2.49071716939783     
 -0.620789365220848     
   1.26674646791129     
 -0.919205313568090     
  0.521627190129304     
  -1.45928252470300     
  0.882213062879150     
 -0.636607050899076     
  0.299054705543632     
   1.27751095764754     
 -0.990128506269957     
 -0.348425387735667     
  -2.29143472874820     
  0.799169624043202     
  0.179480015009142     
  -1.89259260995502     
  -1.78049135267152     
  -3.30351879752438     
   1.58312891516575     
  -1.21017114908651     
  -1.02407519556632     
 -0.242592552968773     
 -8.174461820059042E-002
 -0.599082417260820     
  0.939182343422810     
  -1.15059527176158     
  0.855608119181029     
   1.19775350066558     
 -0.154355013434007     
   2.90613893660868     
  -3.44816488767564     
   4.39831271319410     
   1.98486036244821     
   7.89131289683948     
 -0.236758470543729     
   2.74050121783349     
  -3.71789263406942     
   3.91475569102775     
   2.99629254170551     
  0.974502500252917     
 -0.139049612222444     
 -0.817774180234117     
  -2.18308970878841     
  -3.59197174490214     
   2.89011704219601     
   2.39888226174848     
   1.72657034079391     
  -1.94974408565715     
   3.20644738130588     
  -6.64990076801849     
  -3.61732260290494     
   4.29222051918866     
 -0.299487598064281     
  -4.02412269324783     
   3.00859179902456     
 -0.669412633451361     
   3.08997198514554     
   3.64820158662678     
  0.658930339525696     
  0.836562460988060     
  0.482876664943043     
   1.42229464613312     
 -0.735204183544633     
   7.60526370545564     
  -4.33194054753917     
   4.89245636261264     
  0.106435642256157     
  -4.55633341845465     
   1.86460498879915     
 -0.410608581030276     
  -3.78318034404820     
 -0.946700785440711     
   5.32636150107524     
 -0.270165447210935     
  -6.41348124483672     
   4.45837811169812     
  -1.89711838263644     
 -0.118645398169571     
   1.93019142685736     
  0.830869131627109     
  -2.29149751930788     
   1.95648182635204     
  -2.43689786642757     
  -1.23297574436398     
  -3.59127973963439     
 -0.780606510589071     
  -4.05329593020266     
  -1.86726806682572     
  -3.63215980098155     
 -0.395169607770552     
 -0.206492375912255     
  -3.83834701162090     
   1.83249928292359     
   2.20663201872293     
  -2.50264143785528     
   1.10860362961947     
   3.10291054661845     
  -1.35772532902281     
   5.09336180647057     
  0.212258929439912     
   2.44387872736629     
 -0.385723871712222     
 -2.069137024297382E-002
  0.756354742958053     
  -4.52888133683556     
 -0.708221091146754     
   3.81650391882620     
  -4.11455219228275     
  -1.56837512624798     
  -1.49372517063598     
   1.47443803628669     
 -0.725042144511608     
  -2.25215649381817     
   1.23016660683819     
   1.36072775611573     
  -1.38917645842817     
   2.94170426389487     
 -0.564678885089802     
   2.66652424873721     
 -0.243645707952537     
  -1.66604292550950     
   2.38736758480413     
  -2.66423408271536     
   2.52736021698137     
  -8.12559210835524     
   2.66957685499059     
  -4.20805484854789     
   1.78246158578911     
  0.435791165200719     
  0.428669708916967     
 -5.283908719469097E-003
 -3.454061893946694E-002
  0.300049875644431     
 -0.331351044022036     
  0.916753525271829     
  0.964415281246917     
   1.46924597747542     
  -1.04299524011710     
 -0.360401077441313     
  -4.15416321276951     
   3.70188666691858     
   5.08682890777980     
 -0.912224403309412     
 -1.309071789826248E-002
  0.590355533379600     
 -0.278153358845434     
  -1.13039044614678     
  0.273020501816046     
 -0.953939897928680     
  0.362479589910273     
  0.561844503633934     
 -4.885718534629695E-002
  -1.12428770246758     
  8.553529876487886E-002
   3.84506757383481     
  -2.91672839358129     
   4.56370202918904     
  0.583202592434682     
   2.98075838285676     
  0.398875220307778     
  -1.11862374255675     
  5.842688743284832E-002
  0.332062145261196     
 -0.156230664926395     
 -1.629413666474639E-002
  0.767644936451810     
  -1.08797284112054     
  0.124810782425911     
 -0.621124872832311     
 -5.433316613677367E-002
   2.31608574329591     
  -2.29662465936571     
  -1.00754301907225     
 -0.714926769279346     
 -0.298644061885510     
 -0.295633790561350     
 -0.623802064496524     
 -0.548281945309837     
  0.315654342199128     
   1.52331501603658     
 -0.661155884132876     
  -2.04851535451871     
   1.96483683880978     
 -0.337272839818811     
  0.529905944205470     
 -0.560764292838722     
  -1.34420648651857     
  0.794201752691705     
  0.222416275179852     
   1.00957128089786     
 -0.582231144819287     
   1.13125496407114     
  -1.84948249871041     
  0.320684498274778     
  -1.17239037674791     
  0.446379424811510     
 -0.289964695471381     
   1.86415636298247     
  0.331701478183648     
  0.190329856554088     
  0.940081997031319     
  0.543396193497748     
  0.176327283499953     
   1.16051480426730     
  0.505107739678375     
 -0.188755313994471     
  0.207397948342104     
 -0.164953190719123     
   2.28778743885336     
 -0.406518730931373     
 -0.579079301619165     
  0.518667442256074     
  0.639723464460210     
 -0.869121203630028     
  -1.37638908677990     
 -0.367696798439245     
  0.614179991553501     
  0.870488842478898     
  -3.50003941269808     
   3.89442430126969     
  -2.25315476705276     
   1.58832896191985     
  -1.38623462411242     
 -0.212928009355821     
  -1.06532239324005     
  0.827217185417338     
  -1.67071441293195     
 -0.595857363873644     
 -0.278809594114335     
  0.106125545313481     
   1.66873365579852     
  0.568015112582769     
   1.82678414460254     
  -1.45392746912091     
 -0.873591573388181     
  -2.18654731992787     
  0.390768435552956     
   1.40969141776194     
  4.553509198295097E-002
  0.948047994968169     
 -0.928799117558281     
 -0.629135619128464     
  0.853964327926458     
 -0.148417417340861     
   2.75775843788551     
 -0.831740273128177     
   1.19433798446131     
 -0.169285461517509     
  -1.52971273337834     
   2.65462296823683     
   1.65423815742580     
  -2.29598207784179     
   1.74293291516704     
  0.321025382315141     
  0.448559204868423     
   2.00910352482009     
 -0.296696576409378     
   2.87583511186353     
   1.92451530729367     
  -1.62543707392029     
  0.866081589326583     
  -4.25782152865381     
 -1.939240265983333E-002
 -0.526748931578124     
   2.69996573315246     
  0.606824731629499     
  -4.35246637733054     
   3.81627794203956     
  0.856287814109131     
 -0.171139528839242     
  0.121213317605919     
 -0.495358411343063     
   1.24309275479643     
 -0.628073714600318     
  0.847027726398414     
 -0.587789106667942     
  0.978085240467207     
  0.424909384107229     
  0.743332784642195     
 -0.697421955836355     
  -1.93483206026819     
  -1.35636604092068     
  2.680756897916486E-002
 -0.910102250397684     
 -0.679026073392987     
 -0.957570701238263     
   1.11175828756216     
 -0.196184103013243     
 -0.261079061622313     
  9.526172861549614E-002
  0.294673421995891     
 -0.652905987129967     
  0.153916596448206     
 -0.208220781320652     
  5.370144460502298E-002
  0.439922701015292     
 -0.222330001903212     
   1.49741508971927     
  0.482585983674563     
  -1.57829499450420     
 -0.831660109482347     
  0.458757917196431     
  -1.76823346911989     
 -6.319709202021637E-004
  5.194930655013346E-002
 -0.180376980846376     
 -0.553808869971201     
  0.658012626924461     
  -1.44453085773116     
  0.190910741795875     
  -1.06434240000122     
 -0.275989649693516     
 -0.173629936548552     
  -1.47138072660449     
   2.92879123336239     
 -0.124500579830401     
  -2.62669033541572     
   1.07927636686136     
  0.203426071618470     
  -2.29678039950649     
  0.441551607321148     
  0.167973047188166     
  0.109450445514210     
 -0.788755035270525     
  0.436134803382415     
  0.890788847337951     
   1.03874379924351     
  0.298075400518779     
  -1.93672775934315     
   2.01311753775581     
  0.353066362339614     
   1.11218233403379     
  -1.28261460805003     
 -0.245852539645729     
 -0.456756651266028     
   1.25273516271017     
 -0.237917162953194     
 -4.812940687592947E-002
   1.56741343813838     
 -0.484429913888783     
 -0.566451131367246     
  -1.10002591636892     
  -1.39013382859375     
  -2.21642751591579     
 -0.509075741674169     
  -1.37084028551354     
 -0.276447835711880     
 -5.331317225439900E-002
   1.17558971532551     
   1.09125748166991     
  -1.40156091444375     
   1.50366632874758     
 -0.636531284555986     
  0.580420165543353     
 -0.297152893990324     
 -0.237254095789312     
  5.556081758343600E-002
  -2.33876381023161     
 -4.484109321802055E-003
  0.177043677692115     
 -0.753344196360172     
  0.772896987451916     
   1.13789640377729     
  -1.03253768613250     
   1.07527508714734     
  0.766592263640935     
  0.832968736434196     
 -0.447092829092237     
  0.470542260662174     
 -0.174981989100070     
  0.157758113223587     
 -0.566726869362209     
  0.472923486372944     
  0.944775058652363     
  -1.42408674347662     
  2.427251733135749E-003
  0.242929250330424     
 -1.761616003774023E-002
  0.841775477557012     
  0.541888111871549     
 -0.614343820388390     
  -1.67985051792343     
  0.205986483925635     
 -0.234324750179251     
  0.504164131043652     
  0.296799502616433     
   1.58060398115473     
 -0.394268953219124     
  0.541916724998493     
 -0.893527147187415     
  0.116149090933306     
  0.241143697523847     
  0.188297088956140     
 -0.693754821653676     
 -0.403523323251612     
  0.619335527259351     
 -0.551764179364204     
  0.165716928089293     
 -0.972986144159662     
  1.346514738181424E-002
 -0.508365764199599     
 -0.611600879576300     
 -0.194980769412611     
  0.481405529755514     
 -0.829979458513907     
   1.32262190430636     
  0.541318750147098     
  8.901825058366857E-003
  0.806405749251039     
 -0.561611992711365     
  -1.08986966290426     
   1.14988018481292     
  0.775367495974001     
 -0.773540079134164     
 -0.834672233468205     
 -0.728379340893537     
  0.301358918290673     
  0.504551773042650     
  0.996291706714238     
 -0.109074538952328     
 -0.503613698593579     
  -1.72990970138412     
   1.30968945401879     
   2.00698328472815     
 -0.695022009352919     
  0.286105342432133     
 -0.384823934161113     
  -2.51653238868735     
   1.57042180595626     
  0.491335581367184     
 -5.308666678936003E-002
  0.353425366927948     
  0.272793396969866     
 -0.882749819112678     
 -0.162846239250207     
 -5.929905005911451E-002
 -0.430495233465075     
   1.37396097930492     
 -0.770009175779413     
  -2.74967072588214     
 -6.701991288768533E-002
 -0.271302206003144     
   1.56181367685644     
  -1.26721402318869     
  -1.00587861301166     
   1.77093991941705     
 -0.575821608282622     
  0.556260173799338     
 -0.337566711664000     
  0.332651863200351     
  -1.06348672975164     
 -0.589861012999353     
  0.817475694057515     
  -1.44127388155359     
  1.925578342344474E-002
  0.532012532496056     
   1.35372158665501     
  -3.75766858814074     
   4.98424325397302     
 -0.588772571239005     
 -7.410392991873367E-002
  0.377143242136930     
   2.06748259833690     
  0.193839687550502     
  0.160143996987940     
  0.247588488965279     
   1.97948032429518     
  -1.47462605641098     
   1.66177149884543     
   2.34892537505299     
  0.878432788994866     
 -0.195579864729877     
  -1.86690388720405     
   3.28325821247994     
  0.953567799004324     
  0.274409725520036     
  -1.40231244825784     
  -1.26548521815097     
  0.224586313630884     
 -0.213883869454931     
  0.112342692511284     
 -0.217448340574017     
 -0.427411153268948     
  -1.38353210437830     
 -0.181992160014170     
  -1.73175160863354     
 -0.788689310874823     
  7.737182056699730E-002
  -1.50597695377497     
  -1.76190442035757     
  -1.71201383899385     
   2.32782856922308     
 -0.874618565768280     
  -1.70906857248545     
  -1.09031850164757     
  -1.25106438844110     
  -1.24284079948402     
 -0.298725701364357     
  -2.05528567863578     
  7.039365624900298E-002
  -1.16905807433113     
 -0.909316322190418     
 -0.794175180591680     
  0.400526218913184     
   1.61856208629147     
  0.786810710880456     
  -5.68089420647887     
   4.20571358294998     
 -0.525329393906211     
 -0.235389420681007     
  -1.03329119977897     
  0.912794237578378     
  -2.26035811340473     
  0.436562377248870     
  5.214933949778137E-002
  -1.20955246595931     
  0.310896599867843     
  0.647713907270246     
 -0.294944814416114     
 -0.398957456600380     
 -0.939280843585299     
  -1.26573336925466     
 -0.555363317590901     
  -2.93859302026889     
   1.58094364878091     
   2.20095091877524     
  -2.07469079319053     
   1.88166162078795     
 -0.629498414743349     
 -4.594859912592568E-002
   1.33522676713570     
 -0.193623825399531     
   1.08870904543919     
 -0.326963487750818     
 -7.010456570449380E-002
  0.744957553720768     
  -1.06071214319693     
   1.88508697713238     
   1.81632127263199     
  -3.62150072605161     
   1.48129447515998     
  0.887620445043379     
  -2.36772631347984     
 -0.448731692635385     
  0.600448742866787     
  2.331159769454955E-002
  0.126773933506090     
 -0.361645704840267     
 -0.211823034421083     
 -7.337638089430679E-002
  0.927765914444195     
  0.298370267568841     
  0.940051460971662     
 -0.290478052445602     
   1.27396001004940     
   4.10398618476146     
 -0.909470954126507     
  -1.59078265594164     
   2.00662684766493     
   3.13319700538182     
  -1.20951270512074     
   1.50958930376471     
   1.27365583861955     
 -0.653556755102385     
   3.55406098172770     
   4.45790780451473     
   1.54022441005428     
  0.140969420499982     
  -1.12517691516513     
   1.16201446633515     
   6.77277468960693     
  0.200197675080265     
  -2.62296660764986     
  -3.96748160737420     
   5.92906878446268     
  -6.46579174003799     
   6.41928881038154     
 -0.902323004789972     
 -0.737801328936872     
  -2.68495650928776     
   3.01062684725791     
  -3.62877869897176     
  -1.35501676838752     
   1.81346660031171     
  -4.77657298831301     
  -1.64012586025569     
  0.458269635827426     
  -1.54828717768442     
   3.86124801416561     
  -4.78855069699230     
   2.28782651874640     
 -0.676152544790040     
  -2.50445439121236     
 -0.336093986671780     
   1.50333384307127     
   1.46679761878273     
  -3.33252817735918     
 -0.636218650972308     
 -0.454171159176236     
   3.74443568920289     
   4.28269381342757     
  -3.57254413920316     
  -3.32414123702705     
   2.42478397140395     
   1.60080305147762     
  -1.35954073942083     
  0.808063216776726     
  -1.23433611428940     
  0.392939261950292     
 -0.546632226244268     
  0.117879877778620     
 -0.393171389206936     
  0.102869544171889     
  0.449593183794372     
 -0.607142134440791     
  -1.48630223052036     
  -2.57925899642519     
   1.70171027343512     
  0.595185908319565     
 -0.363583867383811     
  -1.45590101675117     
  -1.98318569918086     
  0.763049555074077     
  8.751842141136239E-002
 -0.909062520519403     
  0.670729259216793     
  0.839789691584317     
 -0.565483665037556     
  0.595594167639378     
 -0.310705948238209     
 -0.392529838493266     
  0.682204010912195     
 -5.506709196433952E-002
 -4.848643749698651E-002
  -1.16382945975099     
  -1.79788800639374     
  -1.27379190969767     
  0.511489151356523     
  -1.49882332752129     
  0.441331735423386     
  0.725871769527524     
 -0.109569817831406     
 -0.741184858138689     
  0.295342608863836     
  5.754509540891711E-002
 -0.505398320018761     
  0.825048806107619     
 -5.766529236860985E-002
 -0.153436384144005     
 -0.659548826881365     
  -1.42338031207840     
   2.10874223708489     
  0.311296021750096     
  7.156662890789708E-002
  -1.07833456207105     
  -1.25997490694779     
   1.32070430922516     
  0.918968207632323     
   2.18819270369657     
  0.862128494166368     
   2.20411505973767     
 -0.257784452621523     
   1.56065669132871     
  0.677701863240953     
 -0.709914477258435     
  0.177359724932526     
 -0.685332908461641     
 -0.516676534324360     
 -0.665836799693730     
 -0.373570650615290     
 -0.863447032016515     
   1.41466313933451     
  -2.75205767069703     
 -0.343228201932736     
  -5.04893520422125     
  -1.53485498402281     
  -2.34665927373286     
  0.755461083333388     
  -1.86422340734353     
  -1.45909142039637     
  0.859428398420780     
   1.88720086584011     
 -0.607155103073136     
 -0.123583513040013     
  0.503265638207253     
  0.566427196998155     
 -0.243055316823576     
   1.63152223919055     
  -2.03323591698519     
   2.20745718255695     
  -2.34353511308744     
  0.902988819145557     
 -0.467986015074586     
  -2.89146649403509     
  0.468238337806514     
  0.609356307772330     
   2.21268969849810     
  0.681987485723222     
  -6.01943684102871     
   4.43919450189419     
 -0.635528554296079     
  0.102616895922886     
 -9.492664140298759E-002
 -0.628521214632801     
 -0.480056643663455     
 -0.480563132893197     
   2.38117860094815     
  -1.84022991028146     
   1.02581142306836     
  5.682235976808071E-002
   1.52050111913855     
  4.446896444693512E-002
  -3.45743922009468     
  -1.36120537795880     
  -1.41999034912354     
 -0.990865249961887     
  -1.47054252687104     
   2.00780511585170     
  -2.17433642491852     
   2.45225810536400     
  -1.06574361181772     
  0.677310937374205     
   2.44910767278265     
  -1.62176260307119     
   1.98000114007057     
 -5.990673758236756E-002
  -1.09815550664118     
  0.201351142938344     
  0.395561404825925     
   4.17777212698717     
  0.546554150325701     
  -2.70584842485293     
  0.346798417358776     
  0.754804135412516     
  3.489593323983788E-002
  0.439266429494836     
 -0.506433417781195     
   1.22417352208339     
  -3.23960371062720     
  0.747321696966205     
 -0.499365671770750     
  -1.26319178242141     
 -0.824254925372721     
 -9.646760242571535E-002
  0.152616281562069     
   1.02349282965455     
 -0.748107970572707     
  0.910252543833098     
 -9.295906780887736E-002
 -0.332444379140445     
   1.42750682780106     
 -0.531017345614378     
 -1.952726007402470E-002
  1.831671102597566E-002
  0.793395058597853     
 -0.822861535130203     
  0.302555424336358     
  6.050468943530827E-002
  -1.43750963286584     
  0.472455413652911     
  -1.00128537567418     
 -0.344419289619273     
   1.15392548766310     
  0.660290622282225     
  -1.52334286819303     
  -1.80825034666813     
  0.610420903839751     
 -0.410016267494199     
  0.922166645801658     
  0.106323174530497     
   1.12707571344705     
 -0.449752349299335     
  0.295988036727214     
 -0.219377915532007     
 -0.988528331955472     
 -0.462877214787848     
 -0.272272203470917     
 -0.667539264883360     
 -0.182096658191186     
  0.754240718905961     
  -1.02991625791173     
 -0.598985182980269     
 -0.913086684999786     
  0.109949279445876     
 -0.976860011771333     
 -0.241035003974786     
  -1.01730813502150     
 -0.215376028879467     
 -0.168898616638380     
  0.473400441413961     
  0.727265384838345     
  9.670315134707237E-002
   1.52400268458233     
  -2.19980795880517     
   1.56553231381747     
 -0.998685181574757     
   1.21009600423611     
   4.95567442972887     
   2.19723480618258     
 -0.112030695934180     
 -3.859416219746874E-002
  0.269500845611320     
  0.283067393180542     
 -3.151647473635869E-002
 -1.427145175006137E-002
 -0.154341898453155     
 -0.241571736912550     
 -1.601831552544116E-002
 -0.290758879995583     
  0.984835618845418     
  0.235831132853246     
  0.797755099548759     
  0.112870819177117     
  -3.36768586053354     
  0.424559003719552     
 -0.839797049752337     
  0.593191495508060     
 -0.120930337373825     
  -1.34283184970356     
  8.559381394251554E-002
  -1.88005688435694     
  0.625115554559218     
  -1.83450708327359     
 -0.638451581305021     
 -0.627152518004532     
 -0.454661161855938     
  3.092087130014413E-002
  0.941860086822470     
  -3.70140339443002     
  -1.35465352414780     
   1.05987105676335     
 -0.773781041366267     
 -0.619425222983499     
 -0.382044163094339     
 -0.511798344436890     
 -0.371537835363159     
  0.487326347817438     
  5.329099491377845E-002
  0.869093601106940     
  0.457921736049465     
 -0.281352250962647     
   1.23605009451825     
  -1.54188506741862     
   1.76125374918192     
   1.84719580025586     
 -0.728981848232278     
  -1.48200432792120     
  -1.33982087002766     
 -0.214979045882719     
 -0.641177476019016     
  -1.30422046349006     
   1.27171393273474     
 -0.392276468003128     
 -0.872079800666965     
  0.858235618963587     
 -0.808482708994002     
 -0.472006320888673     
 -0.366753434388322     
 -0.653288125127836     
  -2.05730618674365     
   1.53566405964420     
   2.00056086992117     
  -1.49801998702986     
   1.59902391097618     
  -1.14208680977108     
  0.656512391081599     
   2.99269856474430     
  0.389106701001330     
   1.03947978952540     
  0.510279007648060     
   2.67170785228806     
   1.62068776619804     
  -1.10491419479751     
 -0.193927630781425     
   1.21826357039152     
  -2.69877333365117     
  0.264628286441290     
   2.47425588825319     
 -9.331981849438095E-002
  0.639358906634398     
   2.27998665394731     
 -0.872955302008928     
   1.14860360704752     
  0.347334356679038     
 -0.141027135350937     
  0.131424503275055     
 -0.323101421947401     
 -0.815727658511364     
 -0.728755029363565     
  0.423055621179888     
 -0.471788148502149     
  0.627622314649651     
  0.352002609419314     
  6.626411620572317E-002
 -0.972282886828727     
  0.652225533462832     
  0.203599552908060     
  0.141704890458112     
 -0.440519567683952     
  8.106819826712934E-002
  1.497953766464973E-002
  0.357903893837066     
  0.978388967277299     
  8.792241056854859E-002
  0.944335535203783     
 -0.326362177697063     
 -0.279336321335022     
 -0.116821792585857     
  9.277923899585450E-002
  0.854214010047182     
  0.750913675973866     
 -0.507897621771504     
  0.216409109136027     
 -0.354651117471911     
  -1.08448003318525     
  0.166151833319125     
 -0.539222350660198     
 -0.278692021693077     
  0.489710033584978     
 -0.138170752039284     
 -0.205572385021280     
  0.603559308120235     
 -0.107154961630287     
 -0.495412450197748     
 -0.209605433792882     
  0.825829964015062     
  0.209006817256751     
 -0.455565635147479     
 -1.131104588941233E-002
  0.307782715385609     
  0.875143826321374     
 -0.318097915505623     
 -0.110400351079839     
 -0.489470201180376     
 -0.779205789260365     
 -0.137049367909611     
 -0.746512786948989     
  0.100812958400725     
   1.67204503757714     
 -0.127211687882166     
 -0.908689766773579     
 -0.582431310118196     
  0.408384665109150     
 -6.586328029513884E-002
 -0.335514011869548     
 -0.120526756270229     
   1.00172443992273     
  0.670118147131216     
 -0.155522290141304     
  -1.20971039988876     
   2.14549096882965     
  0.342940616507082     
  -2.34011699590612     
  0.408909086939685     
  -1.09818680672173     
   1.19245955084706     
  -1.56512852980708     
   2.17679607305852     
  -1.14710386979151     
  0.514498758233894     
  9.785653942488880E-002
 -0.390552968358206     
 -0.489273393330384     
  0.295720486908794     
  0.613130763093468     
  0.728216541367473     
  0.712454816553546     
  0.186249979834538     
   1.19479844671017     
  0.893334293787001     
  -1.16860800516034     
   1.06810843331266     
   1.04851163066297     
 -0.368176054212892     
 -0.393201899565129     
 -0.908014999713559     
  0.775060420233193     
 -0.647983135437752     
 -0.403236937388211     
  0.181489348729568     
 -0.105144214216441     
 -0.695708636673923     
  -1.79757859834149     
 -0.289778068435573     
   1.13733736797263     
   1.25737270831388     
  0.323062558157362     
  -1.00053637485605     
   2.22166881624551     
  -1.01926678213175     
  0.184806735815530     
 -0.711655759841319     
  0.494192028307344     
  0.156497099185538     
   1.34348879060155     
 -0.976973296402843     
 -0.316258507091844     
  0.191954011499786     
  -2.19895864782573     
  0.187338429608322     
  -3.21774939810380     
 -0.465841435213120     
  0.652082009869030     
  0.569957343733844     
 -0.442510863119916     
 -0.718581151453894     
  0.745877695161125     
 -0.315831272613150     
 -0.354727913657323     
  6.175338110034791E-002
 -0.908343771411371     
 -7.734057640433788E-002
 -0.221529695451572     
  0.241566878275852     
  -1.55098649351920     
 -0.846174141015576     
  -1.58013431200308     
 -0.262923073118238     
 -0.225634097437619     
  -1.03470730313592     
  0.111599206703801     
  0.109309686854025     
 -0.721937677879453     
   1.14903501809079     
 -0.665190207573879     
 -0.394995173296192     
  0.603316928573221     
  -1.04968512857024     
  0.766766155455376     
  0.105349675056729     
   2.53867308370987     
  0.736313986179966     
   1.43958707511800     
  -3.61952865895347     
   2.17959811737312     
   1.65715984624850     
   1.87023417227836     
  0.607825834947761     
  -1.84223712837320     
  -2.03254529025387     
 -0.211575693288029     
 -3.415848341729959E-002
 -0.605605520734603     
 -0.767607432514433     
 -0.342952440640182     
 -0.432632142180500     
 -0.849866257886891     
 -0.686251656444108     
  0.297271775067146     
   2.42264090481026     
  4.103768229627412E-003
  -2.97915327402329     
  0.452053887108023     
  -1.39868998656658     
  0.904135092698321     
  0.696667603425275     
 -0.403450054818453     
 -7.560861434673646E-002
  0.281004687601678     
 -1.561510159186839E-002
 -0.507755543400331     
  0.292003170142261     
 -0.661604728364920     
 -0.454771265755971     
  -2.30891828925499     
 -0.422148983573151     
  0.103331998065241     
 -0.630117557936971     
  -1.62297740325104     
   2.88395690897205     
 -0.193152452326415     
  0.750621872258115     
  0.171619277777126     
   1.11381637417888     
  0.291993829050045     
 -0.116307768958537     
  0.506070854519976     
 -9.133957035156211E-002
 -0.476028956246690     
  1.382133654834965E-002
   1.69960158104972     
  -1.55891604716089     
  -1.29345796013795     
  -1.16626982190740     
 -0.701240975534307     
  0.587105882672830     
 -0.437680168662230     
 -0.777717543118338     
   1.06247128433697     
  0.860898375234528     
 -0.330335545428380     
 -0.322568781684515     
  0.173715204540239     
 -0.768960396484052     
  5.513505333185482E-002
   1.46735632249777     
   1.67690109876623     
 -1.705023474439615E-002
  0.639602354181959     
  -1.74083119725053     
   1.79404974186365     
 -0.216141124278038     
 -0.884656441829119     
  0.581375707258531     
 -0.804618134365307     
 -0.391039601882391     
  -1.17533246961677     
 -0.572828322925456     
  0.242146294928935     
  0.566525041872238     
 -0.502954412258382     
 -0.691027574617304     
   1.93719408825547     
 -0.345851851569133     
   1.23343225904320     
  0.981565025250874     
  -2.11576955521850     
  0.883525460509902     
  -1.20265396859484     
 -0.116617057656070     
  -1.96887607252663     
   1.85526341823028     
  -1.09615510650147     
  0.479690124927823     
  0.388626250048410     
 -0.417054932301436     
  0.980722345851464     
  0.582397707808303     
  -1.06663521861102     
 -0.783823548369042     
  0.919067036974215     
 -0.690537105681982     
   1.64086445423651     
 -0.263788831290542     
  9.940866099101298E-002
  2.594386628241097E-004
  1.431275264313615E-003
 -0.877313041272473     
   2.53392467329662     
 -0.200005415353255     
 -0.303146896712686     
 -0.235516807151859     
 -0.142778689070012     
  8.788800014440656E-002
 -0.110913073297070     
   2.33538141911514     
  0.987773501223809     
  0.522171689213587     
  -1.00385912974656     
  -1.50140360712420     
  0.987799520634945     
 -0.680434081176569     
  0.293342898525332     
  0.608694441071383     
  0.951524268912925     
 -0.263294353137637     
  0.332643512611148     
 -5.349180400908597E-002
 -0.498942035606576     
  0.585272355068342     
 -0.588093593145057     
  -2.82071463834018     
  -2.37783167284142     
   1.87212593184135     
  0.304131370008048     
  -1.06312116463773     
   1.19362225259481     
 -0.606637122968535     
  0.673029726081410     
  -1.89835010349795     
  -1.18708100541101     
  0.383567373928814     
  0.655731970540788     
  0.149739934475965     
  3.640739467993075E-002
  0.133799679324641     
   4.68737009613411     
  -5.07074327000068     
   1.61388960088599     
  0.861028835080698     
   1.42774224929263     
  -1.67006141038121     
   1.53414340328903     
 -0.912348864330654     
  0.151641068773240     
 -0.466939092706263     
 -0.163981191843119     
 -0.371784305919021     
  0.136291377719519     
  0.640885826069686     
  8.706195547367079E-002
  -2.22482658246023     
  -4.70877234358055     
   2.98815478034438     
  0.615332139033458     
  0.692270218675396     
  -1.71931751771508     
  -1.71765252563107     
  0.307969561101782     
  0.141472677942769     
 -0.615022484968371     
  0.673961892718573     
   1.23534283634971     
 -0.766415980762908     
  0.373484423611960     
 -0.336647803328278     
 -0.602055394114641     
   1.12417755831293     
  -1.47303110274442     
  -1.18052551716832     
  -1.61922795686418     
  -1.00446205504625     
  -1.71004804293432     
  0.422927849062647     
  -1.81519734856891     
  2.202754239667624E-002
  0.544699575040910     
  0.233865729039340     
  -1.29403150763248     
 -1.298748430553910E-002
  0.142981719234345     
  -1.08927637181570     
  0.188184547064384     
 -0.253931663191259     
   4.85771201989988     
  -6.13690058921659     
 -9.022685969629711E-002
 -8.668079874639222E-002
   4.84922876947385     
  -1.88992229334653     
   1.27725793177668     
 -0.706314063329340     
  9.551623444445874E-002
 -0.743155858826283     
   1.96978192113227     
  -1.87062062811479     
  0.325791079032712     
   1.47020078077793     
 -8.112871973146912E-002
  -1.90133983268013     
  -1.83744653868429     
   3.62012919869905     
   1.26367200672752     
  0.654865919220029     
 -0.901246453755836     
 -0.240707873321137     
  0.267244981970706     
  0.148272271419304     
 -0.141176779051366     
  0.435523838212296     
   2.90885111723482     
 -0.842450551369134     
   1.57905005069467     
 -0.950134835926580     
  -1.42845091357151     
  0.331163721719320     
 -0.901675146862079     
  -1.82029595894650     
  -2.98797446130960     
 -0.508010202112293     
 -0.882399933525788     
 -0.643434008841081     
 -0.444335733965169     
  0.550919384068773     
  0.611556056730142     
  -1.22127772850208     
 -0.790955333341078     
 -9.834006474247059E-002
 -0.245241428044899     
 -0.434006870470057     
   1.58693299706054     
  4.901277323595944E-002
  0.215573991757717     
  -1.51283315735842     
   1.88871160002826     
  -1.90505982426655     
  0.277442459487912     
  0.448463363147201     
  0.164238289526545     
 -0.756581243033567     
  0.275332608063710     
 -0.455692224868926     
 -0.226525383537319     
  0.276334178252637     
  0.226114578676700     
 -0.274386409350502     
 -0.269843902248957     
  5.595113159565653E-002
  0.228711937225843     
  0.410905585314181     
 -0.563451049980407     
   1.31097168724866     
 -0.715760253848390     
 -0.920331531813082     
  0.254180417058957     
  0.334836767332541     
  -1.43572943122429     
  0.630715583993499     
 -0.363396416635590     
 -0.120159296924367     
  0.469799545813399     
  0.322016312473303     
  4.991783404449224E-002
  0.217883903635791     
   1.19466246894564     
   1.25443473661546     
  -1.05757073482756     
   1.65994102709935     
 -0.477586801038821     
  2.512658687394313E-002
 -0.877756645402714     
  0.148911803042652     
   1.07575995335766     
 -0.515655419941731     
  3.370851657769123E-002
  0.222247071689162     
 -0.156059545409055     
  3.536948166537618E-002
  0.119830169818077     
 -3.297637475462874E-002
  -1.02667870769280     
 -0.987407537543138     
   2.38907716303285     
   1.60744441768463     
  -5.02807161309598     
  -8.67742323204216     
   4.05036118039349     
  -4.41109505165701     
   4.52057970951262     
  -3.59638118154182     
   3.05299876248956     
  -3.55698770859143     
  0.415187067863024     
 -7.300176984799983E-002
  -1.01879696899384     
  0.854076521675758     
  0.577240175630722     
  0.915633206970264     
  -2.16519616463790     
  -4.49431938862697     
   1.34230557371442     
  0.928669685493537     
   3.38989700691237     
  -1.20307213910247     
  -1.86070761155236     
   2.39084794986384     
 -0.680597849165958     
  -1.44417667712854     
  0.974338655143788     
  0.256678643411727     
  0.277570636061737     
  -3.61051496744978     
  0.857229442789972     
   3.40868504004823     
  -7.31940871019634     
   1.80208081652320     
 -0.919308629227726     
  -3.65332704838088     
  -8.04460522636211     
  -1.50102083232611     
  0.433028170697136     
  -1.86532742568458     
   1.36921541025606     
   3.69871769534406     
  -3.20033968515246     
   1.34131551809859     
  -1.94301144073826     
  -1.34706250969680     
 -0.250699909724437     
 -0.461356336395379     
  -4.59846168953060     
 -0.316196770205502     
   1.92497052984386     
  0.666860903402355     
  0.262728502993387     
   1.81748037059912     
 -0.883764630467332     
  0.398577579227984     
  -1.11721871165258     
 -0.903244349508795     
  0.870182516143756     
  0.270899842013420     
 -0.999510147235384     
   2.05146765435523     
   4.36629440246087     
  -1.00595197438106     
   1.13639584061752     
  0.804933923057202     
  -1.16321454385753     
  -3.05854634681023     
   1.11640279787027     
  0.322258319701595     
 -0.675169790978690     
  0.698800176668229     
  0.975716596036049     
  -1.17114011097693     
  0.896623507761282     
  -1.16972892811595     
 -0.249878977498084     
  -1.47661308531107     
   3.27934166549121     
   1.82885918874071     
  -1.70426205279156     
   1.72799351216282     
 -0.589942246442448     
 -0.781192543316953     
   1.06315207195531     
  -1.14512657137114     
  -1.41819384845974     
   2.98024793694215     
  -2.43826871139964     
  0.238772055089110     
 -0.240218344670089     
 -0.566029708164022     
   1.93903802544540     
  -1.10558642672743     
 
   1.12532667571260     
  0.349268672085989     
  0.256229932029083     
 -0.697382671148266     
 -6.244315454762115E-002
 -3.171157984412432E-002
  0.706803904558914     
  -1.55163912909583     
 -0.184389286836154     
  -1.18772469719462     
  0.581121037853610     
 -0.865203230571658     
 -0.461997847643144     
  0.322946148669557     
  0.626347798198594     
 -0.574962458356630     
  0.594238540886283     
   1.23728587106330     
  -1.06273798506884     
  0.719220656629376     
 -5.040424042295068E-002
 -0.573130124090733     
 -0.903146905835851     
 -0.595908863185249     
   1.18978105254898     
  0.121969017048200     
 -0.391732832344793     
  0.852447140670328     
  0.983086531810865     
  -1.66206872022052     
 
 -0.542172003688601     
   3.19961460615534     
 -0.381206464033292     
 -0.490479856620572     
   2.60149989311724     
   1.15409329967011     
   1.04594293091493     
 -0.100676231745754     
   3.15742690545860     
 -0.954455430248328     
   2.11581131817122     
  -1.93104886556023     
   1.24875194889170     
 -0.810349328990495     
  0.236126781645158     
  0.423451651684315     
  -1.40903369149544     
   4.07812660310195     
   1.66802429768847     
  -3.87954546300404     
 -0.846878857569742     
  -1.49742514963023     
 -0.516481916640196     
  0.435392034554819     
  0.810128058924207     
  -3.86832285196922     
   2.27881800987888     
  -2.64781395528426     
   8.29243449895846     
 -0.153507523400206     
 -2.204897246529340E-002
 -0.264512825873666     
 -0.594973903978031     
  8.376293158632506E-002
  0.688564839913667     
  4.848864769980998E-002
  -1.58724255935575     
 -0.398020507712930     
  -1.27019272450481     
   2.28571468334459     
   2.20223228347374     
  -1.98593598151507     
 -0.795209153786518     
   3.55141874652724     
 -0.822148251280902     
   1.18278851847088     
   2.28966028940063     
  0.502485785059873     
   1.25527582069722     
   3.27643023340841     
  -1.18199219275898     
  -1.19586939973638     
  -2.13568411597389     
 -0.891020633293959     
 -0.684569487640004     
  -3.59439929218961     
  0.310153970866794     
   1.85568852477285     
   5.62084458365783     
 -8.893985615693220E-002
 -0.301238302746975     
   3.67513722347441     
  3.871942799945564E-002
 -0.641115805372808     
  -1.02986676352177     
 -0.405010747301371     
 -0.390641880334104     
   1.04442738368890     
  -2.25776098657818     
 -0.739315634569169     
  0.752678751254055     
  -1.09684738422692     
   1.32954111949352     
 -0.146740030313403     
 -0.413833461021039     
  7.986054711617249E-003
  0.328505916205585     
 -0.370186790694614     
  0.370493077478779     
  0.756885790293781     
 -0.439472963496920     
  -1.75958875683250     
  -1.40869310315115     
  0.634322246072745     
  -1.40061242779977     
  -2.17210280441750     
   1.38547342708869     
  0.686978418376432     
   5.49589461158087     
 -0.278167335856759     
 -1.481481887875103E-002
 -0.406901009833078     
   1.00838666556145     
 -0.502135359523321     
   1.52032117688854     
 -0.607929552531347     
  -2.06716929341615     
 -0.815343112581987     
 -0.277056018780409     
  0.116005897967652     
  0.726128074167006     
  0.619842920011582     
  0.931728178119072     
   1.10938553522313     
  7.966860570675408E-002
  0.444281457554437     
   3.79636868458710     
   1.07674874194215     
  0.899249751052445     
   5.18926023115603     
 -8.507938570765915E-002
  0.177762622840660     
 -0.476821118967794     
 -0.137485011578726     
 -0.488316200494267     
  -2.56226993070331     
  0.405486975456815     
   4.68820154811578     
   1.82194479108028     
 -0.102275446925653     
  9.823278072185737E-002
 -0.701345164250002     
 -0.260036866533013     
 -0.371289240362394     
  -1.43127345509833     
 -0.166528333982679     
 -0.492333984835652     
  -2.19641618778236     
  -1.99610522406826     
 -0.668645645749473     
  0.642118359924387     
  -1.65109053350159     
  -1.18447123767352     
   1.07085489265393     
  0.939671335981729     
  0.828596557539886     
  0.860830662572158     
 -0.647183634267163     
   1.39745106361745     
 -0.152508893394933     
  8.864443847827892E-002
 -0.331095232587280     
 -0.499552658856190     
 -0.728187421813676     
 -0.205567632123157     
 -0.989476402030124     
  0.181775981390777     
 -0.116253283885984     
  -2.59629836779568     
  -1.28465071899509     
 -0.422312479799059     
  -7.96744933559418     
 -0.560360911209989     
  -1.06613885705194     
   1.43997398126444     
   1.08176480154075     
  0.888341615232777     
   1.31459678743611     
   1.70135141492357     
  0.468230552788018     
  -1.21373480094908     
  -1.19979165308839     
  7.191103408331474E-002
  -5.65825572650017     
   1.28071071237188     
  0.311588759441182     
 -0.389994756017820     
  -3.21339272186936     
  0.401304575438464     
  0.266968611382942     
  -3.46362010090812     
  -2.06138922303931     
  -2.10528119350172     
   4.27198506050975     
   1.24372551538034     
   6.66741715674891     
  0.143506500677285     
  -1.25961103441630     
  -5.66640846781866     
 -0.315355694638929     
 -0.121703744458411     
   4.37971163645232     
 -0.753225372367187     
  0.452283978354487     
   3.56682657530015     
   1.26463038944479     
 -0.493277562093766     
   1.31726630157389     
   5.64639036384934     
  8.582491585168744E-002
  0.466407063592367     
   4.91396813336855     
 -0.518553217919000     
   1.61532383922151     
  0.805070163497124     
  0.184473943955308     
   1.06955578005034     
  0.631136341271704     
  0.792260431646781     
   6.95281704225830     
   1.51944440822855     
   3.30956001446060     
  -1.85760134800229     
  -2.08857875147050     
   1.08458471285344     
  0.198898413125338     
  6.335544293767763E-002
  -7.04075623509604     
   4.96753272569281     
  0.815456343941544     
   2.85982121767887     
   6.03782933718716     
  0.714622855025789     
 -0.440320467661066     
   1.75795108615161     
  -1.42826179976792     
  -2.25186409101703     
   3.09356229130669     
  -1.89515220597183     
  0.763194790506232     
   3.55898300335324     
   3.39371340433543     
  -1.29627041120274     
  -3.43663263136780     
  -2.02409854976699     
   1.64934549928554     
   1.79148681729535     
  0.449158622329655     
   1.63204372073662     
 -0.408883149994172     
  -1.71728762330968     
  -1.00505677354813     
  -1.88288908617258     
  0.469768040421692     
   2.05088054907056     
   1.05416402598484     
  -1.83359994421640     
  -1.47763369109445     
   5.38164597154875     
  0.173590467083675     
 -0.251292207898994     
  0.811274125854287     
   1.33282633388611     
  0.445573266275684     
  -1.41400503479842     
 -0.406730322421292     
  0.348410487227937     
  -2.14826211151415     
  -1.49492580966389     
  0.371538705313214     
  -2.27231310891812     
   1.63477786449183     
  -1.01967361818803     
   1.70869633972139     
  0.107921761123853     
 -6.659587893863303E-002
  0.117108046482067     
  -2.61838722743018     
  -1.20968204229701     
  0.526111906911244     
 -0.216305867902426     
  -1.62230349516211     
 -0.299517154954036     
 -0.536519929962615     
 -0.117093439254125     
   2.85615281579514     
  -2.08617359434536     
   1.06928075491768     
  -4.78715619898204     
 -0.581070939982204     
  0.231736748652190     
  -2.52353925569440     
  0.955063471625602     
 -0.683895465527170     
  -1.16291470001211     
 -0.897618401847182     
  -1.30250112758761     
 -0.237824012030135     
  -1.05676435719278     
 -0.457584942451197     
  5.212091243112765E-002
  0.916328794460937     
 -0.951436498201706     
  -1.09794313861583     
  0.197111366555418     
  0.108490858915546     
  3.228459027887065E-002
  0.405208428269817     
  0.303944418420681     
 -0.965044697996187     
  0.869737314268942     
  0.354228976585484     
  0.575767442161297     
  -2.40630290498572     
  0.161478872056120     
  0.265918460632167     
  0.223148974917272     
   2.65601891074761     
  5.767688142557699E-002
  0.181818249651781     
  0.906692967592820     
  -1.80698453020542     
  0.124610866356310     
  0.857776963082397     
  -1.55115043829409     
 -0.254777535178185     
 -0.846247678154537     
 -0.868683047236284     
  -2.30881092903868     
  -1.48017180066749     
   3.10810875684805     
  -1.89925663540623     
  -1.49972266507388     
  -1.61969677714951     
 -0.356758573771128     
  0.174582267919866     
   3.18325133025011     
   6.36241962582304     
   3.91175776396107     
  -5.11273776905924     
 -0.539252715709734     
  -1.05397349462715     
   1.13088820761324     
 -0.501473357023495     
 -0.864180790076231     
  -1.30511147774790     
  0.247643099795629     
   2.27238075712714     
   5.02538444639211     
 -0.449963866211405     
  0.119505298599928     
   3.60032176568119     
  0.355940550455618     
  -2.05032398451925     
  -1.87712747693967     
 -0.901623742239721     
  -1.63221643350190     
  0.717216533575729     
  -3.64734572630302     
 -0.989642427649853     
   1.89299029156482     
  -4.25432811153701     
  0.786961524775884     
  -4.14668093690149     
  0.406393520180674     
  0.822368024615919     
  0.627545464050760     
  -2.55691053572948     
   1.84095905537524     
  0.850585609754598     
 -0.242158752500458     
   2.72456167568069     
 -0.100574680728960     
   1.50724969445577     
 -0.889867713496206     
 -0.906178884170778     
   2.11620674734811     
   5.86568740076146     
   8.03665057567470     
  -1.13825224879685     
  7.501787066820993E-003
  -2.00825334273401     
 -0.855607908886772     
   1.03874586539218     
  0.575970546089582     
  0.864855480833012     
  5.506868466302763E-003
  0.462781170005269     
   1.34334894619841     
  0.397293759673133     
 -0.232964065316957     
 -0.482039692603140     
  -1.76188730231092     
   2.73006248182080     
 -0.278113077791236     
  0.251890307313262     
 -0.576328359516841     
  0.632899906009126     
 -0.301942228860968     
  0.651203769913967     
  4.807291825111629E-002
  -1.53430093235697     
 -0.325049159740662     
 -0.339787937700740     
  2.829903303267708E-002
  -1.31318122402696     
 -0.393425328891980     
  -3.27527238172345     
  -2.78739761288978     
 -0.123219217152547     
  0.752903844225196     
   2.45960643846030     
 -0.844771025362081     
 -0.220066327979354     
  -1.57076020003664     
  -2.23601912365958     
  -1.44452540345188     
  -3.80270329250192     
  -1.10017914570377     
 -0.251921722501385     
   1.63803668492277     
 -0.110952758157690     
  0.921954176028679     
  -5.94149168701818     
 -0.214620629653236     
 -0.992761267146406     
  -1.96514744939746     
   5.29416304109197     
 -0.726940167501103     
  -8.58357086677944     
   2.28399639447758     
   1.86736291398371     
   4.24748546004643     
  -1.58263641304256     
  -2.55841329859166     
   4.68584634174830     
   2.02059926160289     
   4.82244300413607     
  0.962050298049610     
  0.832180128223607     
  0.202687429811769     
  -1.09360067590343     
   1.63751366889104     
 -0.145481948238177     
 -0.935190494353437     
  -1.18300174312243     
   2.23670999258863     
   3.70616854579520     
 -0.548635403242229     
   1.81814999901460     
  -3.24662047785261     
 -1.204595187085557E-002
  -1.14536577382665     
  -4.13035258428682     
   1.06550832115944     
 -0.553453474237600     
  -1.06309163298253     
  -3.73999549405638     
  -1.59972010038721     
  -2.22012675758078     
  -1.06969920154241     
  -4.57102087526508     
  0.367629872679317     
   2.76383530389054     
  0.581061495690506     
   2.08002208566837     
  0.723608122561629     
   4.53109458538376     
  -2.21165217122609     
  0.524327469661819     
  0.407698078475450     
  -3.37739711327573     
 -0.890829710865789     
  0.643126958405246     
   2.75588503027165     
  0.698200443294504     
  0.576503544330272     
  0.476766060078293     
   2.70738551651595     
  7.640469364399356E-002
  3.646705856914752E-002
  -1.22338843716701     
  -1.94587769730981     
   1.40659124849651     
  0.297944924744981     
  0.424272655536034     
  0.182606805012044     
  0.374383841065126     
 -0.546256883431212     
  0.741216564692190     
  -1.04634089955874     
   1.21075532781380     
 -0.946599375026020     
 -1.178437346394801E-002
  0.348568090309596     
  -2.11761317076187     
  0.911575502279405     
  -1.63623121976200     
  -2.77118946312054     
 -0.628819042941202     
 -0.141227215344047     
   3.96853982693247     
  0.643205420617118     
 -0.462714022620370     
  0.193671734679966     
  0.692086811209545     
 -0.665003037450675     
  0.832108479245614     
   1.29887745036186     
  -1.84073464470721     
 -0.666292388263972     
  0.624297920718535     
   1.13116307820941     
  0.849904032567382     
  0.317812415465210     
  -1.23867122206495     
  0.472657149549892     
   2.20548473757516     
  0.482548563453385     
 -0.735465644922405     
  5.116363221243583E-002
  -2.34550422208713     
  -1.51466259541528     
   3.45730964988845     
 -0.106563611634219     
  -2.00899866509494     
 -0.290860761632544     
  -1.93147387499457     
   2.19960333688267     
  0.795806933492545     
 -0.535781757263644     
  0.432774457948269     
   1.22596507961828     
  -1.31764197921195     
   3.58650212675167     
   1.02656229681946     
  0.337620058267349     
  -2.02007498280474     
   2.00470323542792     
  -1.93127824477519     
 -0.692944236236573     
   1.16500978076576     
 -0.108518667199412     
   3.86691750159017     
   1.73668316753714     
  -1.36615575285270     
   3.09175607102216     
  -4.70929711114841     
   1.62683514768762     
   6.25466512784277     
  -2.53215492211771     
 -0.397024405366493     
  -2.63120783977753     
   4.04948858038149     
  0.847346039745387     
  -4.94736664373216     
   1.03920598769150     
  -5.52172126376451     
  0.391663453557343     
  -2.09253027825945     
  6.763138229338560E-003
   5.68497255426590     
  -1.86355098337622     
 -4.258298621059619E-003
   2.33942977567653     
   2.10210099722458     
   4.00155871080657     
   1.23839007235273     
   1.67775119823063     
  -1.33156266984138     
 -0.356688448546642     
   1.11687160015037     
 -0.778663230459807     
   5.79183328939527     
  0.633225102789705     
  -1.71005392335639     
  -2.26102682033306     
   2.66721952492806     
   1.01898919391811     
  -5.29658139971903     
  -2.03626098557325     
   2.20537700527032     
  -2.35834964595060     
   4.64254167314134     
   2.80056750344156     
  -6.98548749983130     
  -1.24344672758362     
  -5.77132867657873     
  -2.79011461564070     
   3.22505420709925     
  0.931066551384982     
  -4.49252377334925     
  0.389908690696635     
 -0.999121905343123     
  0.698248055195749     
 -0.395532159104864     
 -5.373267207758283E-003
  0.937414210614828     
  0.535221874087568     
   1.29221633908147     
 -3.601225384207135E-002
   1.43140798801203     
 -0.305425272148339     
  -1.26834203441626     
 -0.321483631253135     
  0.709992062603841     
 -0.575886650187574     
 -0.666088463594377     
 -0.192723782692953     
   1.11503010723079     
 -0.840586880384308     
  0.748884406434920     
   1.04647420684733     
   2.54770837235150     
   2.43624958208818     
   1.49913682147073     
  -2.14144189709559     
   1.32358377935054     
  -6.53446635384169     
 -0.386914202538993     
  9.899208353759377E-002
  -5.58133181407357     
  -1.08782056195898     
   1.16561047725759     
 -0.714654756725284     
  0.427395164844763     
   3.87348127934415     
 -0.779022095875922     
  0.469394977404326     
 -0.621399600793876     
  -1.83819098762320     
  -1.65819259616524     
   1.13114682625777     
 -9.800358157880165E-002
   1.44556423712487     
  -1.67547494651064     
  -1.55314201590134     
   1.56314674459132     
 -0.313991669880669     
  -2.55108333018557     
  0.439947982436602     
  -1.37650090851733     
  0.493520766252988     
  0.350495759030644     
   1.00718196309800     
  0.863800015572909     
   1.62272122218626     
  5.158511065424828E-002
  -5.21876902315175     
  0.598550680705686     
 -0.417141322009324     
 -0.904907678628206     
 -0.611041959183524     
  0.134081286319740     
  -2.54292451706192     
 -0.330952649487534     
  -2.21164147256188     
  0.765766629957383     
  -5.95230124332352     
  0.119580266732834     
   3.10684789372506     
  -5.42589413948416     
 -0.133747807500172     
  -1.10817843037367     
 -0.188449042301746     
 -3.769554556040695E-002
   2.74067097552879     
 -0.941298967092791     
   2.50269601879149     
 -0.567125558694312     
 -0.182569137533968     
  -1.87133301604331     
  -2.89587630792366     
 -0.448104486961552     
  -3.73947553905633     
  -4.41852059224145     
   5.13871066705592     
   2.42232269830495     
   8.02401442425739     
 -0.340896714968344     
 -0.483251037431569     
 -0.484309877984566     
 -0.108339301000213     
  -1.27607059333458     
  0.278765478277742     
 -7.586571972671217E-002
   1.56393774898218     
   1.78948886264287     
 -3.262885054633641E-003
  1.519171302661445E-002
 -0.661105677195632     
   1.17562965241723     
   2.24580187297951     
  -1.04220202900738     
 -0.634380726356306     
 -0.201572962078262     
 -0.716324139234569     
  -1.83571684190904     
 -0.212719590650215     
  0.902640705640758     
 -0.677458205387875     
  8.306909564360829E-002
  -2.91675473703434     
  -1.03296589598264     
 -0.535070396281504     
  -1.09028604303047     
   1.00111443092829     
 -0.139300612268048     
   1.48774299071902     
 -0.314865914912727     
 -6.699245000924640E-002
  0.554276560780738     
 -0.407428187593970     
   1.01577938606185     
   2.03835588454746     
  0.822527076087106     
  5.439866957660586E-002
   1.36398285745808     
   2.71698748524320     
  0.790955085261648     
 -0.401222261983208     
  0.634875335434728     
  0.306095317784557     
  0.722472820235862     
 -0.962898548457875     
 -0.621120965979718     
 -0.698269436295180     
  0.742964203091602     
  -1.82308499412301     
  0.425053123325039     
 -3.995964762259373E-002
  0.479122357230756     
 -0.506224704337599     
  -1.15557412299500     
  0.227444833789081     
  0.967182271487912     
 -0.633644803326917     
  -1.01809567278283     
  -3.65051029812274     
  0.220641127090480     
  0.613522144403290     
   1.50735842313503     
  0.216763806898930     
  0.983984105746171     
   2.88742633502231     
  -2.34801167503249     
   2.35038947578763     
   2.63958045901744     
   2.18244547895589     
 -0.951883892261000     
  -1.18522674218762     
  0.613799911028965     
 -0.690579232396278     
  -1.17682918207707     
  0.625611812950827     
   2.03161231830001     
  -2.34121326298579     
  -1.19672738377670     
  -3.14418876020557     
   4.63769798971275     
 -0.441793987643434     
   3.63021136645658     
   1.57924476374084     
  -3.85212390472460     
   1.50136234690872     
   1.23667358856508     
  -1.14062558191354     
  -2.18506416779164     
   6.07149389457564     
  -1.03274058913975     
 -0.569674952861492     
   1.02378272558076     
   1.15828470041780     
  0.501133344905190     
 -0.787732056485683     
  0.572506684282395     
  0.329911926786918     
  7.363855066098586E-002
  0.871881647852215     
  6.441865541893421E-002
  -1.82825477201378     
  6.412948815169678E-002
  -2.79366201402112     
  -1.55464780858008     
 -0.619341472680051     
 -0.610790018714855     
 -0.787658567450625     
  -1.45271314877529     
  -2.23990863191296     
   2.00138404907521     
 -0.157448937552365     
  0.919832156018615     
 -0.218963897813947     
  0.671208307895942     
   2.36382137852155     
   2.51195368273364     
  0.386544830375792     
   2.37590787811835     
 -0.357569279600970     
 -0.931095125048799     
  0.641819546480435     
   1.35959380819222     
  7.395445891802663E-002
  -1.28822619431642     
 -5.085510654335996E-002
  0.332441133868017     
 -0.332664811627304     
  0.146314057108006     
 -0.927156209863512     
   3.21584582944644     
  0.856524071645156     
  -1.15198327338608     
  0.153775924452392     
  -2.91581866884495     
  9.746189288624432E-002
 -6.887001545027079E-002
  -1.32523732709349     
  0.989788790363620     
  0.634568217564048     
  -4.97863592403490     
  0.166317296555223     
  0.604612272577039     
  -2.29072819948844     
  -7.93299015212344     
  0.428232815812507     
   1.05138174055632     
  0.834342953527512     
   2.21166681082494     
   10.4437245240239     
  0.434737007514640     
  1.276319758268664E-002
  -3.65780852846439     
 -6.133027565080686E-002
   1.08807385198376     
  0.796604021064203     
  0.407441778325499     
   2.31297672074626     
   3.61064299665532     
  -2.35371011511684     
  -1.33561502461660     
 -0.173738596895682     
   1.64434199217622     
  -2.05567781998159     
   6.12820400708377     
 -0.790471498639155     
  -1.15754308831084     
   4.29019588207288     
  2.166690325466116E-002
   1.46858503984187     
   4.46056425725976     
 -0.431548609659666     
  -3.31418621245875     
  -2.62168188740443     
 -0.367644784179567     
  0.466192509287224     
  -5.87940227054549     
 -0.849707112241472     
 -0.615127874313689     
 -0.125309319826924     
  0.683699619800645     
 -5.403612671642088E-002
   2.48839504739918     
 -0.354354302305982     
  -1.20294944004811     
 -0.802152104316416     
 -0.471745383394215     
  -1.07273645892406     
  0.990589548912732     
  -3.65105773379703     
 -0.657187989746273     
   2.54403582035620     
  -3.70003397081125     
  0.434811390806565     
 -0.958196758029321     
 -3.504710127282280E-002
   1.37552539920004     
   1.57784437513656     
  -1.65448939302508     
   1.64783924056769     
   1.88938272031637     
 -0.993116817977313     
   1.27169433163450     
  8.001872920868271E-002
  0.650504651256456     
  -1.02187743023412     
  -3.64149908720262     
   1.02527195469948     
   4.45580304794364     
   8.26096772556250     
  -1.10313269381415     
 -8.295548429285710E-002
   5.48539993939696     
  0.485346207949842     
  -1.25726236465700     
  -1.38448537440809     
  -1.41766013392795     
 -0.806899817664421     
 -0.855455850858210     
 -0.961779949215991     
  -1.23973444931802     
 -0.407163096921372     
 -0.818326472414804     
   2.78770223985954     
  -2.88083350260848     
  0.825930018306933     
 -0.206138469756575     
  -3.25178392946077     
  -2.24903750419243     
  -1.33020616416579     
  -1.81766001180923     
   1.05426356603408     
   2.85332879307454     
   1.57968047302419     
  0.844386240381170     
 -0.647036037242159     
   1.21016115366752     
  0.997556764123510     
 -0.380721851191871     
  -1.96090394189515     
  0.518039013393231     
 
  -3.07964756395429     
  0.356953793061341     
  -1.60499376628818     
  -6.82352862733653     
  -7.44900524879957     
   7.06083259805642     
   3.38615667287721     
   4.57658762675695     
  -3.65805149515741     
  0.426121839321555     
  -2.33204982999318     
 -0.410797882945020     
   1.67608715671825     
 -0.785945019351829     
   4.26056467533471     
  0.477694090232968     
  -3.14177040279901     
  -1.93121325018980     
  -3.17527609067319     
   3.10673314353788     
  -6.80905788517290     
   1.89730949568085     
  0.535154347227305     
  -1.94327650833506     
   4.38316405234913     
  8.438962823867524E-002
  0.620863909562607     
  -3.40645619281327     
  -2.19865273843723     
  -1.35539658016845     
 
  5.719290863831349E-002
  0.125711318331646     
 -0.265810343140161     
  0.146310836706043     
 -0.190705627693390     
 -0.111631886117446     
  8.849174459629301E-002
 -1.448130086802986E-002
 -5.880986523535471E-002
 -0.686004840040470     
  9.647822041010595E-002
  9.458433864555721E-002
  0.430232205615628     
  3.467477385365833E-002
 -2.477434370995923E-002
 -0.168122922777218     
  8.244933886970758E-002
  4.806855459551090E-002
 -3.766240375302923E-002
 -0.125411802317418     
  7.601725251673891E-002
 -4.807084236262116E-002
  0.101825900202603     
 -0.147718813706198     
  3.017207818682560E-002
  7.528718972862136E-002
 -0.192132731011716     
 -5.534104023051559E-002
 -9.959199187116757E-002
  6.122242095603123E-002
 
 -6.796993440332245E-004
 
  tansig  tansig 
