 0.176127620405219054E+01
 0.162741048699467816E+01
 0.885794876179862634E+01
 0.516352914715171707E+01
 0.286888197735464123E+01
 0.138623400345137826E+01
 0.918620607556678404E+00
 0.711205746129560112E+00
 0.544755152178959001E+01
-0.758790678234657734E+00
-0.402176989726884315E+00
 0.949753886918983992E+00
-0.564183713719390467E+00
 0.171192881374244132E+01
-0.339069290599169126E+00
-0.172892019571674826E+00
-0.425701868483038592E+00
-0.102152227285239275E+00
 0.226579713807928362E+01
-0.102214663136134601E+00
-0.678076078685707073E-01
 0.637483334214525410E+00
 0.141979440073302959E+00
 0.449679956207220788E+00
 0.191940712682226372E+00
 0.170459829777626054E+00
 0.321497132136218000E+00
 0.259419092857996469E+00
-0.919332339469294046E+00
 0.254134549020479716E+00
 0.297760833406812808E+00
 0.166883930298742135E-01
 0.307739200564958071E+00
-0.834506180591111368E+00
 0.151785635442512862E+00
 0.195450442670453028E+00
 0.582828606240461622E+00
 0.442289570336737992E-01
-0.673472746193860106E+00
 0.220858851882020341E+00
 0.305560593532737457E+00
 0.970609935343972191E-01
 0.675231466972503469E+00
 0.103498532382904096E+01
-0.480862725084538478E-01
-0.696840589309936087E-01
 0.222080195800918367E+00
-0.395321773193581472E+00
 0.186925537746421333E+01
 0.168086161017924840E+00
 0.268994985898584449E+00
 0.142227914093955898E+01
 0.209274378007280132E+00
 0.499730956258875259E+00
 0.355782260873407849E-01
 0.634465759249624867E-01
 0.156311619091128495E+01
-0.234472988563100893E+00
 0.563220573479452824E+01
 0.275605777954651354E+00
 0.566037710715871167E+00
 0.404713905789814543E+01
-0.248575508701648440E+01
 0.422063776879716190E+01
 0.278119081555358250E+00
 0.682117659740216986E+00
 0.879505685380349433E+01
 0.645281312820552166E+01
 0.241564579353116429E+02
 0.529997029985866064E+01
 0.143449514964049758E+02
 0.277370359967588875E+02
-0.242651665660153881E+01
-0.461472227091154608E+01
 0.650468466255341760E+01
 0.207279350292217295E+02
 0.282903205828566762E+01
-0.793817398901197513E+00
 0.158714983158278500E+03
 0.938848386131139989E+02
 0.374069482799456932E+01
 0.444594726058857237E+01
-0.721600993063865881E-01
 0.456974718050681794E+01
-0.799785660277240629E+00
-0.344458453457398339E+00
 0.244711786604888459E+01
-0.586489574974236594E+00
-0.173607441074862989E+01
-0.777884606061406525E+00
-0.406173176445202677E+00
 0.628351368752397166E+00
-0.439920226942097481E+00
 0.253362516971933527E+01
 0.218443331467609581E+00
 0.145335016569273168E+00
-0.271613981780730707E+00
 0.134109768128171547E+00
 0.180379919309734227E+01
 0.655919161288862351E-01
 0.514896391340520163E-01
 0.470549670383024643E+00
 0.125061608066557223E+00
-0.823154690822013535E+00
 0.826457254355291056E-02
 0.678600729462245852E-02
 0.406484291022031707E+00
 0.493411084338790801E-01
-0.279742574144122014E+00
 0.213051644728755152E+00
 0.173294336313080694E+00
 0.457011953397597342E-01
 0.164061084359168080E+00
 0.445768621539001320E+00
-0.233929241415930002E-01
-0.226340576074610875E-01
 0.237245577767917853E+00
-0.619819383611657504E-01
-0.443992374875706586E+00
 0.124821131954930775E+00
 0.130101221465348610E+00
 0.501633215287639531E-01
 0.237637158464415021E+00
-0.547399387425960948E+00
 0.825464070187528487E-01
 0.984067848643184612E-01
 0.206722983342183086E+00
 0.141882301013661588E+00
 0.513413876997679930E+00
 0.442999470588396407E-01
 0.579938578124173931E-01
 0.456639085743858530E+00
-0.114399870148105647E-01
 0.327487140512354502E+00
 0.161263929136581996E+00
 0.250045154080830001E+00
 0.458912790892377909E+00
-0.623184238830155057E+00
 0.134549609187069730E+01
 0.257635290522231164E+00
 0.498173245553653998E+00
 0.938466617615376864E+00
-0.144248249641207793E+01
 0.205907356440018718E+01
 0.410574837171737872E+00
 0.867450144007358981E+00
-0.639570754140451947E+00
 0.477313297664811342E+00
-0.556073699114230102E+01
 0.857039185215765498E+00
 0.217800469701933075E+01
 0.683270594639020690E+01
 0.327000292143219795E+01
 0.449385627498859641E+01
-0.143382098164838911E+01
-0.406778624297993474E+01
 0.117156875968195582E+02
 0.955181558794999930E+01
-0.143092332339959736E+02
 0.863961249493107264E+00
 0.146941266086087791E+00
 0.374231436566945153E+01
-0.128312624101271289E+01
-0.102663084701070995E+01
 0.356369363760957647E+01
 0.118641669959919294E+01
 0.204011243314603918E+01
 0.550355880217856863E+00
 0.266390462139496664E+01
 0.271719913473102426E+00
 0.114074844452907095E+00
 0.799880100542419425E+00
 0.429599061652330555E-01
-0.963067619694275345E+00
-0.143061903879472291E+00
-0.656895449227310052E-01
-0.187564782215592918E+00
-0.390492346903200116E-01
 0.887402684926101304E+00
-0.765773208003921318E-01
-0.449149973144442188E-01
 0.204445427451074108E+00
 0.459487928798729475E-01
-0.262915863699571539E+00
 0.179427202158571261E-01
 0.121578393721628632E-01
 0.120730760860405656E+00
 0.349530533355371861E-01
-0.186176284951876658E+00
-0.503859158871948001E-01
-0.424468322321659500E-01
 0.731616424322468345E-01
-0.459527718797800300E-01
-0.156450225618883082E+00
 0.303638490440961105E-01
 0.285194791345421625E-01
 0.126366477987855969E+00
 0.242949241011929558E-01
-0.166454172709029097E+00
-0.350953587301708076E-02
-0.370224283744328758E-02
 0.108000554733708121E+00
-0.551521120685100150E-02
-0.226287772208561069E-01
 0.501555154300209471E-01
 0.595268559874768885E-01
-0.378146753521227744E-01
 0.571566361014065605E-01
 0.228407323722980699E+00
 0.835304961890099250E-02
 0.109226923203999821E-01
 0.124406577733379375E+00
-0.753029572833378066E-02
 0.247572794333638990E+00
 0.572862588578863935E-01
 0.938674726724316733E-01
 0.154422529127847069E+00
-0.165079587151840346E+00
 0.276641475740195653E+00
 0.103848369441048180E+00
 0.181287910841090472E+00
 0.181538824484281464E+00
-0.429317203174002307E-01
-0.562056491313011497E+00
 0.692107568902906589E-01
 0.142151407889893638E+00
 0.675529551595330346E+00
 0.156980496245599010E+00
 0.123386900744154149E+01
 0.258213531443999778E+00
 0.592304874351629929E+00
 0.152656420215132571E+01
-0.475713231575659923E+00
-0.399672333184895201E+00
 0.392866844733506637E+00
 0.105983299843836742E+01
 0.361318187771402122E+00
 0.257744746778402911E+01
 0.679583213512685358E+01
 0.665711705206669335E+00
