 0.983222303550740584E+00
 0.612067288432062462E+01
 0.264092257430670774E+01
 0.179976805397032491E+01
 0.542846110052543240E+00
 0.258888505609557618E+00
 0.265190163068849394E+01
 0.505599005196860296E+00
 0.104761018224127134E+01
 0.910454728528435453E+00
 0.580954783291543819E+00
 0.529147214419846246E+00
 0.644623838708017871E+00
 0.105366387639217018E+01
 0.681942146875289534E+00
 0.473502612621902297E+00
-0.112377235474198631E+00
-0.223166184192910733E+00
 0.148700926903542507E+01
 0.262898720046183865E+00
 0.215674035182358809E+00
 0.791111333489621704E+00
 0.191786909228522678E+00
-0.838183823266794997E-02
 0.147762703618407432E+00
 0.153536206779662149E+00
 0.112560685288916229E+01
 0.191194995081354457E+00
 0.845256554376160318E-01
 0.263346326986367840E+00
 0.333949213722916638E+00
 0.121480494806334516E+01
 0.882356072251528206E-01
 0.119711285349118637E+00
 0.592707327638338666E+00
 0.795802756183186633E+00
 0.587549557602131789E+00
 0.466936873861901414E+00
 0.241001447035911892E+00
 0.107051682879160184E+00
 0.165312707511681478E+00
 0.234197557161786429E+01
 0.300879869475177364E+00
 0.856614272565376700E+00
 0.713355619591928281E+00
 0.125106282808734770E+01
 0.233446929104062573E+01
 0.282866461239694678E+01
 0.219723097790843047E+01
 0.108673741153387748E+01
 0.197734385722996997E+01
 0.665323022249227147E+01
 0.105810371008180759E+01
 0.351034388867846925E+01
 0.290011317938132906E+01
 0.573458360266540801E+01
 0.122888158254470419E+02
 0.878642474990616584E+01
 0.146906584880996105E+01
 0.125170840611648693E+01
 0.327890581281460047E+01
-0.100239991442720129E+02
-0.689102629680792278E+00
 0.248649856884423173E+02
 0.170222514246415315E+02
 0.498950294105647316E+02
 0.812514284667908413E+02
 0.863366492708120319E+02
 0.298029771391505633E+02
 0.362668835616315022E+02
 0.998958065082430835E+02
 0.135345370795338056E+03
 0.839255214529815134E+02
 0.227150046454518076E+03
 0.382364951384171718E+03
 0.131127007843143633E+04
 0.597531851741441187E+03
 0.634584824706278596E+03
 0.305330768972297903E+03
 0.205533619953630392E+03
 0.162927274743319983E+01
 0.502718601768954088E+01
 0.175634680512125918E+01
 0.998933728367237816E+00
 0.267108690206446742E+01
 0.129482498291365800E+01
 0.118721249145902541E+01
 0.131278230827371756E+01
 0.355638774492686438E+00
 0.804888290816896168E+00
 0.413892278240373557E+00
 0.125881041430977669E+01
 0.500102665751969933E+00
 0.566703849992407305E+00
 0.914846941016139059E+00
 0.555745875085000951E+00
 0.316077042096360006E+00
 0.509691213209189531E+00
-0.397081974012417072E+00
 0.287088353118713446E+00
 0.190355184824003154E+00
 0.550157459318763919E+00
 0.131175506100311728E+00
-0.179313957480666059E+00
-0.362321612559204573E-01
-0.283520244444239386E-01
 0.547722781225030819E+00
 0.592266246534285112E-01
 0.248426490055295712E+00
 0.308545801540590026E+00
 0.302541512506968202E+00
 0.395974724240945208E+00
 0.272643878255945826E+00
 0.265383641751045840E+00
 0.131237158307124652E+00
 0.152823398257978166E+00
 0.725511951968966784E+00
 0.288598495101135388E+00
 0.571907381707218582E-01
 0.188565220124888550E+00
 0.252590704443826974E+00
 0.551319084235328938E+00
 0.540763140457596214E+00
 0.710742890089838153E+00
 0.528523545066489353E+00
 0.802258518923281594E+00
 0.139475751650361579E+00
 0.832383821871371610E+00
 0.895463868089702575E+00
 0.450863154604803640E+00
 0.674638760026004425E+00
 0.188666016104631762E+01
 0.121267382893758779E+01
 0.754142373261307841E+00
 0.131033460092670007E+01
 0.245697605019517384E+01
-0.434016504369178657E+00
 0.145599725968170102E+01
 0.510836315266959606E+00
 0.148723346882044760E+01
 0.387932201177602698E+01
 0.408828266415113628E+01
 0.963457770267999436E+01
 0.367441135099543237E+01
 0.365663350975445134E+01
 0.104052106545097818E+02
 0.103644164625539315E+02
 0.241102697046849954E+02
 0.122838697002741011E+02
 0.264329660592746549E+02
 0.625164970162068698E+02
 0.692432759431482037E+01
 0.477223815425639373E+02
 0.415072277181629730E+02
 0.701292894490978114E+02
 0.198076384466635517E+03
 0.120497035509792141E+03
 0.197669383631114016E+03
 0.146323680282575282E+03
 0.412123943055958861E+02
 0.131982117718100644E+01
 0.435254915801456299E+01
 0.213524578814474042E+01
 0.491536206465183056E+01
 0.183858783988254482E+01
 0.624554066835069754E+00
 0.212413350870176920E+01
 0.721244270953292133E+00
-0.104367413917053087E+01
 0.812183149711330210E+00
 0.388589104522899409E+00
 0.886834938319614907E+00
 0.405212384006558457E+00
-0.562427843104412850E+00
 0.541205108902291676E+00
 0.337890264287130926E+00
-0.303547609755772885E+00
 0.365090407649978688E+00
 0.481881455251838620E+00
 0.869698094296239566E-01
 0.650774389713969226E-01
 0.488600501260255948E+00
 0.956810572104365570E-01
 0.725592420796822291E-01
 0.173455013115010714E+00
 0.122895574677884686E+00
 0.276916700395587634E+00
 0.111773081975302641E+00
 0.111432659830999425E+00
 0.120163755085377078E-01
 0.102672974105742307E-01
 0.265990012888752736E+00
-0.685770784022491503E-01
-0.145053331083554810E+00
 0.246715222998741580E-01
 0.248584822858625189E-01
 0.278934287435844808E+00
 0.136487373542864526E+00
 0.190739877185201023E+00
 0.119787597342246130E+00
 0.146931909554906232E+00
 0.103082288712067802E+00
 0.278876377109630924E+00
 0.258802707415995814E+00
 0.223007570372201314E+00
 0.285138740508341704E+00
 0.701013956386142695E-01
 0.121843572116678484E+00
 0.967952062475025410E-01
 0.203343065639766951E+00
 0.282343455684500921E+00
 0.327050881930907755E+00
 0.111072771162002329E+00
 0.441942701588669717E+00
 0.201653654191882359E+00
 0.352928765984074799E+00
 0.112324749914566935E+01
 0.931486596777853948E+00
 0.585200734530699651E+00
 0.357997173758427323E+00
 0.888354238955516240E+00
 0.285471787911914321E+01
 0.158758173891155030E+01
 0.127066932555501810E+01
 0.974992486977752093E+00
 0.227810996580588965E+01
 0.963186348749970733E+01
-0.401834140525995781E-01
 0.373811497607739129E+01
-0.246640976767992326E+01
-0.554370253033308380E+01
 0.903471183598423977E+01
 0.123676331196632230E+02
 0.308023263762318500E+01
 0.121086489680295828E+01
 0.327871606398074134E+01
 0.212259557941867136E+02
 0.233864967971206816E+02
 0.316960164664679560E+02
 0.271940554040047608E+02
