 0.577614661594068579E+01
 0.100097454143853799E+02
 0.409394694226285338E+01
 0.537638216041199080E+01
-0.398704081259787513E+01
-0.169158521592726663E+01
 0.541111147927119518E+01
 0.173694237100375259E+01
 0.155286196117370623E+01
 0.238874780582284307E+01
 0.141580107019758272E+01
 0.250863753262324307E+01
 0.102947865059013233E+01
 0.247018228842436516E+01
 0.490252627652360828E+00
 0.374407479307396596E+00
 0.209687060558376537E+01
 0.786216095187461272E+00
 0.212465959782508396E+01
 0.976571935502735106E-01
 0.780657810718483197E-01
 0.203018199245602604E+01
 0.628490040833207142E+00
 0.315245887001586289E+00
 0.625888351647771457E+00
 0.550560484123091554E+00
 0.114791679111819134E+01
 0.552849050851806467E+00
-0.154380610779667332E+00
 0.521843939182314448E-01
 0.564540116827568356E-01
 0.199582189821759370E+01
 0.598082001766528371E+00
 0.513076818783154809E+00
-0.422512421702114851E-01
-0.528161861104895353E-01
 0.285257586549387998E+01
 0.747632701244129616E+00
 0.634028253570766309E+00
 0.129833843154135375E+00
 0.172483469997992911E+00
 0.341573748056868842E+01
 0.993225490841159520E+00
 0.172458934720362222E+01
 0.146509715867745444E+00
 0.228580799520319122E+00
 0.538892100891717529E+01
 0.154960560435033545E+01
 0.152599871405936072E+01
 0.943639583558479877E+00
 0.163896537733310921E+01
 0.763407272345421806E+01
 0.269144064990799858E+01
 0.876983742675457645E+00
-0.172340465295035550E+00
-0.323892658857345861E+00
 0.104679257562521375E+02
 0.505823090800577013E+01
 0.675859737026364815E+01
-0.271331011160085334E+01
-0.563739030060754853E+01
 0.219067051308013809E+02
 0.105093854687332637E+02
 0.997006322168945580E+00
 0.400878875172971849E+01
 0.977466046915505338E+01
 0.754759432641207866E+02
 0.256251154795860359E+02
-0.481663293168289997E+01
 0.206758079731435345E+02
 0.654161886848698373E+02
 0.170251648757180305E+03
 0.810753026658776861E+02
 0.908451258275937477E+02
 0.570343393011835218E+02
 0.250043858974439388E+03
 0.878072315517916650E+03
 0.355441682931462253E+03
 0.292423567508933047E+03
 0.504661437377377922E+03
 0.697460220958643529E+01
 0.114444139541353813E+02
 0.491233164165680591E+01
 0.431370764772737392E+01
 0.123840548968721027E+02
 0.496315455991905452E+01
 0.408763346419785023E+01
 0.196871391399286866E+01
 0.581702690224676688E+00
 0.697359801871704904E-01
 0.341037579044785460E-01
 0.272090888365887729E+01
 0.962781945930734961E+00
 0.266088631977932266E+01
 0.148261702347783325E+00
 0.922098379078079844E-01
 0.176177359115606080E+01
 0.598792309605261641E+00
 0.168549490599171503E+01
 0.291016168367749031E-01
 0.202018615961317045E-01
 0.163681679595010698E+01
 0.415671728183406419E+00
 0.496093656622136170E+00
-0.159134199991950408E-01
-0.136104694598542953E-01
 0.673194022004557691E+00
 0.355516750142413462E+00
 0.895148714592889250E+00
-0.754199105892164497E-02
-0.769698890488918278E-02
 0.105775093072939264E+01
 0.362823087427482094E+00
 0.622262396876059332E+00
 0.374492725237706298E-01
 0.381808322843992937E-01
 0.141567058945087565E+01
 0.369910722329348907E+00
 0.504156966595329381E+00
 0.453533899639906937E-01
 0.502936650124369278E-01
 0.183308800797767524E+01
 0.410204528660636558E+00
 0.128426778006589720E+00
 0.706442901891457947E-01
 0.911445898147565242E-01
 0.200886298641040550E+01
 0.529241972774096237E+00
 0.106181120180822508E+01
 0.257135215753739765E+00
 0.406927115610443757E+00
 0.323218589620604657E+01
 0.837547314589529357E+00
 0.302719213399554155E+00
 0.144158234281353936E+00
 0.241696203704924367E+00
 0.424785344128793252E+01
 0.140423477971058031E+01
-0.298054199735697178E+01
 0.759897015527494113E+00
 0.146550559513660983E+01
 0.661128248967310927E+01
 0.270814845235672896E+01
 0.168750962183599751E+01
 0.208286196079039509E+01
 0.500331692912142678E+01
 0.152953931840677999E+02
 0.650533988969130927E+01
 0.187676490239707339E+00
 0.788767227987239572E+01
 0.251203378108498185E+02
-0.143212885561413472E+02
 0.207179418471080190E+02
 0.122956969410860566E+02
 0.858187630166639792E+01
 0.332380673509702333E+02
 0.862166899380112426E+02
 0.802417003323557907E+02
 0.205053552953413345E+03
 0.340199437224667989E+02
 0.187100694117448185E+01
 0.128054527995141036E+02
 0.441308132424489052E+01
-0.492875137317779710E+00
 0.227866874045124090E+01
 0.822614054869218458E+00
 0.515494921636452030E+01
 0.159315071039497158E+01
-0.854647678303458780E+00
 0.194582460094971071E+00
 0.875709415301812316E-01
 0.207973079382526826E+01
 0.716990152353256471E+00
-0.861365423209653480E+00
 0.330839164404291064E+00
 0.182903279668535368E+00
 0.953153227129560077E+00
 0.396385508322703695E+00
 0.868556722325159125E+00
-0.112233465073206515E+00
-0.732162041241542633E-01
 0.777193661069549679E+00
 0.258584569854291180E+00
 0.268323659162423567E+00
 0.629239551605262626E-01
 0.484583938440304382E-01
 0.623741802480097696E+00
 0.199138672958835083E+00
 0.903738314498797879E-01
 0.197482438713727677E-01
 0.169317431478360966E-01
 0.594740887209376901E+00
 0.170737453076912293E+00
 0.145288282594978002E+00
 0.363792257137130620E-01
 0.316939606308886332E-01
 0.507959134957252645E+00
 0.148748248756653989E+00
 0.266449604234380744E+00
 0.180823687453503558E-01
 0.176074063515998837E-01
 0.610602825879289712E+00
 0.144841137620353444E+00
 0.743623764457061048E-01
 0.217571411999374249E-01
 0.256201777260510917E-01
 0.672378210297055801E+00
 0.170558055112845108E+00
 0.351457494576291551E+00
 0.510115490959970538E-01
 0.711941936829891403E-01
 0.871957709346625198E+00
 0.238039099480134964E+00
-0.466327039338218993E-01
 0.607020445421625407E-01
 0.956251765949774069E-01
 0.104450578319633802E+01
 0.374987878842974687E+00
-0.685843213259418882E+00
 0.417477897358338068E+00
 0.755120900987047317E+00
-0.104543762839255727E+01
 0.678266290797378879E+00
 0.186348711643624321E+00
-0.330703355224327977E-01
-0.775233022392339405E-01
 0.369061932497542955E+01
 0.158998818214291937E+01
 0.180919300956480478E+01
 0.127191825585011453E+01
 0.364584044863413670E+01
 0.711294019462315052E+01
 0.455755957636795550E+01
 0.371154492386278534E+01
 0.280419243286469388E+01
 0.104170952640042724E+02
 0.375015589051680607E+02
 0.169305543093200264E+02
 0.413932225775787472E+02
 0.252784889689185839E+02
