 0.535930177722895196E+00
 0.496635273039658909E+01
 0.110959687574505561E+01
 0.497618249910398003E+01
 0.213854575949197406E+00
 0.101989294129591360E+00
 0.268296225184232151E+01
 0.285219595491525924E+00
 0.199069942652295451E+01
 0.342949516296805146E+00
 0.218833683517881322E+00
 0.117295003031264522E+01
 0.137250082433790360E+00
 0.829991293813302944E+00
 0.365680010551437007E+00
 0.253907814868311987E+00
 0.679556808571639803E+00
 0.491835702940777997E+00
 0.482035630784083402E+00
-0.202164570566381041E+00
-0.165849604354485036E+00
 0.729894139065203507E+00
-0.199713856947846380E+00
-0.566430063506039305E+00
 0.479059356751139545E-01
 0.497777549115662604E-01
 0.112482923244653255E+01
 0.115443082401165728E+00
 0.589080339661626137E-01
 0.203448185041424756E+00
 0.257992439862110678E+00
 0.108858408977138343E+01
 0.195000243697819431E+00
 0.784862813917115432E-01
 0.108730223846078000E+00
 0.145987417030757072E+00
 0.152815447818160743E+01
 0.413642148786590891E+00
 0.171354603166304686E+00
 0.691731558333303131E+00
 0.106819448049624222E+01
 0.127820711574757517E+01
 0.104695437030990135E+01
 0.329788895072790633E-01
 0.387567554002140768E+00
 0.679704970239363271E+00
 0.267003816523739657E+01
 0.166596951261760973E+01
 0.138134064588086258E+01
 0.218644673361721198E+01
 0.397829040575341564E+01
 0.391111938708005535E+01
 0.338215228896764808E+01
 0.109210893936598485E+01
 0.179891207807669762E+01
 0.355710659119036920E+01
 0.107655255478079468E+02
 0.725399205837292804E+01
 0.111969476038519353E+00
 0.549183340945404197E+01
 0.143861017480396232E+02
 0.409063475207361478E+02
 0.999689638205598641E+01
 0.134204681666702204E+02
 0.124284079379021293E+02
 0.364297156773538759E+02
-0.307977217047637009E+01
 0.540104042792129846E+02
 0.513633013444092867E+02
 0.440589544643133308E+02
 0.121358781287149014E+03
 0.204875897665155918E+03
 0.595661244840238595E+02
 0.312218846863535589E+03
 0.252570952203597045E+03
 0.866158708078763198E+03
 0.293371074718472791E+02
 0.773928442495595846E+03
 0.268672925488166015E+03
 0.194739618904891586E+03
 0.154370829453034597E+01
 0.513114017940355094E+01
 0.232509190465820570E+01
 0.308971666086759145E+01
 0.250832095142818945E+01
 0.121592323730266583E+01
 0.288802085629860450E+01
 0.221822211654819723E+01
 0.118131074705850270E+01
 0.110805755719947685E+01
 0.569788965752373144E+00
 0.145304853180832283E+01
 0.103893310473396028E+01
 0.225170882535965511E+00
 0.581500897126581602E-02
 0.353246767789787159E-02
 0.820095106179040800E+00
 0.986059651719512452E-02
 0.705785896728372220E+00
 0.150256949235731158E+00
 0.996285256164022026E-01
 0.732562940574254085E+00
 0.154664648478954725E+00
 0.174598896385910612E+00
 0.429980403318852400E+00
 0.336463917220156061E+00
 0.275763431111795965E+00
 0.302061423088261616E+00
 0.196091835801128184E+00
 0.399378460176808281E+00
 0.391606571216624455E+00
-0.642368500725901993E-02
 0.345185361558958292E+00
 0.470802506579756308E+00
 0.620741227268513732E-01
 0.722842409982693279E-01
 0.788261415135455890E+00
 0.144418658767116126E+00
 0.216669603331648780E+00
 0.377189013634762538E+00
 0.505259870295146407E+00
 0.413615022097234442E+00
 0.416940856518981051E+00
 0.312371962468364683E+00
 0.410218763011824583E+00
 0.622680863171394594E+00
 0.386266675972516960E+00
 0.506616824670875876E+00
 0.677132390646184690E+00
 0.369095313340650433E+00
 0.552287322617453391E+00
 0.219200715086475206E+01
 0.100071869915777378E+00
 0.242083455695230321E+00
 0.962990943399405941E+00
 0.180568053595919120E+01
 0.177364007950643154E+01
 0.184942557734985003E+01
 0.122924318270855326E+01
 0.157866958798220614E+01
 0.411782535181779785E+01
 0.992233628100183296E+01
 0.216409022564444475E+01
 0.705242643025724458E+01
 0.388169283066205173E+01
 0.110456329548462886E+02
 0.285946022760578833E+01
 0.107742603957334460E+02
 0.276784002264970006E+02
 0.132920505195395524E+02
 0.314369728611102417E+02
 0.108969359618762631E+02
 0.516833617728146208E+02
 0.943014299190801886E+01
 0.331933932760765913E+02
 0.937529437408119009E+02
 0.760670204983762517E+02
 0.543023304025421396E+02
 0.316127816372487985E+03
 0.284289612998452874E+02
 0.910433518872267977E+00
 0.472929405767573829E+01
 0.147836191964591790E+01
 0.505984180176102338E+01
 0.154286526318009876E+01
 0.524099395087508579E+00
 0.199507339357484015E+01
 0.533625293464689454E+00
 0.502860670760694073E+00
 0.779118951792366121E+00
 0.372769535912463701E+00
 0.538828311615546340E+00
 0.394019790147716820E+00
 0.513193916985697940E+00
 0.378337816546047478E+00
 0.236207424356815271E+00
-0.253442394168572838E+00
 0.303290990846189434E+00
 0.386419855314898752E+00
 0.588688328284534823E-01
 0.440501468364274673E-01
 0.452237374854567276E+00
 0.768823293688757070E-01
 0.318358462193423369E-01
 0.103591422582411802E+00
 0.733961341406936252E-01
 0.277519386689939140E+00
 0.883847758108677328E-01
-0.903865663767869365E-01
 0.504421408874683383E-01
 0.430998899917658107E-01
 0.200353502392067367E+00
 0.114906678284425481E+00
 0.968939010114387711E-01
 0.595152657268037677E-01
 0.599662704565132737E-01
 0.300862908490372283E+00
 0.122958329561481464E+00
 0.173090518359077863E-01
 0.184630275488550766E+00
 0.226468178184368291E+00
 0.799596394025240409E-01
 0.134045315493969946E+00
 0.111143096074420952E+00
 0.970682604100996382E-01
 0.124112026647691276E+00
 0.301883582066472755E+00
-0.173945671518012830E-01
 0.163256239979528900E+00
 0.237872259097192673E+00
 0.330287514027947371E+00
 0.464728117770480342E+00
 0.338670429418456431E+00
 0.745538433758826807E-01
 0.489071030673467466E-01
 0.855958876747668906E-01
 0.450730776947020240E+00
 0.277964426314768254E+00
 0.931767664277510566E+00
 0.989270470530465157E-01
 0.245483115618749803E+00
 0.179323484677992917E+00
 0.150413694838575696E+01
 0.178151378189173504E+01
 0.140336283326435640E+01
 0.327901486298742162E+01
 0.316874405065470599E+01
 0.129313295310535503E+01
 0.562205652229236819E+01
 0.468429558541193991E+01
 0.105288024844727612E+02
 0.287099854700357771E+01
-0.159910713919806469E+01
 0.166291009457807561E+02
-0.164795377287209388E+01
-0.446224225516767348E+01
 0.441435649694948680E+02
 0.208238136471974435E+02
 0.538021780869534467E+02
 0.162787112758984733E+02
