 0.118822692364565130E+01
 0.405813938551524434E+01
 0.135198039805851167E+01
 0.112139926846409175E+02
 0.141686325014252357E+01
 0.686930254995730238E+00
 0.282320352653744600E+01
 0.914258751860275720E+00
 0.297688321099017106E+01
 0.191596098126833786E+00
 0.110676771285910427E+00
 0.236273479984513468E+01
-0.836585370517528432E-01
-0.330502608089994376E+00
 0.465347204068388420E+00
 0.330839120432392164E+00
 0.162037641577760594E+01
 0.301239975732153720E+00
 0.173436160885596408E+00
 0.809851828410058650E-01
 0.681831186442066334E-01
 0.126156679855448828E+01
-0.233962981029650144E-01
 0.396185728638654200E+00
-0.428558696533196323E-01
-0.432931054724633030E-01
 0.137456485384868321E+01
 0.872177161897294828E-01
 0.931353958683304450E-01
 0.624417980044046153E-01
 0.713755491488888838E-01
 0.146493121248771940E+01
 0.914429797953400236E-01
-0.333600603190158315E-01
 0.448383999371681496E+00
 0.583559056498565765E+00
 0.795817497815856534E+00
 0.446996482328677169E+00
 0.292342526138052061E+00
-0.374198348815939288E-01
-0.569807426917611631E-01
 0.283587417419622501E+01
 0.140100978294340178E+00
 0.208813284699847605E-01
 0.643417705176774879E+00
 0.106173725876443203E+01
 0.294796349516695200E+01
 0.160376460944108801E+01
 0.169649894215928998E+01
 0.305254121480542685E-01
 0.550324833662161686E-01
 0.106438022377637349E+02
 0.329046530642295332E+00
 0.542736319604267381E+00
 0.934202007099359522E+00
 0.174279283682613895E+01
 0.187747881812757100E+02
 0.437689071201299029E+01
 0.101291543621826730E+01
 0.412776636239697015E+00
 0.850473626549776651E+00
 0.403441141902122382E+02
 0.490508399771991588E+01
 0.247458680003541787E+01
 0.643308434556966802E+01
 0.144975616167005761E+02
 0.880603759552472809E+02
 0.146226434315735307E+02
 0.776547834922831548E+01
 0.151336872765396913E+01
 0.376611370461974637E+01
 0.244806941384308239E+02
 0.957527290008544867E+02
 0.477306147355762320E+02
 0.846312109724381116E+02
 0.271998427296377940E+03
 0.170161881305382025E+03
 0.296993992808640314E+03
-0.776568522011924944E+01
 0.170088614722611197E+03
 0.265882495978359934E+01
 0.810848336114296231E+01
-0.156923777248272844E+01
 0.734734831612940020E+01
 0.360411691849840521E+01
 0.158735895952762318E+01
 0.556745873463131247E+01
 0.595845477611643637E+00
 0.355155502271604284E+01
 0.984978089971694004E+00
 0.533496873216189993E+00
 0.245713363524015804E+01
 0.816886401146554864E+00
 0.241740047827425419E+01
 0.821378209797768433E-01
 0.559642239383013052E-01
 0.149798338477932602E+01
 0.232271285556205735E-01
 0.844989484975309013E+00
 0.603297309017227779E-01
 0.451720166822911773E-01
 0.815889482069228955E+00
 0.695373633740494351E-01
 0.671986980523130328E+00
 0.933608373311700102E-01
 0.766916187853375064E-01
 0.102801534507919645E+01
 0.151926687073449196E+00
 0.642140073144914364E-01
 0.178560567544280013E+00
 0.161669278918765674E+00
 0.928949108473444030E+00
 0.217561565771931920E+00
 0.142021362407990848E+00
 0.506395151404980953E-01
 0.553762131249761133E-01
 0.103662392025757999E+01
 0.464766956210036775E-01
-0.164238800493019949E-01
 0.648997055080940688E-01
 0.872417025709667643E-01
 0.147766577610596550E+01
 0.194267483125658724E+00
 0.175014954939522932E+00
-0.658552761841511847E-01
-0.928802389689586533E-01
 0.237892007960694407E+01
-0.744861637285556544E-01
 0.118569113265651796E+00
 0.214585767075557876E+00
 0.325256718809804668E+00
 0.420797013983393864E+01
 0.732014267889130932E+00
 0.197182353631954771E+00
 0.546178175871248395E+00
 0.899052309220603307E+00
 0.357578621407722430E+01
 0.183483400324052681E+01
-0.109538275141032676E+00
 0.327742073467678807E+00
 0.627230516430793417E+00
 0.858779177219627776E+01
 0.205452066335340300E+01
 0.997112518357046951E+00
 0.230961030093637598E+01
 0.509372146740283416E+01
 0.207746036149783926E+02
 0.430166990759673062E+01
 0.221150157301157924E+01
-0.197398961590005029E+01
-0.452869956272409802E+01
 0.323033417998989520E+02
 0.294603690160393139E+01
 0.362202609865353853E-01
 0.247394476042533196E+01
 0.787902583070073970E+01
 0.220336346315506653E+02
 0.637951087041970766E+02
 0.500606903342699816E+01
 0.189199461093343437E+02
 0.139886526598702798E+01
 0.995375610252681753E+01
-0.181059567405718824E+01
-0.171020318072693356E+01
-0.258866600198448815E+00
-0.105535306476113061E+00
 0.382133554382968343E+01
-0.456899023422087713E+00
 0.492133927313912534E+00
-0.183618025326705542E+00
-0.905285709869673716E-01
 0.187318800235915472E+01
-0.586437325707372809E-01
-0.203059159705244879E+00
 0.441109942796534316E+00
 0.263736241110631431E+00
 0.659624727968787350E+00
 0.153723927471250049E+00
-0.120428566302831705E-01
 0.312931188107782934E-01
 0.196735525832008387E-01
 0.620659691071742237E+00
 0.654379888684381433E-01
 0.123280726179714681E+00
 0.206417987817078041E+00
 0.139360698228552016E+00
 0.108570708006634570E+00
 0.191166779934425463E+00
 0.168289850493761772E+00
 0.731783421341218321E-01
 0.590673849183539768E-01
 0.412136586203047939E+00
 0.805049823435383949E-01
 0.472996708815300940E-01
 0.204195740575162064E-01
 0.199357336509807595E-01
 0.442385190359138369E+00
 0.542655070877805304E-01
 0.222224407164862033E-01
 0.822867471336613809E-01
 0.939556731118805222E-01
 0.331905661611620773E+00
 0.964053585737261604E-01
 0.177007245896759424E+00
 0.136679317645042712E-03
 0.166845050113768759E-03
 0.754006157688658751E+00
 0.546984150752633513E-01
 0.460438506555164231E-01
 0.114200287372223180E+00
 0.153445043161700378E+00
 0.813034732854840847E+00
 0.244628857503262742E+00
 0.258125629507565402E-01
 0.960528378861341334E-02
 0.150128668268781646E-01
 0.105656086284091177E+01
 0.149575160213574948E+00
 0.222099541606342148E-01
 0.338618854525253532E+00
 0.600500990565230652E+00
 0.591557127909620561E+00
 0.686717007887155950E+00
 0.350367257195275505E+00
 0.461339532148450471E+00
 0.949706279125348996E+00
 0.399590662701557831E+01
 0.362328699619025585E+00
 0.115172930833571621E+00
 0.115813066151091038E+01
 0.259328164389968352E+01
 0.301128944173099455E+01
 0.505726536449205444E+01
 0.135933149999662439E+00
 0.205908498341449508E+01
 0.649736812798648611E+01
 0.194673145025207823E+02
-0.348321547785459229E+01
 0.491359101594140046E+01
 0.236999102807877504E+01
