 0.345767564459360788E+01
 0.135186840395978702E+02
 0.409394694226285338E+01
 0.600755177440416155E+01
 0.104898516245919549E+02
 0.445053832139441408E+01
 0.403033038939591126E+01
 0.173694237100375259E+01
-0.210808936889892617E+01
 0.184747585718163920E+01
 0.109499139649066279E+01
 0.205167550212326200E+01
 0.102947865059013233E+01
 0.389880336502409230E+01
 0.807834940648596844E+00
 0.616946094247466492E+00
 0.199478646607998678E+01
 0.786216095187461272E+00
 0.788520853708033154E+00
-0.627095500977682963E+00
-0.501291285472617698E+00
 0.162315066106014716E+01
 0.628490040833207142E+00
 0.108310448502645573E+01
-0.357083867287007417E+00
-0.314107566195317600E+00
 0.189469001935135717E+01
 0.552849050851806467E+00
 0.552937736403966262E+00
 0.327326599650867911E+00
 0.354107776162391530E+00
 0.188226757035293013E+01
 0.598082001766528371E+00
-0.156397066190283429E+00
 0.530626958797008885E-01
 0.663310491515558820E-01
 0.324659889685549219E+01
 0.747632701244129616E+00
-0.836963045040630960E-01
 0.402305871953588468E+00
 0.534460901020574530E+00
 0.147715576411772020E+01
 0.993225490841159520E+00
 0.256544298735545429E+01
 0.477648568114011407E+00
 0.745215366384264000E+00
 0.431780284171907969E+01
 0.154960560435033545E+01
 0.200800750771761782E+01
-0.337793708274254688E-02
-0.586698780115505782E-02
 0.942986587071997562E+01
 0.269144064990799858E+01
 0.101440589581293028E+01
 0.376996874806249160E+00
 0.708519151047130036E+00
 0.196806874392397830E+02
 0.505823090800577013E+01
 0.614278610069572117E+01
-0.413658989845316127E+00
-0.859451032575574647E+00
 0.459238495508929105E+02
 0.105093854687332637E+02
 0.701805123035115042E+01
 0.854984028475084834E+01
 0.208471413747815539E+02
 0.662295106046423570E+02
 0.256251154795860359E+02
 0.877835549742598076E+01
 0.238181218619323225E+02
 0.753581555730853125E+02
 0.255106865981808824E+03
 0.810753026658776861E+02
 0.978306398498445162E+02
 0.191357145152601671E+01
 0.838927558424360953E+01
 0.779810552296989272E+03
 0.355441682931462253E+03
 0.193621033695969061E+03
-0.112208853504709538E+03
-0.155076663209335486E+01
 0.196923640666302937E+02
 0.491233164165680591E+01
 0.510002301052471108E+01
-0.516193406979919001E+01
-0.206874701621325974E+01
 0.823694536029905500E+01
 0.196871391399286866E+01
 0.459729644501943735E+01
-0.750404727291016704E+00
-0.366978725777159620E+00
 0.401682644852859294E+01
 0.962781945930734961E+00
 0.977129400351576249E-01
 0.237069419938721132E+00
 0.147442882681660836E+00
 0.257355522140490889E+01
 0.598792309605261641E+00
 0.941584302326597955E+00
 0.862973541782831727E-01
 0.599061974803747066E-01
 0.111505432470538146E+01
 0.415671728183406419E+00
 0.128710072759883576E+01
 0.162013006681956756E+00
 0.138566887548715684E+00
 0.125212332176363672E+01
 0.355516750142413462E+00
 0.472487361004350737E+00
 0.809502181735708565E-01
 0.826138517352499463E-01
 0.152297796405024966E+01
 0.362823087427482094E+00
-0.711985929324537303E-01
-0.322827898078372616E-01
-0.329134239535140843E-01
 0.143427765730192247E+01
 0.369910722329348907E+00
 0.299809498698343557E+00
 0.177149426705537211E+00
 0.196446041430363261E+00
 0.168310496265862430E+01
 0.410204528660636558E+00
-0.412123345513543890E-01
 0.165031682758369741E+00
 0.212922303999053236E+00
 0.203879595971618510E+01
 0.529241972774096237E+00
 0.926262392521777445E+00
 0.110720848737229025E+00
 0.175220323215979301E+00
 0.353699737978814799E+01
 0.837547314589529357E+00
 0.147365469907540558E+01
 0.697438675099840144E+00
 0.116932814090680703E+01
 0.306240305015398073E+01
 0.140423477971058031E+01
 0.215941197886645808E+01
-0.359171518524842026E+00
-0.692683165292447223E+00
 0.126712054285007287E+02
 0.270814845235672896E+01
 0.217009665149390063E+01
 0.759876492444283458E+00
 0.182532639716804113E+01
 0.191555844918571623E+02
 0.650533988969130927E+01
 0.316691618745480508E+01
 0.798743365225869617E+01
 0.254380537713889936E+02
 0.783881519172877432E+02
 0.207179418471080190E+02
 0.225251480643832203E+02
 0.162219106262891941E+02
 0.628283301931680001E+02
 0.765758472356346687E+02
 0.802417003323557907E+02
 0.164451063222679323E+03
-0.840559143564833136E+02
-0.462285300912733010E+01
 0.163672100886437981E+02
 0.441308132424489052E+01
 0.153056113243577063E+01
-0.421340789152158557E+01
-0.152106731835719478E+01
 0.649458622007106179E+01
 0.159315071039497158E+01
-0.247230689743350451E+01
 0.691985126639060644E+00
 0.311424724690436638E+00
 0.269485903756331524E+01
 0.716990152353256471E+00
 0.178251001223648076E+01
 0.543773672879450942E-01
 0.300623380989795790E-01
 0.127431922602159764E+01
 0.396385508322703695E+00
-0.381436330388411515E+00
-0.827782284841858812E-01
-0.540008959874919425E-01
 0.716337974807209399E+00
 0.258584569854291180E+00
 0.432451607323612819E+00
 0.109483959986500665E+00
 0.843147389431447708E-01
 0.491252362802455211E+00
 0.199138672958835083E+00
 0.244338256692704675E+00
 0.136498850715798068E-01
 0.117031341892885939E-01
 0.599183709343190096E+00
 0.170737453076912293E+00
-0.762483884723091504E-01
-0.750811542819738997E-01
-0.654114841987294970E-01
 0.465642670506655643E+00
 0.148748248756653989E+00
 0.312456952665342187E-01
 0.684239766235571478E-01
 0.666267112218432433E-01
 0.630585703633178896E+00
 0.144841137620353444E+00
 0.776529800075005661E-01
-0.189661098715691520E-01
-0.223335915879799146E-01
 0.537483897568716840E+00
 0.170558055112845108E+00
-0.540901702871851783E-01
 0.304291350117549264E-01
 0.424683776522031750E-01
 0.772804741779589244E+00
 0.238039099480134964E+00
 0.454123666857604302E+00
 0.265688005875960087E+00
 0.418543768544883343E+00
 0.524592625478868313E+00
 0.374987878842974687E+00
 0.216845548498166035E+00
 0.138965117287552804E-01
 0.251355737000556120E-01
 0.276168219920718183E+01
 0.678266290797378879E+00
 0.688398734958148073E+00
 0.537535509057631589E+00
 0.126008784231197013E+01
 0.335104126219089071E+01
 0.158998818214291937E+01
-0.163185760829169757E+01
 0.170962182262522200E+01
 0.490047875649735154E+01
 0.164294021687204364E+02
 0.455755957636795550E+01
 0.403435314883915641E+01
 0.443736926569625556E+01
 0.164840678623117078E+02
 0.221697676917406064E+02
 0.169305543093200264E+02
 0.210967522050368714E+02
 0.316074647353555740E+02
