 0.247741906010876427E+02
 0.429597732459640014E+02
 0.365757474350242546E+02
 0.132703075983180874E+02
 0.300768706798594536E+02
 0.925994628906596695E+01
 0.138257786827265878E+02
 0.832860533299863270E+01
 0.408560906843596250E+01
-0.672231340124365762E+01
-0.298671880923247990E+01
 0.505744777556286262E+01
 0.208739714055791559E+00
 0.181523304902906646E+01
 0.131717840719630752E+01
 0.787054697145615934E+00
 0.386711649812651048E+01
-0.492860072296096963E+00
 0.108465769697313186E+01
 0.848048209607340286E+00
 0.624262154292517080E+00
 0.225103651351984313E+01
 0.123497642773901495E+01
 0.798434266957441463E+00
 0.571566749100649654E-01
 0.484979788453886868E-01
 0.230986995121515770E+01
 0.566539543900448472E+00
 0.677479021466250719E+00
 0.562801196978160556E+00
 0.552094675868807228E+00
 0.130364555956747874E+01
 0.673404634925524048E+00
 0.664590911982087862E+00
 0.959686057900220463E-01
 0.109459388846515140E+00
 0.287970661123576166E+01
 0.111432834269709224E+01
 0.758015753794257230E+00
 0.693094934276570873E+00
 0.860072243104257672E+00
 0.213421395965002203E+01
 0.195225407343931989E+01
 0.940633493959486477E+00
 0.260944091384831600E+00
 0.362847308550340641E+00
 0.525939782879005957E+01
 0.109597227872719194E+01
 0.130796727300544879E+01
-0.107623698889582023E+00
-0.187400818889973286E+00
 0.817610940421020693E+01
 0.186498653167476980E+01
 0.227751081380304976E+01
 0.272014701757419175E+01
 0.545974818805262085E+01
 0.837889950368723646E+01
 0.537137894947271466E+01
 0.457131010147406425E+01
 0.112942700528054663E+00
 0.231285391009194569E+00
 0.264513967524660352E+02
-0.262519755244258413E+00
 0.936118261118685524E+01
 0.143670090236600121E+02
 0.329995780483392309E+02
 0.374955776027031717E+02
 0.173327227715287755E+02
 0.215016970960264793E+02
 0.149486559504338139E+02
 0.353564006163131737E+02
 0.952099843227635603E+02
 0.117530850155373656E+03
 0.508555832028275319E+02
 0.422860451328125819E+02
 0.121532640317241388E+03
 0.373442976031874196E+03
-0.600941162544452325E+02
 0.146162008816398583E+03
-0.194483394618106935E+02
-0.125527534745006841E+01
 0.370948930931842469E+02
 0.109478414652224068E+02
 0.943389366281263086E+01
 0.679460862185653891E+01
 0.207895439071119981E+01
 0.535665374816203244E+01
 0.123225623264687805E+02
 0.288649953857798280E+01
 0.557404763785987178E+01
 0.246476371917981441E+01
-0.254318729346255168E+01
 0.478420875584080640E+01
 0.127636859250953227E+01
 0.124614053407088710E+01
 0.733019985055747725E+00
 0.303882959225253790E+01
 0.142202447810154964E+01
 0.750801102304678669E+00
 0.412668474137977026E+00
 0.268440806047572922E+00
 0.171401106995921348E+01
 0.788452331085739977E+00
 0.488396050861609532E+00
 0.698010810870448029E+00
 0.529103829066486342E+00
-0.323616995213138248E+00
 0.991891445455858833E+00
 0.370212347126224917E+00
 0.317694353257005208E-01
 0.301953989894019510E-01
 0.153865019319722185E+01
 0.459463038711152905E+00
 0.351869947251976956E+00
 0.160318871216882985E+00
 0.172483739677120385E+00
 0.112507024558351287E+01
 0.689987231728789840E+00
 0.378569559037792713E+00
 0.206746511396679378E+00
 0.212541101834634122E+00
 0.168099684619307510E+01
 0.604325850044263313E+00
 0.389179922095828690E+00
-0.614457362591829814E-01
-0.773093869462747468E-01
 0.218401797104337403E+01
 0.705490723997991620E+00
 0.489655800723373724E+00
 0.369995395105063796E+00
 0.586639429691951597E+00
 0.253155459987246667E+01
 0.401078755196166148E+00
 0.776364796648747579E+00
 0.179709241527318264E+00
 0.292867204475502407E+00
 0.315553119647575908E+01
 0.184079427655961703E+01
 0.126522033989635951E+01
 0.159918357095420682E+01
 0.306667535041619299E+01
 0.620605885900009913E+01
 0.497608664776207732E+01
 0.242625055664511313E+01
 0.349888033618368688E+01
 0.752186949373547531E+01
 0.754738203542735597E+01
 0.700405170832517743E+00
 0.521593718352004032E+01
 0.360479243714449837E+00
 0.859497045428136985E+00
 0.451255928422259274E+02
 0.346056738383199747E+01
 0.124364514089068141E+02
-0.539782067948498767E+01
-0.146613127548055431E+02
 0.777142297226528740E+02
 0.712713205591505812E+02
 0.337793184495564986E+02
 0.125080452289260819E+03
 0.247857684056868948E+02
 0.152916085479574821E+02
 0.231242004317020147E+02
 0.669366274800829508E+01
 0.773469843470935103E+01
 0.234309470927426977E+01
 0.715611540923771994E+01
 0.437143022352412913E+01
 0.202773073868572373E+01
 0.906065618624167790E+00
 0.388940078028684022E+00
 0.264809311605309627E+01
-0.162420019461358600E+01
 0.870428957367514577E+00
-0.729288480518827664E-01
-0.382611226133266757E-01
 0.168029814989807824E+01
 0.889217312678707184E+00
 0.456658646799629420E+00
-0.412127886289221979E+00
-0.243764192890879666E+00
 0.854427500925650674E+00
 0.135161283983187663E+00
 0.270103116452627467E+00
-0.472680171350739042E-02
-0.347294669625013369E-02
 0.737947032181753171E+00
 0.930604690854278799E-01
 0.198454215511181531E+00
 0.617542313784090885E-01
 0.524111069854292302E-01
 0.641829734493505000E+00
 0.245673078325522459E+00
 0.168429027269902998E+00
 0.532877515152734571E-01
 0.477702038241743093E-01
 0.512861609714752031E+00
 0.237784038136576975E+00
 0.150989462565042698E+00
 0.139241220449283887E+00
 0.131295838443242358E+00
 0.416290256066172704E+00
 0.191683012605320446E+00
 0.142373702410863862E+00
 0.231213780103964057E-02
 0.270228876121542203E-02
 0.620781854206922334E+00
 0.206798118391861546E+00
 0.166397891918255242E+00
 0.190137368217655894E+00
 0.253913384986914181E+00
 0.583787820503605115E+00
 0.232916494442673400E+00
 0.222211195977454062E+00
-0.735952578608752885E-02
-0.113577354264811706E-01
 0.901950994829077257E+00
-0.183859623854751908E+00
 0.342931874426598227E+00
 0.380697020378990059E+00
 0.663454178376446380E+00
 0.144868596689484752E+01
 0.132082833453437742E+01
 0.597639521213730540E+00
-0.544728313281621981E-01
-0.111379123514823250E+00
 0.321757315809203437E+01
-0.302618072330724242E+00
 0.122197734958179716E+01
 0.486061176727435595E+00
 0.110313973480054339E+01
 0.951729694455777242E+01
 0.332537961908656321E+01
 0.277333766590012587E+01
 0.293824653361048405E+00
 0.778198012875165768E+00
 0.190108662759255047E+02
-0.522887602386236949E+01
 0.734521707401914004E+01
 0.000000000000000000E+00
