 0.198134873855593732E+02
 0.301472844672958686E+02
 0.208948275219042507E+02
 0.132703075983180874E+02
 0.211171876791306410E+02
 0.650147502930943588E+01
 0.118749670979122222E+02
 0.355448610382292562E+01
 0.408560906843596250E+01
-0.357857531206129309E+01
-0.158995833083460414E+01
 0.376533372282619183E+01
 0.432673751817097241E+01
 0.181523304902906646E+01
 0.357485352426301395E+01
 0.213608516698029538E+01
 0.610343233952096886E+00
 0.559335220151185086E+00
 0.108465769697313186E+01
 0.656226829391101996E+00
 0.483059299671082742E+00
 0.137944497038269254E+01
 0.171028796699442065E+01
 0.798434266957441463E+00
 0.124381633989793450E+01
 0.105538991963467677E+01
 0.101587322859366003E+01
-0.742406732136290604E+00
 0.677479021466250719E+00
 0.571130064473871157E+00
 0.560265098080217405E+00
 0.160132538932238466E+01
 0.790429531077723402E+00
 0.664590911982087862E+00
 0.272590581414911493E+00
 0.310909991880851999E+00
 0.258050450048397950E+01
 0.854630769951761349E+00
 0.758015753794257230E+00
 0.583381257700928302E+00
 0.723926841882822525E+00
 0.215254654655839239E+01
 0.182489564706901697E+01
 0.940633493959486477E+00
 0.104107847157683420E+01
 0.144763776560956825E+01
 0.312595604957137629E+01
 0.178985432481623152E+01
 0.130796727300544879E+01
 0.317329335796996626E+00
 0.552552811320676129E+00
 0.831129102460531577E+01
 0.128800381428135369E+01
 0.227751081380304976E+01
 0.244512305557742327E+01
 0.490773332691397890E+01
 0.851815091569708649E+01
 0.476673417956304668E+01
 0.457131010147406425E+01
 0.114462553023151892E+01
 0.234397762831024226E+01
 0.346040649111659704E+02
 0.454186961797572142E+01
 0.936118261118685524E+01
 0.654001191406813204E-01
 0.150217510993377240E+00
 0.635017117805206155E+02
 0.147860056473247212E+02
 0.215016970960264793E+02
 0.368019317658533112E+02
 0.870435340329021727E+02
 0.119627252454904820E+03
-0.139021220140081603E+02
 0.508555832028275319E+02
 0.490461176973682900E+01
 0.140961495981709497E+02
 0.620531979521164430E+03
 0.699514315335642465E+02
 0.146162008816398583E+03
 0.964668583032659086E+02
 0.622636545972622635E+01
 0.282353044504650725E+02
 0.811447049953462596E+01
 0.943389366281263086E+01
 0.177572743700469076E+02
 0.543321412213813471E+01
 0.100136430875688571E+02
-0.113496989500917289E+01
 0.288649953857798280E+01
 0.242764228325461379E+00
 0.107346851187123657E+00
 0.487269648821011714E+01
 0.219192037239444693E+01
 0.127636859250953227E+01
 0.380668927465548534E+00
 0.223921719816322667E+00
 0.254748996215405654E+01
-0.214045639008818567E+00
 0.750801102304678669E+00
-0.411802748731109558E+00
-0.267877651746724510E+00
 0.165409301062779401E+01
 0.603518929750776825E-01
 0.488396050861609532E+00
 0.163500132237283213E+00
 0.123935825451963591E+00
 0.128642340725875748E+01
 0.314977604753485352E+00
 0.370212347126224917E+00
-0.149279186776512616E-01
-0.141883057074161656E-01
 0.113002078430972541E+01
 0.530123045166119633E+00
 0.351869947251976956E+00
 0.172210821313121265E+00
 0.185278041490024248E+00
 0.129221425886529162E+01
 0.368847369753509458E+00
 0.378569559037792713E+00
 0.403607453750153000E+00
 0.414919566715873711E+00
 0.113531489072269332E+01
 0.890697431274104612E+00
 0.389179922095828690E+00
 0.239011699422375240E+00
 0.300718147104464595E+00
 0.924354011816847843E+00
 0.100557274818226738E+01
 0.489655800723373724E+00
 0.709845610542600841E-01
 0.112548272126413634E+00
 0.291155704093819923E+01
 0.430120588285337835E+00
 0.776364796648747579E+00
 0.677426365294146682E+00
 0.110398310156764157E+01
 0.430163272575571032E+01
 0.187226850764733221E+01
 0.126522033989635951E+01
 0.283698847669140941E+00
 0.544035268302131780E+00
 0.105630046004387435E+02
 0.182613168251749669E+01
 0.242625055664511313E+01
 0.338691111926096244E+01
 0.728115882172457773E+01
 0.994310904806410001E+01
 0.625622407253778334E+01
 0.521593718352004032E+01
 0.728194262624098343E+01
 0.173624647781085244E+02
 0.298194334370559311E+02
 0.571752041697997893E+01
 0.124364514089068141E+02
 0.969486221214463839E+01
 0.263327397197937607E+02
 0.276996267527382152E+02
 0.811153331648314548E+02
 0.337793184495564986E+02
 0.595820088091228257E+02
 0.118066879713010842E+02
 0.985868129215203126E+01
 0.189260993593289619E+02
 0.669366274800829508E+01
 0.826299283721923739E+00
 0.250313247026897390E+00
 0.745561776392958109E+01
-0.468386361379659943E+00
 0.202773073868572373E+01
-0.592907990132942708E+00
-0.254513222007368978E+00
 0.243617544182880108E+01
 0.170440237047666909E+01
 0.870428957367514577E+00
-0.306187591245575985E+00
-0.160637131728610799E+00
 0.152205465476094659E+01
-0.415720868116459863E+00
 0.456658646799629420E+00
 0.568971768677187684E+00
 0.336533752224565497E+00
 0.640966043409028297E+00
-0.510962309746834653E-02
 0.270103116452627467E+00
 0.226344168034998849E+00
 0.166302984181950164E+00
 0.362042682406908178E+00
 0.319441938137440651E+00
 0.198454215511181531E+00
 0.138999530668737180E-01
 0.117969556258629201E-01
 0.478950793417060483E+00
 0.133274782668679398E+00
 0.168429027269902998E+00
 0.134703316364556347E+00
 0.120755796511375288E+00
 0.477139268236082659E+00
 0.218407111227920614E+00
 0.150989462565042698E+00
 0.974393815076345648E-01
 0.918792958806017163E-01
 0.365511319627249420E+00
 0.224600374523148322E+00
 0.142373702410863862E+00
 0.163877646685379075E+00
 0.191530419446976241E+00
 0.289794416184853132E+00
 0.287314703542610850E+00
 0.166397891918255242E+00
-0.649845507304399883E-01
-0.867817168318607973E-01
 0.604543006374131497E+00
-0.133464332531070984E+00
 0.222211195977454062E+00
 0.173208316692104264E+00
 0.267307200468539174E+00
 0.106586297758368209E+01
 0.430563747622789150E+00
 0.342931874426598227E+00
 0.339591005713024696E-01
 0.591817271002208212E-01
 0.222578369086489181E+01
 0.412885313255425546E+00
 0.597639521213730540E+00
 0.766171543620147721E+00
 0.156657021325589074E+01
 0.252779011148787269E+01
 0.108725249205945151E+01
 0.122197734958179716E+01
 0.112094323062318549E+00
 0.254403576620055527E+00
 0.836689620755717200E+01
 0.313196393227764247E+01
 0.277333766590012587E+01
 0.153214894620020359E+00
 0.405791430951396082E+00
 0.240558259513828361E+02
-0.207826020676170814E+00
 0.734521707401914004E+01
 0.000000000000000000E+00
