 0.355546009844662914E+01
 0.484393136674319003E+01
 0.766657160971359053E+00
 0.347932607621405365E+01
 0.187516822548375539E+01
 0.909127812554863635E+00
 0.299773525615624203E+01
-0.253561097212722797E-01
 0.294342906678734151E+01
 0.130020564675115669E+01
 0.751072513464578151E+00
 0.159892266546231254E+01
 0.442706226003098724E+00
 0.111967023716796543E+01
-0.161463153843623197E+00
-0.114792411629089416E+00
 0.138810764594651581E+01
-0.612518505621011608E-01
 0.516736688351826304E-01
 0.129445448104437699E+00
 0.108982829160057568E+00
 0.110595634449135227E+01
 0.241069150718465963E+00
 0.491012258896094567E+00
 0.412434550862322002E+00
 0.416642402905652742E+00
 0.575461568982220451E+00
 0.108395035160182021E+00
-0.543284438864190949E-01
 0.304608775448224310E-01
 0.348190143750408132E-01
 0.153806080682617830E+01
 0.406536664952147006E-01
-0.455334793078343483E-02
 0.314446420289869966E+00
 0.409243096544129603E+00
 0.180513357274531261E+01
 0.394086806206033480E+00
 0.332965432988455545E+00
 0.338334504163556454E-01
 0.515196055420622454E-01
 0.332983959225598669E+01
 0.163736110230866816E+00
 0.276568429802690030E+00
 0.151221045130673137E+00
 0.249537767818219014E+00
 0.531140014184147802E+01
 0.629594171970680128E+00
 0.750864957351578433E+00
 0.103030454128455107E+01
 0.185747590418670838E+01
 0.372589834378920370E+01
 0.332697089272249302E+01
 0.266612673430696034E+01
-0.133630745137163831E+00
-0.249293732656280659E+00
 0.167534030510025360E+02
 0.248884241878119972E+00
 0.798023831712817877E+00
 0.425141060388822822E+00
 0.875948945943096913E+00
 0.147563629057212928E+02
-0.318438987722756250E+01
 0.176488716986702308E+02
 0.565773820927821891E+01
 0.127502460552471977E+02
 0.734487527323865663E+02
 0.288653362104846956E+01
 0.989410838943547155E+01
 0.217209601867679929E+02
 0.540539819160259398E+02
 0.152802851870697310E+03
 0.699815365418000823E+02
 0.394342714033728399E+02
 0.687987180543590000E+02
 0.221113970788943192E+03
 0.434944583549558729E+03
 0.269700625161070320E+03
 0.135408136779823934E+03
 0.956762016008888452E+02
 0.149561023404533189E+01
 0.667568664428287484E+01
-0.267391371188540838E+00
 0.358732046721671649E+01
 0.142942683063547116E+01
 0.629561564707433519E+00
 0.412612305582989691E+01
 0.135358727342768592E+01
 0.587953599714620800E+00
 0.269119945779154768E+00
 0.145764307912083252E+00
 0.205041238392359837E+01
 0.851623151910825049E+00
 0.132732022082794821E+01
 0.132278727498050142E+00
 0.901274983883134234E-01
 0.136992879451302629E+01
 0.477439898025284137E+00
 0.132862991909185796E+00
 0.101921357271509055E+00
 0.763138370109801845E-01
 0.797649610770356010E+00
 0.122288037483244197E+00
 0.761927718805991860E+00
 0.108729259668409670E+00
 0.893160684037445363E-01
 0.926613564261875799E+00
 0.122384138231593012E+00
 0.280636402497378479E+00
 0.254028235308366046E+00
 0.229997933990245429E+00
 0.376739459153924539E+00
 0.320238960245326498E+00
 0.576936682422144798E+00
 0.122321267344560600E+00
 0.133762903365013175E+00
 0.116784028895558434E+01
 0.147515125526188090E+00
 0.911254970817421961E-01
 0.293390358284980127E-01
 0.394391225265196058E-01
 0.149339932433259115E+01
 0.135705766023023311E+00
 0.144230840729488469E+00
 0.139886089420498516E+00
 0.197291001824632078E+00
 0.164119446805596447E+01
 0.191212034719304758E+00
 0.175332813156705902E+00
 0.423258671910276885E+00
 0.641551062353814205E+00
 0.153868026820978665E+01
 0.139476476093632740E+01
 0.245200583735652428E+00
 0.365054158755235003E-01
 0.600907906830840943E-01
 0.553751697395719056E+01
 0.379881182267604312E+00
 0.575791263727875702E+00
 0.171969105916534859E+00
 0.329113287082463346E+00
 0.437157223961446562E+01
-0.248741597177256663E+00
 0.495575223692721956E+01
 0.187476301639109577E+01
 0.413468913738936461E+01
 0.177427278033873738E-01
 0.750498071387397125E+01
 0.462057210102877924E+01
 0.783684018852904529E+01
 0.179791699252419619E+02
 0.134903356471686156E+02
 0.166001960815342926E+02
 0.278587747922255913E+01
 0.523123997934564144E+01
 0.166604669526948079E+02
 0.966746365559676377E+02
 0.634059189014704501E+02
 0.279543409017869067E+02
-0.328634588652006121E+01
-0.242979292124104351E+00
 0.725841333861161875E+01
-0.154772473687192669E+01
 0.491692196308149576E+01
-0.486496646568044366E+00
-0.198336025797844429E+00
-0.391446419490300956E+00
 0.190740887377042112E+01
 0.417138824645471384E+01
-0.455059919002093805E+00
-0.224356645309773423E+00
 0.157214882534881739E+01
 0.618603704705396190E-01
-0.223321304940466175E+00
 0.478320066788585144E-01
 0.285983887968708807E-01
 0.974166667904455941E+00
 0.178925921300206875E+00
 0.114301237252258138E-01
-0.310344687767487269E-01
-0.195109428709539824E-01
 0.482468076538295765E+00
-0.374499467575758679E-01
-0.338259342017460829E+00
 0.359796278540553890E-01
 0.242912263256243773E-01
 0.494592166919614717E+00
 0.420214370964551373E-01
 0.727387981887199914E-01
-0.571485006738662038E-01
-0.461285728586638064E-01
 0.346293475947037355E+00
-0.588274615508700485E-01
-0.142429200983898857E+00
 0.416943574045512549E-01
 0.407064124660315094E-01
 0.493510124952830642E+00
 0.671474458959887832E-01
 0.555885660258911701E-01
 0.217530801304970586E-01
 0.248378427524624905E-01
 0.482983739820694979E+00
 0.962021498099520506E-01
 0.932364521889860742E-01
 0.246795263938742356E-01
 0.301264074837102498E-01
 0.533623752639846072E+00
 0.690257708412182341E-01
 0.330308975384596068E-01
 0.170347394372158289E+00
 0.228887018442624185E+00
 0.377891644914655378E+00
 0.406089309883280403E+00
 0.457846507621925483E-01
 0.151394561404832751E-01
 0.236626677431306387E-01
 0.132417562009298639E+01
 0.183791291766352755E+00
 0.155171293244482617E+00
 0.969403974518965456E-02
 0.171912473028904070E-01
 0.100496832547606374E+01
 0.838235875512340356E+00
-0.212768861999099446E-01
 0.431294667212955007E+00
 0.887856394395480697E+00
 0.411735042533262874E+01
 0.108524694924750986E+01
 0.948450958286869317E+00
 0.888939826153827273E+00
 0.199051057908147699E+01
 0.582531534601151346E+01
 0.215705348956040144E+01
 0.312950738903840397E+01
-0.199614722670623257E+01
-0.629877031498844353E+01
 0.693558655949140235E-01
 0.900453930335745412E+01
 0.992830622173836019E+01
 0.434800676446896173E+01
